p	d	Pr(p,d)
1	1	1.00
1	2	0.65
1	3	0.51
1	4	0.41
2	1	1.00
2	2	1.00
2	3	1.00
2	4	1.00
2	5	1.00
2	6	0.25
2	7	0.21
2	8	0.19
3	1	1.00
3	2	1.00
3	3	1.00
3	4	0.41
3	5	0.34
3	6	0.28
4	1	1.00
4	2	1.00
4	3	1.00
4	4	0.34
4	5	0.29
4	6	0.25
5	1	1.00
5	2	1.00
5	3	1.00
5	4	1.00
5	5	0.34
5	6	0.28
5	7	0.24
6	1	1.00
6	2	1.00
6	3	1.00
6	4	1.00
6	5	1.00
6	6	1.00
6	7	1.00
6	8	1.00
6	9	1.00
6	10	1.00
6	11	1.00
6	12	1.00
6	13	0.27
6	14	0.25
6	15	0.24
7	1	1.00
7	2	1.00
7	3	1.00
7	4	1.00
7	5	1.00
7	6	1.00
7	7	1.00
7	8	1.00
7	9	1.00
7	10	1.00
7	11	1.00
7	12	1.00
7	13	1.00
7	14	1.00
7	15	0.24
7	16	0.22
7	17	0.21
8	1	1.00
8	2	1.00
8	3	1.00
8	4	1.00
8	5	1.00
8	6	0.28
8	7	0.24
8	8	0.20
9	1	1.00
9	2	1.00
9	3	1.00
9	4	1.00
9	5	1.00
9	6	1.00
9	7	0.24
9	8	0.20
9	9	0.18
10	1	1.00
10	2	1.00
10	3	0.51
10	4	0.41
10	5	0.34
11	1	1.00
11	2	1.00
11	3	1.00
11	4	1.00
11	5	1.00
11	6	1.00
11	7	0.31
11	8	0.26
11	9	0.22
12	1	1.00
12	2	0.65
12	3	0.51
12	4	0.41
13	1	1.00
13	2	1.00
13	3	1.00
13	4	1.00
13	5	1.00
13	6	0.25
13	7	0.21
13	8	0.19
14	1	1.00
14	2	1.00
14	3	1.00
14	4	1.00
14	5	1.00
14	6	1.00
14	7	1.00
14	8	1.00
14	9	1.00
14	10	1.00
14	11	1.00
14	12	1.00
14	13	1.00
14	14	1.00
14	15	1.00
14	16	1.00
14	17	0.33
14	18	0.31
14	19	0.28
15	1	1.00
15	2	1.00
15	3	0.42
15	4	0.34
15	5	0.29
16	1	1.00
16	2	1.00
16	3	0.42
16	4	0.34
16	5	0.29
17	1	1.00
17	2	0.65
17	3	0.51
17	4	0.41
18	1	1.00
18	2	1.00
18	3	1.00
18	4	0.41
18	5	0.34
18	6	0.28
19	1	1.00
19	2	1.00
19	3	1.00
19	4	1.00
19	5	1.00
19	6	1.00
19	7	1.00
19	8	1.00
19	9	0.22
19	10	0.19
19	11	0.16
20	1	1.00
20	2	1.00
20	3	0.51
20	4	0.41
20	5	0.34
21	1	1.00
21	2	1.00
21	3	1.00
21	4	1.00
21	5	0.34
21	6	0.28
21	7	0.24
22	1	1.00
22	2	0.65
22	3	0.51
22	4	0.41
23	1	1.00
23	2	0.65
23	3	0.51
23	4	0.41
24	1	1.00
24	2	1.00
24	3	1.00
24	4	1.00
24	5	1.00
24	6	1.00
24	7	1.00
24	8	1.00
24	9	1.00
24	10	1.00
24	11	1.00
24	12	1.00
24	13	0.47
24	14	0.43
24	15	0.39
25	1	1.00
25	2	1.00
25	3	0.51
25	4	0.41
25	5	0.34
26	1	1.00
26	2	1.00
26	3	1.00
26	4	0.13
26	5	0.11
26	6	0.09
27	1	1.00
27	2	1.00
27	3	1.00
27	4	0.41
27	5	0.34
27	6	0.28
28	1	1.00
28	2	1.00
28	3	1.00
28	4	1.00
28	5	0.34
28	6	0.28
28	7	0.24
29	1	1.00
29	2	1.00
29	3	1.00
29	4	1.00
29	5	1.00
29	6	0.28
29	7	0.24
29	8	0.20
30	1	1.00
30	2	1.00
30	3	1.00
30	4	1.00
30	5	1.00
30	6	1.00
30	7	0.21
30	8	0.19
30	9	0.17
31	1	1.00
31	2	1.00
31	3	1.00
31	4	1.00
31	5	1.00
31	6	1.00
31	7	1.00
31	8	1.00
31	9	1.00
31	10	1.00
31	11	1.00
31	12	1.00
31	13	1.00
31	14	1.00
31	15	1.00
31	16	0.36
31	17	0.33
31	18	0.31
32	1	1.00
32	2	1.00
32	3	1.00
32	4	0.64
32	5	0.57
32	6	0.51
33	1	1.00
33	2	1.00
33	3	1.00
33	4	1.00
33	5	0.45
33	6	0.37
33	7	0.31
34	1	1.00
34	2	1.00
34	3	0.51
34	4	0.41
34	5	0.34
35	1	1.00
35	2	1.00
35	3	1.00
35	4	1.00
35	5	0.29
35	6	0.25
35	7	0.21
36	1	1.00
36	2	1.00
36	3	1.00
36	4	1.00
36	5	0.34
36	6	0.28
36	7	0.24
37	1	1.00
37	2	1.00
37	3	1.00
37	4	1.00
37	5	1.00
37	6	1.00
37	7	1.00
37	8	1.00
37	9	1.00
37	10	1.00
37	11	0.55
37	12	0.51
37	13	0.47
38	1	1.00
38	2	1.00
38	3	0.67
38	4	0.55
38	5	0.45
39	1	1.00
39	2	1.00
39	3	1.00
39	4	1.00
39	5	1.00
39	6	1.00
39	7	1.00
39	8	1.00
39	9	1.00
39	10	1.00
39	11	0.14
39	12	0.12
39	13	0.11
40	1	1.00
40	2	1.00
40	3	0.51
40	4	0.41
40	5	0.34
41	1	1.00
41	2	1.00
41	3	0.51
41	4	0.41
41	5	0.34
42	1	1.00
42	2	1.00
42	3	0.42
42	4	0.34
42	5	0.29
43	1	1.00
43	2	1.00
43	3	1.00
43	4	0.41
43	5	0.34
43	6	0.28
44	1	1.00
44	2	1.00
44	3	1.00
44	4	1.00
44	5	1.00
44	6	0.28
44	7	0.24
44	8	0.20
45	1	1.00
45	2	1.00
45	3	1.00
45	4	1.00
45	5	0.45
45	6	0.37
45	7	0.31
46	1	1.00
46	2	0.65
46	3	0.51
46	4	0.41
47	1	1.00
47	2	0.65
47	3	0.51
47	4	0.41
48	1	1.00
48	2	1.00
48	3	0.51
48	4	0.41
48	5	0.34
49	1	1.00
49	2	1.00
49	3	1.00
49	4	1.00
49	5	0.34
49	6	0.28
49	7	0.24
50	1	1.00
50	2	1.00
50	3	0.51
50	4	0.41
50	5	0.34
51	1	1.00
51	2	0.65
51	3	0.51
51	4	0.41
52	1	1.00
52	2	1.00
52	3	0.42
52	4	0.34
52	5	0.29
53	1	1.00
53	2	1.00
53	3	1.00
53	4	1.00
53	5	0.34
53	6	0.28
53	7	0.24
54	1	1.00
54	2	1.00
54	3	1.00
54	4	1.00
54	5	0.29
54	6	0.25
54	7	0.21
55	1	1.00
55	2	1.00
55	3	1.00
55	4	1.00
55	5	0.29
55	6	0.25
55	7	0.21
56	1	1.00
56	2	1.00
56	3	1.00
56	4	1.00
56	5	1.00
56	6	1.00
56	7	0.24
56	8	0.20
56	9	0.18
57	1	1.00
57	2	0.23
57	3	0.17
57	4	0.13
58	1	1.00
58	2	1.00
58	3	1.00
58	4	1.00
58	5	1.00
58	6	1.00
58	7	1.00
58	8	1.00
58	9	1.00
58	10	1.00
58	11	1.00
58	12	0.30
58	13	0.27
58	14	0.25
59	1	1.00
59	2	1.00
59	3	1.00
59	4	1.00
59	5	1.00
59	6	1.00
59	7	1.00
59	8	0.20
59	9	0.18
59	10	0.15
60	1	1.00
60	2	1.00
60	3	1.00
60	4	1.00
60	5	1.00
60	6	0.37
60	7	0.31
60	8	0.26
61	1	1.00
61	2	1.00
61	3	1.00
61	4	0.41
61	5	0.34
61	6	0.28
62	1	1.00
62	2	1.00
62	3	1.00
62	4	1.00
62	5	1.00
62	6	1.00
62	7	0.24
62	8	0.20
62	9	0.18
63	1	1.00
63	2	1.00
63	3	1.00
63	4	1.00
63	5	0.34
63	6	0.28
63	7	0.24
64	1	1.00
64	2	1.00
64	3	1.00
64	4	1.00
64	5	0.45
64	6	0.37
64	7	0.31
65	1	1.00
65	2	1.00
65	3	1.00
65	4	1.00
65	5	1.00
65	6	1.00
65	7	0.24
65	8	0.20
65	9	0.18
66	1	1.00
66	2	1.00
66	3	1.00
66	4	0.41
66	5	0.34
66	6	0.28
67	1	1.00
67	2	1.00
67	3	0.51
67	4	0.41
67	5	0.34
68	1	1.00
68	2	1.00
68	3	1.00
68	4	1.00
68	5	1.00
68	6	1.00
68	7	1.00
68	8	1.00
68	9	1.00
68	10	1.00
68	11	1.00
68	12	1.00
68	13	1.00
68	14	0.25
68	15	0.24
68	16	0.22
69	1	1.00
69	2	1.00
69	3	0.51
69	4	0.41
69	5	0.34
70	1	1.00
70	2	1.00
70	3	1.00
70	4	1.00
70	5	1.00
70	6	1.00
70	7	1.00
70	8	1.00
70	9	1.00
70	10	1.00
70	11	0.32
70	12	0.30
70	13	0.27
71	1	1.00
71	2	1.00
71	3	1.00
71	4	1.00
71	5	1.00
71	6	1.00
71	7	0.21
71	8	0.19
71	9	0.17
72	1	1.00
72	2	0.23
72	3	0.17
72	4	0.13
73	1	1.00
73	2	1.00
73	3	1.00
73	4	1.00
73	5	0.34
73	6	0.28
73	7	0.24
74	1	1.00
74	2	1.00
74	3	1.00
74	4	0.41
74	5	0.34
74	6	0.28
75	1	1.00
75	2	1.00
75	3	1.00
75	4	0.41
75	5	0.34
75	6	0.28
76	1	1.00
76	2	1.00
76	3	0.42
76	4	0.34
76	5	0.29
77	1	1.00
77	2	1.00
77	3	1.00
77	4	0.55
77	5	0.45
77	6	0.37
78	1	1.00
78	2	1.00
78	3	1.00
78	4	0.41
78	5	0.34
78	6	0.28
79	1	1.00
79	2	1.00
79	3	1.00
79	4	1.00
79	5	1.00
79	6	1.00
79	7	1.00
79	8	1.00
79	9	1.00
79	10	1.00
79	11	1.00
79	12	0.30
79	13	0.27
79	14	0.25
80	1	1.00
80	2	1.00
80	3	1.00
80	4	0.55
80	5	0.45
80	6	0.37
81	1	1.00
81	2	0.65
81	3	0.51
81	4	0.41
82	1	1.00
82	2	1.00
82	3	0.42
82	4	0.34
82	5	0.29
83	1	1.00
83	2	1.00
83	3	1.00
83	4	1.00
83	5	1.00
83	6	0.28
83	7	0.24
83	8	0.20
84	1	1.00
84	2	1.00
84	3	1.00
84	4	1.00
84	5	1.00
84	6	1.00
84	7	1.00
84	8	1.00
84	9	1.00
84	10	1.00
84	11	1.00
84	12	1.00
84	13	1.00
84	14	1.00
84	15	1.00
84	16	1.00
84	17	0.33
84	18	0.31
84	19	0.28
85	1	1.00
85	2	1.00
85	3	1.00
85	4	0.55
85	5	0.45
85	6	0.37
86	1	1.00
86	2	1.00
86	3	1.00
86	4	1.00
86	5	1.00
86	6	1.00
86	7	1.00
86	8	1.00
86	9	1.00
86	10	1.00
86	11	1.00
86	12	1.00
86	13	1.00
86	14	1.00
86	15	1.00
86	16	0.22
86	17	0.21
86	18	0.19
87	1	1.00
87	2	0.65
87	3	0.51
87	4	0.41
88	1	1.00
88	2	1.00
88	3	1.00
88	4	0.34
88	5	0.29
88	6	0.25
89	1	1.00
89	2	1.00
89	3	0.51
89	4	0.41
89	5	0.34
90	1	1.00
90	2	1.00
90	3	1.00
90	4	1.00
90	5	1.00
90	6	1.00
90	7	0.24
90	8	0.20
90	9	0.18
91	1	1.00
91	2	1.00
91	3	0.51
91	4	0.41
91	5	0.34
92	1	1.00
92	2	1.00
92	3	1.00
92	4	0.55
92	5	0.45
92	6	0.37
93	1	1.00
93	2	1.00
93	3	0.67
93	4	0.55
93	5	0.45
94	1	1.00
94	2	0.65
94	3	0.51
94	4	0.41
95	1	1.00
95	2	1.00
95	3	1.00
95	4	0.41
95	5	0.34
95	6	0.28
96	1	1.00
96	2	0.82
96	3	0.72
96	4	0.64
97	1	1.00
97	2	1.00
97	3	0.67
97	4	0.55
97	5	0.45
98	1	1.00
98	2	1.00
98	3	1.00
98	4	1.00
98	5	1.00
98	6	1.00
98	7	1.00
98	8	1.00
98	9	1.00
98	10	1.00
98	11	1.00
98	12	1.00
98	13	1.00
98	14	0.43
98	15	0.39
98	16	0.36
99	1	1.00
99	2	1.00
99	3	0.51
99	4	0.41
99	5	0.34
100	1	1.00
100	2	1.00
100	3	1.00
100	4	0.41
100	5	0.34
100	6	0.28
101	1	1.00
101	2	0.23
101	3	0.17
101	4	0.13
102	1	1.00
102	2	1.00
102	3	1.00
102	4	1.00
102	5	1.00
102	6	1.00
102	7	1.00
102	8	1.00
102	9	1.00
102	10	1.00
102	11	1.00
102	12	1.00
102	13	0.27
102	14	0.25
102	15	0.24
103	1	1.00
103	2	1.00
103	3	1.00
103	4	0.34
103	5	0.29
103	6	0.25
104	1	1.00
104	2	1.00
104	3	1.00
104	4	1.00
104	5	1.00
104	6	1.00
104	7	0.24
104	8	0.20
104	9	0.18
105	1	1.00
105	2	1.00
105	3	1.00
105	4	1.00
105	5	1.00
105	6	1.00
105	7	1.00
105	8	1.00
105	9	0.17
105	10	0.15
105	11	0.13
106	1	1.00
106	2	1.00
106	3	0.42
106	4	0.34
106	5	0.29
107	1	1.00
107	2	1.00
107	3	1.00
107	4	1.00
107	5	1.00
107	6	1.00
107	7	1.00
107	8	1.00
107	9	1.00
107	10	1.00
107	11	1.00
107	12	1.00
107	13	1.00
107	14	1.00
107	15	1.00
107	16	0.22
107	17	0.21
107	18	0.19
108	1	1.00
108	2	1.00
108	3	1.00
108	4	1.00
108	5	1.00
108	6	1.00
108	7	1.00
108	8	1.00
108	9	1.00
108	10	0.35
108	11	0.32
108	12	0.30
109	1	1.00
109	2	1.00
109	3	1.00
109	4	1.00
109	5	0.29
109	6	0.25
109	7	0.21
110	1	1.00
110	2	1.00
110	3	1.00
110	4	1.00
110	5	1.00
110	6	0.28
110	7	0.24
110	8	0.20
111	1	1.00
111	2	1.00
111	3	1.00
111	4	1.00
111	5	0.34
111	6	0.28
111	7	0.24
112	1	1.00
112	2	1.00
112	3	1.00
112	4	1.00
112	5	1.00
112	6	0.51
112	7	0.46
112	8	0.42
113	1	1.00
113	2	1.00
113	3	1.00
113	4	0.55
113	5	0.45
113	6	0.37
114	1	1.00
114	2	1.00
114	3	1.00
114	4	1.00
114	5	1.00
114	6	1.00
114	7	1.00
114	8	1.00
114	9	1.00
114	10	1.00
114	11	1.00
114	12	1.00
114	13	1.00
114	14	1.00
114	15	1.00
114	16	1.00
114	17	1.00
114	18	1.00
114	19	1.00
114	20	1.00
114	21	1.00
114	22	0.22
114	23	0.21
114	24	0.19
115	1	1.00
115	2	1.00
115	3	1.00
115	4	1.00
115	5	1.00
115	6	1.00
115	7	1.00
115	8	1.00
115	9	1.00
115	10	1.00
115	11	1.00
115	12	1.00
115	13	1.00
115	14	1.00
115	15	1.00
115	16	1.00
115	17	1.00
115	18	1.00
115	19	1.00
115	20	1.00
115	21	1.00
115	22	0.22
115	23	0.21
115	24	0.19
116	1	1.00
116	2	1.00
116	3	1.00
116	4	1.00
116	5	1.00
116	6	1.00
116	7	0.76
116	8	0.71
116	9	0.65
117	1	1.00
117	2	1.00
117	3	1.00
117	4	1.00
117	5	1.00
117	6	1.00
117	7	0.24
117	8	0.20
117	9	0.18
118	1	1.00
118	2	1.00
118	3	1.00
118	4	1.00
118	5	1.00
118	6	1.00
118	7	0.24
118	8	0.20
118	9	0.18
119	1	1.00
119	2	1.00
119	3	1.00
119	4	1.00
119	5	1.00
119	6	1.00
119	7	0.31
119	8	0.26
119	9	0.22
120	1	1.00
120	2	1.00
120	3	1.00
120	4	0.34
120	5	0.29
120	6	0.25
121	1	1.00
121	2	0.82
121	3	0.72
121	4	0.64
122	1	1.00
122	2	0.65
122	3	0.51
122	4	0.41
123	1	1.00
123	2	1.00
123	3	1.00
123	4	1.00
123	5	1.00
123	6	1.00
123	7	0.24
123	8	0.20
123	9	0.18
124	1	1.00
124	2	1.00
124	3	1.00
124	4	1.00
124	5	1.00
124	6	1.00
124	7	0.21
124	8	0.19
124	9	0.17
125	1	1.00
125	2	1.00
125	3	1.00
125	4	0.55
125	5	0.45
125	6	0.37
126	1	1.00
126	2	1.00
126	3	1.00
126	4	1.00
126	5	1.00
126	6	1.00
126	7	1.00
126	8	1.00
126	9	1.00
126	10	1.00
126	11	0.13
126	12	0.12
126	13	0.11
127	1	1.00
127	2	1.00
127	3	1.00
127	4	1.00
127	5	1.00
127	6	1.00
127	7	1.00
127	8	1.00
127	9	1.00
127	10	1.00
127	11	1.00
127	12	1.00
127	13	1.00
127	14	1.00
127	15	1.00
127	16	1.00
127	17	0.21
127	18	0.19
127	19	0.18
128	1	1.00
128	2	0.82
128	3	0.72
128	4	0.64
129	1	1.00
129	2	1.00
129	3	0.97
129	4	0.93
129	5	0.88
130	1	1.00
130	2	1.00
130	3	1.00
130	4	1.00
130	5	1.00
130	6	1.00
130	7	1.00
130	8	1.00
130	9	0.18
130	10	0.15
130	11	0.14
131	1	1.00
131	2	1.00
131	3	1.00
131	4	1.00
131	5	0.29
131	6	0.25
131	7	0.21
132	1	1.00
132	2	1.00
132	3	1.00
132	4	0.41
132	5	0.34
132	6	0.28
133	1	1.00
133	2	1.00
133	3	1.00
133	4	1.00
133	5	1.00
133	6	1.00
133	7	0.21
133	8	0.19
133	9	0.17
134	1	1.00
134	2	1.00
134	3	1.00
134	4	1.00
134	5	1.00
134	6	0.25
134	7	0.21
134	8	0.19
135	1	1.00
135	2	0.65
135	3	0.51
135	4	0.41
136	1	1.00
136	2	0.65
136	3	0.51
136	4	0.41
137	1	1.00
137	2	1.00
137	3	0.51
137	4	0.41
137	5	0.34
138	1	1.00
138	2	1.00
138	3	1.00
138	4	1.00
138	5	1.00
138	6	1.00
138	7	1.00
138	8	1.00
138	9	1.00
138	10	0.15
138	11	0.14
138	12	0.12
139	1	1.00
139	2	1.00
139	3	1.00
139	4	0.41
139	5	0.34
139	6	0.28
140	1	1.00
140	2	1.00
140	3	1.00
140	4	1.00
140	5	1.00
140	6	0.28
140	7	0.24
140	8	0.20
141	1	1.00
141	2	1.00
141	3	1.00
141	4	0.34
141	5	0.29
141	6	0.25
142	1	1.00
142	2	1.00
142	3	1.00
142	4	1.00
142	5	1.00
142	6	1.00
142	7	0.76
142	8	0.71
142	9	0.65
143	1	1.00
143	2	1.00
143	3	0.51
143	4	0.41
143	5	0.34
144	1	1.00
144	2	1.00
144	3	1.00
144	4	1.00
144	5	0.34
144	6	0.28
144	7	0.24
145	1	1.00
145	2	1.00
145	3	1.00
145	4	0.41
145	5	0.34
145	6	0.28
146	1	1.00
146	2	1.00
146	3	1.00
146	4	1.00
146	5	0.34
146	6	0.28
146	7	0.24
147	1	1.00
147	2	1.00
147	3	1.00
147	4	1.00
147	5	1.00
147	6	1.00
147	7	1.00
147	8	1.00
147	9	1.00
147	10	1.00
147	11	1.00
147	12	1.00
147	13	1.00
147	14	1.00
147	15	1.00
147	16	1.00
147	17	1.00
147	18	1.00
147	19	0.28
147	20	0.26
147	21	0.24
148	1	1.00
148	2	0.53
148	3	0.42
148	4	0.34
149	1	1.00
149	2	1.00
149	3	0.72
149	4	0.64
149	5	0.57
150	1	1.00
150	2	1.00
150	3	0.42
150	4	0.34
150	5	0.29
151	1	1.00
151	2	1.00
151	3	1.00
151	4	1.00
151	5	1.00
151	6	1.00
151	7	1.00
151	8	1.00
151	9	1.00
151	10	1.00
151	11	1.00
151	12	1.00
151	13	0.27
151	14	0.25
151	15	0.24
152	1	1.00
152	2	1.00
152	3	1.00
152	4	0.55
152	5	0.45
152	6	0.37
153	1	1.00
153	2	1.00
153	3	0.51
153	4	0.41
153	5	0.34
154	1	1.00
154	2	1.00
154	3	1.00
154	4	1.00
154	5	1.00
154	6	1.00
154	7	1.00
154	8	1.00
154	9	1.00
154	10	1.00
154	11	1.00
154	12	1.00
154	13	1.00
154	14	1.00
154	15	0.39
154	16	0.36
154	17	0.33
155	1	1.00
155	2	1.00
155	3	1.00
155	4	0.34
155	5	0.29
155	6	0.25
156	1	1.00
156	2	1.00
156	3	0.42
156	4	0.34
156	5	0.29
157	1	1.00
157	2	0.65
157	3	0.51
157	4	0.41
158	1	1.00
158	2	1.00
158	3	1.00
158	4	0.41
158	5	0.34
158	6	0.28
159	1	1.00
159	2	1.00
159	3	1.00
159	4	0.55
159	5	0.45
159	6	0.37
160	1	1.00
160	2	0.65
160	3	0.51
160	4	0.41
161	1	1.00
161	2	1.00
161	3	1.00
161	4	0.55
161	5	0.45
161	6	0.37
162	1	1.00
162	2	0.53
162	3	0.42
162	4	0.34
163	1	1.00
163	2	1.00
163	3	1.00
163	4	1.00
163	5	1.00
163	6	1.00
163	7	1.00
163	8	1.00
163	9	1.00
163	10	0.35
163	11	0.32
163	12	0.30
164	1	1.00
164	2	1.00
164	3	0.42
164	4	0.34
164	5	0.29
165	1	1.00
165	2	1.00
165	3	1.00
165	4	1.00
165	5	1.00
165	6	1.00
165	7	1.00
165	8	1.00
165	9	1.00
165	10	1.00
165	11	1.00
165	12	1.00
165	13	0.47
165	14	0.43
165	15	0.39
166	1	1.00
166	2	1.00
166	3	1.00
166	4	1.00
166	5	1.00
166	6	1.00
166	7	1.00
166	8	1.00
166	9	1.00
166	10	1.00
166	11	1.00
166	12	1.00
166	13	1.00
166	14	1.00
166	15	1.00
166	16	1.00
166	17	1.00
166	18	0.31
166	19	0.28
166	20	0.26
167	1	1.00
167	2	1.00
167	3	1.00
167	4	1.00
167	5	1.00
167	6	1.00
167	7	1.00
167	8	1.00
167	9	1.00
167	10	1.00
167	11	1.00
167	12	1.00
167	13	1.00
167	14	0.25
167	15	0.24
167	16	0.22
168	1	1.00
168	2	1.00
168	3	1.00
168	4	1.00
168	5	1.00
168	6	0.37
168	7	0.31
168	8	0.26
169	1	1.00
169	2	1.00
169	3	1.00
169	4	1.00
169	5	1.00
169	6	1.00
169	7	1.00
169	8	0.20
169	9	0.18
169	10	0.15
170	1	1.00
170	2	1.00
170	3	1.00
170	4	1.00
170	5	1.00
170	6	1.00
170	7	1.00
170	8	1.00
170	9	1.00
170	10	1.00
170	11	1.00
170	12	0.51
170	13	0.47
170	14	0.43
171	1	1.00
171	2	1.00
171	3	0.42
171	4	0.34
171	5	0.29
172	1	1.00
172	2	0.65
172	3	0.51
172	4	0.41
173	1	1.00
173	2	1.00
173	3	1.00
173	4	1.00
173	5	0.34
173	6	0.28
173	7	0.24
174	1	1.00
174	2	1.00
174	3	1.00
174	4	1.00
174	5	1.00
174	6	0.51
174	7	0.46
174	8	0.42
175	1	1.00
175	2	1.00
175	3	0.97
175	4	0.93
175	5	0.88
176	1	1.00
176	2	1.00
176	3	0.51
176	4	0.41
176	5	0.34
177	1	1.00
177	2	1.00
177	3	1.00
177	4	1.00
177	5	1.00
177	6	1.00
177	7	1.00
177	8	1.00
177	9	1.00
177	10	1.00
177	11	1.00
177	12	1.00
177	13	1.00
177	14	1.00
177	15	1.00
177	16	1.00
177	17	1.00
177	18	1.00
177	19	0.28
177	20	0.26
177	21	0.24
178	1	1.00
178	2	1.00
178	3	1.00
178	4	0.41
178	5	0.34
178	6	0.28
179	1	1.00
179	2	0.65
179	3	0.51
179	4	0.41
180	1	1.00
180	2	1.00
180	3	1.00
180	4	1.00
180	5	1.00
180	6	1.00
180	7	1.00
180	8	1.00
180	9	1.00
180	10	1.00
180	11	1.00
180	12	1.00
180	13	1.00
180	14	0.43
180	15	0.39
180	16	0.36
181	1	1.00
181	2	1.00
181	3	1.00
181	4	1.00
181	5	1.00
181	6	0.25
181	7	0.21
181	8	0.19
182	1	1.00
182	2	1.00
182	3	1.00
182	4	0.41
182	5	0.34
182	6	0.28
183	1	1.00
183	2	1.00
183	3	1.00
183	4	1.00
183	5	0.34
183	6	0.28
183	7	0.24
184	1	1.00
184	2	1.00
184	3	1.00
184	4	1.00
184	5	1.00
184	6	0.37
184	7	0.31
184	8	0.26
185	1	1.00
185	2	1.00
185	3	1.00
185	4	0.41
185	5	0.34
185	6	0.28
186	1	1.00
186	2	1.00
186	3	1.00
186	4	1.00
186	5	1.00
186	6	1.00
186	7	0.24
186	8	0.20
186	9	0.18
187	1	1.00
187	2	1.00
187	3	1.00
187	4	0.34
187	5	0.29
187	6	0.25
188	1	1.00
188	2	1.00
188	3	1.00
188	4	1.00
188	5	1.00
188	6	1.00
188	7	1.00
188	8	1.00
188	9	1.00
188	10	1.00
188	11	1.00
188	12	0.30
188	13	0.27
188	14	0.25
189	1	1.00
189	2	0.65
189	3	0.51
189	4	0.41
190	1	1.00
190	2	0.65
190	3	0.51
190	4	0.41
191	1	1.00
191	2	0.65
191	3	0.51
191	4	0.41
192	1	1.00
192	2	1.00
192	3	1.00
192	4	1.00
192	5	1.00
192	6	1.00
192	7	0.24
192	8	0.20
192	9	0.18
193	1	1.00
193	2	0.65
193	3	0.51
193	4	0.41
194	1	1.00
194	2	1.00
194	3	1.00
194	4	1.00
194	5	0.34
194	6	0.28
194	7	0.24
195	1	1.00
195	2	1.00
195	3	1.00
195	4	0.13
195	5	0.11
195	6	0.09
196	1	1.00
196	2	1.00
196	3	1.00
196	4	1.00
196	5	1.00
196	6	0.28
196	7	0.24
196	8	0.20
197	1	1.00
197	2	0.65
197	3	0.51
197	4	0.41
198	1	1.00
198	2	1.00
198	3	0.42
198	4	0.34
198	5	0.29
199	1	1.00
199	2	1.00
199	3	1.00
199	4	1.00
199	5	0.29
199	6	0.25
199	7	0.21
200	1	1.00
200	2	1.00
200	3	1.00
200	4	1.00
200	5	1.00
200	6	1.00
200	7	1.00
200	8	1.00
200	9	1.00
200	10	0.35
200	11	0.32
200	12	0.30
201	1	1.00
201	2	1.00
201	3	1.00
201	4	1.00
201	5	1.00
201	6	0.25
201	7	0.21
201	8	0.19
202	1	1.00
202	2	0.65
202	3	0.51
202	4	0.41
203	1	1.00
203	2	1.00
203	3	1.00
203	4	1.00
203	5	0.29
203	6	0.25
203	7	0.21
204	1	1.00
204	2	1.00
204	3	0.97
204	4	0.93
204	5	0.88
205	1	1.00
205	2	1.00
205	3	1.00
205	4	1.00
205	5	1.00
205	6	1.00
205	7	1.00
205	8	1.00
205	9	1.00
205	10	0.35
205	11	0.32
205	12	0.30
206	1	1.00
206	2	1.00
206	3	1.00
206	4	1.00
206	5	1.00
206	6	0.28
206	7	0.24
206	8	0.20
207	1	1.00
207	2	1.00
207	3	1.00
207	4	1.00
207	5	1.00
207	6	1.00
207	7	1.00
207	8	1.00
207	9	1.00
207	10	1.00
207	11	1.00
207	12	1.00
207	13	1.00
207	14	0.43
207	15	0.39
207	16	0.36
208	1	1.00
208	2	1.00
208	3	0.42
208	4	0.34
208	5	0.29
209	1	1.00
209	2	1.00
209	3	0.51
209	4	0.41
209	5	0.34
210	1	1.00
210	2	1.00
210	3	1.00
210	4	1.00
210	5	1.00
210	6	1.00
210	7	0.24
210	8	0.20
210	9	0.18
211	1	1.00
211	2	0.82
211	3	0.72
211	4	0.64
212	1	1.00
212	2	1.00
212	3	1.00
212	4	1.00
212	5	0.34
212	6	0.28
212	7	0.24
213	1	1.00
213	2	0.65
213	3	0.51
213	4	0.41
214	1	1.00
214	2	0.65
214	3	0.51
214	4	0.41
215	1	1.00
215	2	1.00
215	3	0.42
215	4	0.34
215	5	0.29
216	1	1.00
216	2	1.00
216	3	1.00
216	4	0.41
216	5	0.34
216	6	0.28
217	1	1.00
217	2	1.00
217	3	1.00
217	4	1.00
217	5	1.00
217	6	1.00
217	7	1.00
217	8	1.00
217	9	1.00
217	10	1.00
217	11	1.00
217	12	1.00
217	13	1.00
217	14	1.00
217	15	1.00
217	16	1.00
217	17	1.00
217	18	0.31
217	19	0.28
217	20	0.26
218	1	1.00
218	2	1.00
218	3	1.00
218	4	0.41
218	5	0.34
218	6	0.28
219	1	1.00
219	2	1.00
219	3	0.51
219	4	0.41
219	5	0.34
220	1	1.00
220	2	1.00
220	3	1.00
220	4	1.00
220	5	1.00
220	6	1.00
220	7	1.00
220	8	1.00
220	9	1.00
220	10	1.00
220	11	0.32
220	12	0.30
220	13	0.27
221	1	1.00
221	2	1.00
221	3	1.00
221	4	1.00
221	5	1.00
221	6	1.00
221	7	0.21
221	8	0.19
221	9	0.17
222	1	1.00
222	2	1.00
222	3	1.00
222	4	0.41
222	5	0.34
222	6	0.28
223	1	1.00
223	2	1.00
223	3	0.67
223	4	0.55
223	5	0.45
224	1	1.00
224	2	1.00
224	3	1.00
224	4	0.55
224	5	0.45
224	6	0.37
225	1	1.00
225	2	1.00
225	3	1.00
225	4	1.00
225	5	1.00
225	6	1.00
225	7	1.00
225	8	1.00
225	9	1.00
225	10	1.00
225	11	1.00
225	12	1.00
225	13	0.47
225	14	0.43
225	15	0.39
226	1	1.00
226	2	1.00
226	3	1.00
226	4	1.00
226	5	0.34
226	6	0.28
226	7	0.24
227	1	1.00
227	2	1.00
227	3	1.00
227	4	1.00
227	5	1.00
227	6	1.00
227	7	0.76
227	8	0.71
227	9	0.65
228	1	1.00
228	2	1.00
228	3	1.00
228	4	0.41
228	5	0.34
228	6	0.28
229	1	1.00
229	2	1.00
229	3	0.67
229	4	0.55
229	5	0.45
230	1	1.00
230	2	1.00
230	3	1.00
230	4	0.41
230	5	0.34
230	6	0.28
231	1	1.00
231	2	1.00
231	3	1.00
231	4	1.00
231	5	1.00
231	6	0.28
231	7	0.24
231	8	0.20
232	1	1.00
232	2	1.00
232	3	1.00
232	4	1.00
232	5	1.00
232	6	1.00
232	7	1.00
232	8	1.00
232	9	1.00
232	10	1.00
232	11	1.00
232	12	1.00
232	13	1.00
232	14	1.00
232	15	0.24
232	16	0.22
232	17	0.21
233	1	1.00
233	2	0.65
233	3	0.51
233	4	0.41
234	1	1.00
234	2	1.00
234	3	1.00
234	4	1.00
234	5	1.00
234	6	1.00
234	7	1.00
234	8	1.00
234	9	1.00
234	10	1.00
234	11	1.00
234	12	1.00
234	13	1.00
234	14	1.00
234	15	1.00
234	16	1.00
234	17	1.00
234	18	1.00
234	19	1.00
234	20	0.26
234	21	0.24
234	22	0.22
235	1	1.00
235	2	1.00
235	3	1.00
235	4	1.00
235	5	0.34
235	6	0.28
235	7	0.24
236	1	1.00
236	2	1.00
236	3	0.42
236	4	0.34
236	5	0.29
237	1	1.00
237	2	0.65
237	3	0.51
237	4	0.41
238	1	1.00
238	2	1.00
238	3	0.42
238	4	0.34
238	5	0.29
239	1	1.00
239	2	1.00
239	3	1.00
239	4	1.00
239	5	1.00
239	6	1.00
239	7	1.00
239	8	1.00
239	9	1.00
239	10	1.00
239	11	1.00
239	12	0.12
239	13	0.11
239	14	0.09
240	1	1.00
240	2	1.00
240	3	1.00
240	4	1.00
240	5	0.29
240	6	0.25
240	7	0.21
241	1	1.00
241	2	1.00
241	3	1.00
241	4	1.00
241	5	1.00
241	6	1.00
241	7	0.24
241	8	0.20
241	9	0.18
242	1	1.00
242	2	1.00
242	3	1.00
242	4	1.00
242	5	1.00
242	6	0.25
242	7	0.21
242	8	0.19
243	1	1.00
243	2	1.00
243	3	0.51
243	4	0.41
243	5	0.34
244	1	1.00
244	2	1.00
244	3	1.00
244	4	1.00
244	5	0.34
244	6	0.28
244	7	0.24
245	1	1.00
245	2	1.00
245	3	1.00
245	4	0.34
245	5	0.29
245	6	0.25
246	1	1.00
246	2	1.00
246	3	1.00
246	4	0.41
246	5	0.34
246	6	0.28
247	1	1.00
247	2	1.00
247	3	0.67
247	4	0.55
247	5	0.45
248	1	1.00
248	2	1.00
248	3	0.42
248	4	0.34
248	5	0.29
249	1	1.00
249	2	1.00
249	3	1.00
249	4	1.00
249	5	1.00
249	6	1.00
249	7	1.00
249	8	1.00
249	9	1.00
249	10	1.00
249	11	1.00
249	12	1.00
249	13	0.27
249	14	0.25
249	15	0.24
250	1	1.00
250	2	1.00
250	3	1.00
250	4	1.00
250	5	1.00
250	6	1.00
250	7	1.00
250	8	1.00
250	9	0.17
250	10	0.15
250	11	0.13
251	1	1.00
251	2	1.00
251	3	1.00
251	4	1.00
251	5	1.00
251	6	0.28
251	7	0.24
251	8	0.20
252	1	1.00
252	2	1.00
252	3	1.00
252	4	0.34
252	5	0.29
252	6	0.25
253	1	1.00
253	2	1.00
253	3	1.00
253	4	1.00
253	5	1.00
253	6	0.28
253	7	0.24
253	8	0.20
254	1	1.00
254	2	1.00
254	3	1.00
254	4	1.00
254	5	1.00
254	6	1.00
254	7	1.00
254	8	1.00
254	9	1.00
254	10	1.00
254	11	0.13
254	12	0.12
254	13	0.11
255	1	1.00
255	2	1.00
255	3	1.00
255	4	0.93
255	5	0.88
255	6	0.82
256	1	1.00
256	2	1.00
256	3	1.00
256	4	1.00
256	5	1.00
256	6	1.00
256	7	1.00
256	8	1.00
256	9	1.00
256	10	1.00
256	11	1.00
256	12	1.00
256	13	1.00
256	14	1.00
256	15	0.39
256	16	0.36
256	17	0.33
257	1	1.00
257	2	1.00
257	3	1.00
257	4	1.00
257	5	1.00
257	6	1.00
257	7	1.00
257	8	1.00
257	9	1.00
257	10	1.00
257	11	1.00
257	12	1.00
257	13	1.00
257	14	1.00
257	15	1.00
257	16	1.00
257	17	1.00
257	18	1.00
257	19	0.18
257	20	0.17
257	21	0.16
258	1	1.00
258	2	1.00
258	3	0.42
258	4	0.34
258	5	0.29
259	1	1.00
259	2	0.53
259	3	0.42
259	4	0.34
260	1	1.00
260	2	1.00
260	3	0.42
260	4	0.34
260	5	0.29
261	1	1.00
261	2	1.00
261	3	0.42
261	4	0.34
261	5	0.29
262	1	1.00
262	2	1.00
262	3	0.42
262	4	0.34
262	5	0.29
263	1	1.00
263	2	1.00
263	3	1.00
263	4	0.55
263	5	0.45
263	6	0.37
264	1	1.00
264	2	1.00
264	3	1.00
264	4	1.00
264	5	1.00
264	6	1.00
264	7	1.00
264	8	1.00
264	9	1.00
264	10	1.00
264	11	0.32
264	12	0.30
264	13	0.27
265	1	1.00
265	2	1.00
265	3	1.00
265	4	1.00
265	5	1.00
265	6	1.00
265	7	1.00
265	8	0.20
265	9	0.18
265	10	0.15
266	1	1.00
266	2	1.00
266	3	1.00
266	4	1.00
266	5	0.29
266	6	0.25
266	7	0.21
267	1	1.00
267	2	1.00
267	3	0.42
267	4	0.34
267	5	0.29
268	1	1.00
268	2	1.00
268	3	1.00
268	4	1.00
268	5	0.34
268	6	0.28
268	7	0.24
269	1	1.00
269	2	1.00
269	3	1.00
269	4	1.00
269	5	0.45
269	6	0.37
269	7	0.31
270	1	1.00
270	2	1.00
270	3	1.00
270	4	1.00
270	5	1.00
270	6	1.00
270	7	1.00
270	8	0.20
270	9	0.18
270	10	0.15
271	1	1.00
271	2	1.00
271	3	1.00
271	4	1.00
271	5	1.00
271	6	1.00
271	7	1.00
271	8	1.00
271	9	1.00
271	10	1.00
271	11	1.00
271	12	1.00
271	13	0.47
271	14	0.43
271	15	0.39
272	1	1.00
272	2	1.00
272	3	0.51
272	4	0.41
272	5	0.34
273	1	1.00
273	2	1.00
273	3	1.00
273	4	1.00
273	5	1.00
273	6	1.00
273	7	1.00
273	8	0.20
273	9	0.18
273	10	0.15
274	1	1.00
274	2	1.00
274	3	0.51
274	4	0.41
274	5	0.34
275	1	1.00
275	2	1.00
275	3	1.00
275	4	1.00
275	5	1.00
275	6	1.00
275	7	1.00
275	8	0.71
275	9	0.65
275	10	0.60
276	1	1.00
276	2	1.00
276	3	1.00
276	4	1.00
276	5	1.00
276	6	1.00
276	7	1.00
276	8	0.26
276	9	0.22
276	10	0.19
277	1	1.00
277	2	1.00
277	3	1.00
277	4	1.00
277	5	1.00
277	6	1.00
277	7	1.00
277	8	1.00
277	9	1.00
277	10	1.00
277	11	1.00
277	12	1.00
277	13	1.00
277	14	1.00
277	15	0.39
277	16	0.36
277	17	0.33
278	1	1.00
278	2	1.00
278	3	0.51
278	4	0.41
278	5	0.34
279	1	1.00
279	2	1.00
279	3	0.42
279	4	0.34
279	5	0.29
280	1	1.00
280	2	1.00
280	3	1.00
280	4	1.00
280	5	1.00
280	6	0.37
280	7	0.31
280	8	0.26
281	1	1.00
281	2	1.00
281	3	0.51
281	4	0.41
281	5	0.34
282	1	1.00
282	2	1.00
282	3	1.00
282	4	1.00
282	5	1.00
282	6	1.00
282	7	1.00
282	8	1.00
282	9	1.00
282	10	1.00
282	11	1.00
282	12	1.00
282	13	1.00
282	14	1.00
282	15	1.00
282	16	0.36
282	17	0.33
282	18	0.31
283	1	1.00
283	2	1.00
283	3	1.00
283	4	1.00
283	5	1.00
283	6	1.00
283	7	1.00
283	8	1.00
283	9	1.00
283	10	1.00
283	11	1.00
283	12	1.00
283	13	1.00
283	14	1.00
283	15	1.00
283	16	1.00
283	17	1.00
283	18	1.00
283	19	0.28
283	20	0.26
283	21	0.24
284	1	1.00
284	2	1.00
284	3	1.00
284	4	1.00
284	5	1.00
284	6	1.00
284	7	1.00
284	8	1.00
284	9	1.00
284	10	1.00
284	11	1.00
284	12	1.00
284	13	0.27
284	14	0.25
284	15	0.24
285	1	1.00
285	2	1.00
285	3	1.00
285	4	1.00
285	5	1.00
285	6	1.00
285	7	1.00
285	8	1.00
285	9	0.38
285	10	0.35
285	11	0.32
286	1	1.00
286	2	1.00
286	3	0.51
286	4	0.41
286	5	0.34
287	1	1.00
287	2	1.00
287	3	0.51
287	4	0.41
287	5	0.34
288	1	1.00
288	2	1.00
288	3	0.51
288	4	0.41
288	5	0.34
289	1	1.00
289	2	1.00
289	3	1.00
289	4	0.34
289	5	0.29
289	6	0.25
290	1	1.00
290	2	1.00
290	3	1.00
290	4	1.00
290	5	1.00
290	6	1.00
290	7	1.00
290	8	1.00
290	9	0.22
290	10	0.19
290	11	0.16
291	1	1.00
291	2	1.00
291	3	1.00
291	4	1.00
291	5	1.00
291	6	1.00
291	7	1.00
291	8	1.00
291	9	1.00
291	10	1.00
291	11	0.55
291	12	0.51
291	13	0.47
292	1	1.00
292	2	1.00
292	3	1.00
292	4	1.00
292	5	1.00
292	6	1.00
292	7	1.00
292	8	1.00
292	9	1.00
292	10	0.19
292	11	0.16
292	12	0.14
293	1	1.00
293	2	1.00
293	3	1.00
293	4	1.00
293	5	1.00
293	6	1.00
293	7	0.76
293	8	0.71
293	9	0.65
294	1	1.00
294	2	1.00
294	3	1.00
294	4	1.00
294	5	0.45
294	6	0.37
294	7	0.31
295	1	1.00
295	2	1.00
295	3	1.00
295	4	1.00
295	5	1.00
295	6	1.00
295	7	1.00
295	8	1.00
295	9	1.00
295	10	1.00
295	11	1.00
295	12	1.00
295	13	1.00
295	14	1.00
295	15	1.00
295	16	1.00
295	17	1.00
295	18	1.00
295	19	1.00
295	20	0.26
295	21	0.24
295	22	0.22
296	1	1.00
296	2	1.00
296	3	1.00
296	4	1.00
296	5	1.00
296	6	1.00
296	7	1.00
296	8	1.00
296	9	1.00
296	10	1.00
296	11	1.00
296	12	1.00
296	13	1.00
296	14	1.00
296	15	1.00
296	16	1.00
296	17	1.00
296	18	1.00
296	19	1.00
296	20	1.00
296	21	0.24
296	22	0.22
296	23	0.21
297	1	1.00
297	2	0.81
297	3	0.67
297	4	0.55
298	1	1.00
298	2	1.00
298	3	0.51
298	4	0.41
298	5	0.34
299	1	1.00
299	2	1.00
299	3	1.00
299	4	1.00
299	5	1.00
299	6	1.00
299	7	1.00
299	8	1.00
299	9	1.00
299	10	1.00
299	11	1.00
299	12	1.00
299	13	1.00
299	14	0.43
299	15	0.39
299	16	0.36
300	1	1.00
300	2	1.00
300	3	1.00
300	4	1.00
300	5	1.00
300	6	1.00
300	7	0.31
300	8	0.26
300	9	0.22
301	1	1.00
301	2	1.00
301	3	0.42
301	4	0.34
301	5	0.29
302	1	1.00
302	2	1.00
302	3	1.00
302	4	1.00
302	5	1.00
302	6	1.00
302	7	1.00
302	8	1.00
302	9	1.00
302	10	1.00
302	11	1.00
302	12	1.00
302	13	1.00
302	14	1.00
302	15	1.00
302	16	1.00
302	17	0.33
302	18	0.31
302	19	0.28
303	1	1.00
303	2	1.00
303	3	1.00
303	4	1.00
303	5	1.00
303	6	1.00
303	7	1.00
303	8	0.19
303	9	0.17
303	10	0.15
304	1	1.00
304	2	0.65
304	3	0.51
304	4	0.41
305	1	1.00
305	2	0.65
305	3	0.51
305	4	0.41
306	1	1.00
306	2	1.00
306	3	1.00
306	4	0.55
306	5	0.45
306	6	0.37
307	1	1.00
307	2	1.00
307	3	1.00
307	4	1.00
307	5	1.00
307	6	1.00
307	7	1.00
307	8	1.00
307	9	1.00
307	10	0.19
307	11	0.16
307	12	0.14
308	1	1.00
308	2	1.00
308	3	1.00
308	4	1.00
308	5	1.00
308	6	1.00
308	7	0.31
308	8	0.26
308	9	0.22
309	1	1.00
309	2	1.00
309	3	1.00
309	4	1.00
309	5	1.00
309	6	1.00
309	7	1.00
309	8	1.00
309	9	0.18
309	10	0.15
309	11	0.14
310	1	1.00
310	2	1.00
310	3	1.00
310	4	1.00
310	5	0.45
310	6	0.37
310	7	0.31
311	1	1.00
311	2	1.00
311	3	0.51
311	4	0.41
311	5	0.34
312	1	1.00
312	2	0.65
312	3	0.51
312	4	0.41
313	1	1.00
313	2	1.00
313	3	1.00
313	4	1.00
313	5	1.00
313	6	0.28
313	7	0.24
313	8	0.20
314	1	1.00
314	2	1.00
314	3	1.00
314	4	1.00
314	5	0.34
314	6	0.28
314	7	0.24
315	1	1.00
315	2	0.65
315	3	0.51
315	4	0.41
316	1	1.00
316	2	0.65
316	3	0.51
316	4	0.41
317	1	1.00
317	2	1.00
317	3	0.51
317	4	0.41
317	5	0.34
318	1	1.00
318	2	1.00
318	3	1.00
318	4	1.00
318	5	1.00
318	6	1.00
318	7	1.00
318	8	1.00
318	9	1.00
318	10	0.60
318	11	0.55
318	12	0.51
319	1	1.00
319	2	0.65
319	3	0.51
319	4	0.41
320	1	1.00
320	2	1.00
320	3	1.00
320	4	0.41
320	5	0.34
320	6	0.28
321	1	1.00
321	2	1.00
321	3	0.42
321	4	0.34
321	5	0.29
322	1	1.00
322	2	1.00
322	3	1.00
322	4	1.00
322	5	1.00
322	6	0.28
322	7	0.24
322	8	0.20
323	1	1.00
323	2	1.00
323	3	1.00
323	4	1.00
323	5	0.34
323	6	0.28
323	7	0.24
324	1	1.00
324	2	1.00
324	3	0.42
324	4	0.34
324	5	0.29
325	1	1.00
325	2	1.00
325	3	1.00
325	4	0.34
325	5	0.29
325	6	0.25
326	1	1.00
326	2	1.00
326	3	1.00
326	4	1.00
326	5	1.00
326	6	1.00
326	7	1.00
326	8	1.00
326	9	1.00
326	10	1.00
326	11	1.00
326	12	1.00
326	13	0.47
326	14	0.43
326	15	0.39
327	1	1.00
327	2	1.00
327	3	1.00
327	4	1.00
327	5	1.00
327	6	1.00
327	7	1.00
327	8	1.00
327	9	1.00
327	10	1.00
327	11	1.00
327	12	1.00
327	13	1.00
327	14	0.43
327	15	0.39
327	16	0.36
328	1	1.00
328	2	1.00
328	3	1.00
328	4	1.00
328	5	1.00
328	6	1.00
328	7	1.00
328	8	1.00
328	9	0.18
328	10	0.15
328	11	0.14
329	1	1.00
329	2	1.00
329	3	1.00
329	4	1.00
329	5	1.00
329	6	1.00
329	7	1.00
329	8	1.00
329	9	1.00
329	10	1.00
329	11	1.00
329	12	1.00
329	13	1.00
329	14	0.43
329	15	0.39
329	16	0.36
330	1	1.00
330	2	0.65
330	3	0.51
330	4	0.41
331	1	1.00
331	2	1.00
331	3	1.00
331	4	1.00
331	5	1.00
331	6	0.37
331	7	0.31
331	8	0.26
332	1	1.00
332	2	1.00
332	3	1.00
332	4	1.00
332	5	1.00
332	6	0.51
332	7	0.46
332	8	0.42
333	1	1.00
333	2	1.00
333	3	1.00
333	4	1.00
333	5	1.00
333	6	1.00
333	7	1.00
333	8	1.00
333	9	1.00
333	10	0.15
333	11	0.14
333	12	0.12
334	1	1.00
334	2	0.65
334	3	0.51
334	4	0.41
335	1	1.00
335	2	0.65
335	3	0.51
335	4	0.41
336	1	1.00
336	2	1.00
336	3	1.00
336	4	1.00
336	5	1.00
336	6	1.00
336	7	1.00
336	8	1.00
336	9	1.00
336	10	1.00
336	11	1.00
336	12	1.00
336	13	1.00
336	14	1.00
336	15	0.39
336	16	0.36
336	17	0.33
337	1	1.00
337	2	0.53
337	3	0.42
337	4	0.34
338	1	1.00
338	2	1.00
338	3	0.42
338	4	0.34
338	5	0.29
339	1	1.00
339	2	1.00
339	3	1.00
339	4	1.00
339	5	1.00
339	6	1.00
339	7	1.00
339	8	0.26
339	9	0.22
339	10	0.19
340	1	1.00
340	2	1.00
340	3	0.72
340	4	0.64
340	5	0.57
341	1	1.00
341	2	1.00
341	3	1.00
341	4	1.00
341	5	1.00
341	6	1.00
341	7	0.21
341	8	0.19
341	9	0.17
342	1	1.00
342	2	1.00
342	3	0.51
342	4	0.41
342	5	0.34
343	1	1.00
343	2	1.00
343	3	1.00
343	4	1.00
343	5	0.11
343	6	0.09
343	7	0.08
344	1	1.00
344	2	1.00
344	3	1.00
344	4	0.41
344	5	0.34
344	6	0.28
345	1	1.00
345	2	1.00
345	3	0.51
345	4	0.41
345	5	0.34
346	1	1.00
346	2	0.65
346	3	0.51
346	4	0.41
347	1	1.00
347	2	1.00
347	3	1.00
347	4	1.00
347	5	1.00
347	6	1.00
347	7	1.00
347	8	1.00
347	9	1.00
347	10	1.00
347	11	1.00
347	12	1.00
347	13	1.00
347	14	0.25
347	15	0.24
347	16	0.22
348	1	1.00
348	2	1.00
348	3	1.00
348	4	1.00
348	5	1.00
348	6	0.28
348	7	0.24
348	8	0.20
349	1	1.00
349	2	1.00
349	3	0.51
349	4	0.41
349	5	0.34
350	1	1.00
350	2	1.00
350	3	1.00
350	4	1.00
350	5	1.00
350	6	1.00
350	7	1.00
350	8	1.00
350	9	0.18
350	10	0.15
350	11	0.14
351	1	1.00
351	2	1.00
351	3	0.51
351	4	0.41
351	5	0.34
352	1	1.00
352	2	1.00
352	3	1.00
352	4	1.00
352	5	1.00
352	6	1.00
352	7	1.00
352	8	0.19
352	9	0.17
352	10	0.15
353	1	1.00
353	2	1.00
353	3	1.00
353	4	1.00
353	5	1.00
353	6	0.28
353	7	0.24
353	8	0.20
354	1	1.00
354	2	1.00
354	3	1.00
354	4	1.00
354	5	1.00
354	6	1.00
354	7	1.00
354	8	1.00
354	9	0.18
354	10	0.15
354	11	0.14
355	1	1.00
355	2	1.00
355	3	1.00
355	4	0.64
355	5	0.57
355	6	0.51
356	1	1.00
356	2	1.00
356	3	1.00
356	4	0.41
356	5	0.34
356	6	0.28
357	1	1.00
357	2	1.00
357	3	1.00
357	4	1.00
357	5	1.00
357	6	1.00
357	7	1.00
357	8	1.00
357	9	1.00
357	10	1.00
357	11	1.00
357	12	1.00
357	13	1.00
357	14	1.00
357	15	1.00
357	16	0.36
357	17	0.33
357	18	0.31
358	1	1.00
358	2	1.00
358	3	1.00
358	4	0.34
358	5	0.29
358	6	0.25
359	1	1.00
359	2	0.65
359	3	0.51
359	4	0.41
360	1	1.00
360	2	0.65
360	3	0.51
360	4	0.41
361	1	1.00
361	2	0.23
361	3	0.17
361	4	0.13
362	1	1.00
362	2	1.00
362	3	1.00
362	4	1.00
362	5	0.45
362	6	0.37
362	7	0.31
363	1	1.00
363	2	1.00
363	3	1.00
363	4	1.00
363	5	1.00
363	6	1.00
363	7	1.00
363	8	0.71
363	9	0.65
363	10	0.60
364	1	1.00
364	2	1.00
364	3	1.00
364	4	1.00
364	5	1.00
364	6	1.00
364	7	1.00
364	8	1.00
364	9	1.00
364	10	1.00
364	11	1.00
364	12	1.00
364	13	1.00
364	14	1.00
364	15	1.00
364	16	1.00
364	17	1.00
364	18	1.00
364	19	1.00
364	20	1.00
364	21	1.00
364	22	0.22
364	23	0.21
364	24	0.19
365	1	1.00
365	2	1.00
365	3	1.00
365	4	1.00
365	5	0.45
365	6	0.37
365	7	0.31
366	1	1.00
366	2	1.00
366	3	1.00
366	4	1.00
366	5	1.00
366	6	1.00
366	7	1.00
366	8	1.00
366	9	1.00
366	10	0.60
366	11	0.55
366	12	0.51
367	1	1.00
367	2	1.00
367	3	1.00
367	4	1.00
367	5	0.88
367	6	0.82
367	7	0.76
368	1	1.00
368	2	1.00
368	3	1.00
368	4	1.00
368	5	1.00
368	6	0.25
368	7	0.21
368	8	0.19
369	1	1.00
369	2	1.00
369	3	1.00
369	4	1.00
369	5	1.00
369	6	1.00
369	7	1.00
369	8	1.00
369	9	0.65
369	10	0.60
369	11	0.55
370	1	1.00
370	2	1.00
370	3	1.00
370	4	1.00
370	5	1.00
370	6	1.00
370	7	1.00
370	8	1.00
370	9	1.00
370	10	1.00
370	11	1.00
370	12	1.00
370	13	0.27
370	14	0.25
370	15	0.24
371	1	1.00
371	2	1.00
371	3	1.00
371	4	0.34
371	5	0.29
371	6	0.25
372	1	1.00
372	2	1.00
372	3	1.00
372	4	1.00
372	5	1.00
372	6	1.00
372	7	0.08
372	8	0.07
372	9	0.06
373	1	1.00
373	2	1.00
373	3	1.00
373	4	1.00
373	5	1.00
373	6	1.00
373	7	1.00
373	8	0.19
373	9	0.17
373	10	0.15
374	1	1.00
374	2	1.00
374	3	1.00
374	4	1.00
374	5	1.00
374	6	1.00
374	7	0.24
374	8	0.20
374	9	0.18
375	1	1.00
375	2	1.00
375	3	0.51
375	4	0.41
375	5	0.34
376	1	1.00
376	2	1.00
376	3	1.00
376	4	1.00
376	5	1.00
376	6	1.00
376	7	1.00
376	8	1.00
376	9	1.00
376	10	1.00
376	11	1.00
376	12	1.00
376	13	1.00
376	14	0.25
376	15	0.24
376	16	0.22
377	1	1.00
377	2	1.00
377	3	1.00
377	4	0.55
377	5	0.45
377	6	0.37
378	1	1.00
378	2	1.00
378	3	1.00
378	4	1.00
378	5	0.29
378	6	0.25
378	7	0.21
379	1	1.00
379	2	1.00
379	3	1.00
379	4	1.00
379	5	1.00
379	6	1.00
379	7	1.00
379	8	0.19
379	9	0.17
379	10	0.15
380	1	1.00
380	2	1.00
380	3	1.00
380	4	1.00
380	5	1.00
380	6	0.28
380	7	0.24
380	8	0.20
381	1	1.00
381	2	1.00
381	3	1.00
381	4	1.00
381	5	1.00
381	6	0.28
381	7	0.24
381	8	0.20
382	1	1.00
382	2	1.00
382	3	1.00
382	4	1.00
382	5	1.00
382	6	1.00
382	7	1.00
382	8	1.00
382	9	1.00
382	10	1.00
382	11	0.14
382	12	0.12
382	13	0.11
383	1	1.00
383	2	1.00
383	3	0.51
383	4	0.41
383	5	0.34
384	1	1.00
384	2	1.00
384	3	1.00
384	4	1.00
384	5	1.00
384	6	1.00
384	7	1.00
384	8	1.00
384	9	0.22
384	10	0.19
384	11	0.16
385	1	1.00
385	2	1.00
385	3	1.00
385	4	1.00
385	5	1.00
385	6	1.00
385	7	1.00
385	8	1.00
385	9	1.00
385	10	1.00
385	11	1.00
385	12	1.00
385	13	0.47
385	14	0.43
385	15	0.39
386	1	1.00
386	2	1.00
386	3	1.00
386	4	1.00
386	5	1.00
386	6	1.00
386	7	1.00
386	8	0.19
386	9	0.17
386	10	0.15
387	1	1.00
387	2	1.00
387	3	0.42
387	4	0.34
387	5	0.29
388	1	1.00
388	2	1.00
388	3	1.00
388	4	0.34
388	5	0.29
388	6	0.25
389	1	1.00
389	2	1.00
389	3	0.17
389	4	0.13
389	5	0.11
390	1	1.00
390	2	0.65
390	3	0.51
390	4	0.41
391	1	1.00
391	2	0.65
391	3	0.51
391	4	0.41
392	1	1.00
392	2	1.00
392	3	0.42
392	4	0.34
392	5	0.29
393	1	1.00
393	2	1.00
393	3	1.00
393	4	1.00
393	5	1.00
393	6	1.00
393	7	1.00
393	8	1.00
393	9	1.00
393	10	0.35
393	11	0.32
393	12	0.30
394	1	1.00
394	2	1.00
394	3	1.00
394	4	1.00
394	5	1.00
394	6	1.00
394	7	1.00
394	8	1.00
394	9	1.00
394	10	1.00
394	11	1.00
394	12	1.00
394	13	1.00
394	14	1.00
394	15	1.00
394	16	1.00
394	17	1.00
394	18	1.00
394	19	1.00
394	20	1.00
394	21	1.00
394	22	0.22
394	23	0.21
394	24	0.19
395	1	1.00
395	2	1.00
395	3	1.00
395	4	1.00
395	5	1.00
395	6	1.00
395	7	1.00
395	8	1.00
395	9	1.00
395	10	1.00
395	11	1.00
395	12	0.30
395	13	0.27
395	14	0.25
396	1	1.00
396	2	1.00
396	3	1.00
396	4	1.00
396	5	1.00
396	6	1.00
396	7	1.00
396	8	1.00
396	9	1.00
396	10	1.00
396	11	1.00
396	12	0.12
396	13	0.11
396	14	0.10
397	1	1.00
397	2	1.00
397	3	1.00
397	4	1.00
397	5	1.00
397	6	1.00
397	7	0.24
397	8	0.20
397	9	0.18
398	1	1.00
398	2	0.65
398	3	0.51
398	4	0.41
399	1	1.00
399	2	1.00
399	3	1.00
399	4	1.00
399	5	1.00
399	6	1.00
399	7	1.00
399	8	1.00
399	9	1.00
399	10	1.00
399	11	1.00
399	12	0.30
399	13	0.27
399	14	0.25
400	1	1.00
400	2	1.00
400	3	1.00
400	4	1.00
400	5	0.34
400	6	0.28
400	7	0.24
401	1	1.00
401	2	1.00
401	3	1.00
401	4	1.00
401	5	1.00
401	6	0.37
401	7	0.31
401	8	0.26
402	1	1.00
402	2	1.00
402	3	1.00
402	4	1.00
402	5	1.00
402	6	1.00
402	7	1.00
402	8	1.00
402	9	1.00
402	10	1.00
402	11	1.00
402	12	1.00
402	13	1.00
402	14	1.00
402	15	1.00
402	16	0.36
402	17	0.33
402	18	0.31
403	1	1.00
403	2	1.00
403	3	1.00
403	4	1.00
403	5	1.00
403	6	1.00
403	7	1.00
403	8	1.00
403	9	1.00
403	10	1.00
403	11	1.00
403	12	1.00
403	13	1.00
403	14	1.00
403	15	1.00
403	16	0.36
403	17	0.33
403	18	0.31
404	1	1.00
404	2	1.00
404	3	1.00
404	4	1.00
404	5	1.00
404	6	0.25
404	7	0.21
404	8	0.19
405	1	1.00
405	2	0.65
405	3	0.51
405	4	0.41
406	1	1.00
406	2	1.00
406	3	1.00
406	4	1.00
406	5	1.00
406	6	1.00
406	7	1.00
406	8	1.00
406	9	0.38
406	10	0.35
406	11	0.32
407	1	1.00
407	2	1.00
407	3	1.00
407	4	1.00
407	5	1.00
407	6	1.00
407	7	1.00
407	8	1.00
407	9	1.00
407	10	1.00
407	11	1.00
407	12	1.00
407	13	1.00
407	14	0.43
407	15	0.39
407	16	0.36
408	1	1.00
408	2	1.00
408	3	1.00
408	4	1.00
408	5	1.00
408	6	1.00
408	7	0.24
408	8	0.20
408	9	0.18
409	1	1.00
409	2	1.00
409	3	1.00
409	4	1.00
409	5	1.00
409	6	1.00
409	7	1.00
409	8	1.00
409	9	1.00
409	10	0.35
409	11	0.32
409	12	0.30
410	1	1.00
410	2	1.00
410	3	1.00
410	4	1.00
410	5	1.00
410	6	1.00
410	7	0.31
410	8	0.26
410	9	0.22
411	1	1.00
411	2	1.00
411	3	1.00
411	4	0.41
411	5	0.34
411	6	0.28
412	1	1.00
412	2	1.00
412	3	0.51
412	4	0.41
412	5	0.34
413	1	1.00
413	2	1.00
413	3	1.00
413	4	1.00
413	5	0.34
413	6	0.28
413	7	0.24
414	1	1.00
414	2	1.00
414	3	1.00
414	4	1.00
414	5	1.00
414	6	1.00
414	7	1.00
414	8	1.00
414	9	1.00
414	10	1.00
414	11	1.00
414	12	1.00
414	13	1.00
414	14	1.00
414	15	1.00
414	16	1.00
414	17	1.00
414	18	1.00
414	19	0.28
414	20	0.26
414	21	0.24
415	1	1.00
415	2	0.65
415	3	0.51
415	4	0.41
416	1	1.00
416	2	1.00
416	3	1.00
416	4	1.00
416	5	1.00
416	6	1.00
416	7	1.00
416	8	1.00
416	9	1.00
416	10	0.15
416	11	0.14
416	12	0.12
417	1	1.00
417	2	1.00
417	3	1.00
417	4	1.00
417	5	1.00
417	6	0.37
417	7	0.31
417	8	0.26
418	1	1.00
418	2	1.00
418	3	1.00
418	4	1.00
418	5	1.00
418	6	1.00
418	7	1.00
418	8	1.00
418	9	0.65
418	10	0.60
418	11	0.55
419	1	1.00
419	2	1.00
419	3	1.00
419	4	1.00
419	5	1.00
419	6	1.00
419	7	0.24
419	8	0.20
419	9	0.18
420	1	1.00
420	2	1.00
420	3	1.00
420	4	0.41
420	5	0.34
420	6	0.28
421	1	1.00
421	2	1.00
421	3	0.67
421	4	0.55
421	5	0.45
422	1	1.00
422	2	1.00
422	3	1.00
422	4	1.00
422	5	1.00
422	6	1.00
422	7	0.21
422	8	0.19
422	9	0.17
423	1	1.00
423	2	1.00
423	3	0.67
423	4	0.55
423	5	0.45
424	1	1.00
424	2	1.00
424	3	1.00
424	4	1.00
424	5	1.00
424	6	1.00
424	7	1.00
424	8	1.00
424	9	1.00
424	10	1.00
424	11	1.00
424	12	1.00
424	13	1.00
424	14	0.25
424	15	0.24
424	16	0.22
425	1	1.00
425	2	1.00
425	3	0.67
425	4	0.55
425	5	0.45
426	1	1.00
426	2	1.00
426	3	0.51
426	4	0.41
426	5	0.34
427	1	1.00
427	2	1.00
427	3	1.00
427	4	1.00
427	5	0.29
427	6	0.25
427	7	0.21
428	1	1.00
428	2	1.00
428	3	1.00
428	4	0.93
428	5	0.88
428	6	0.82
429	1	1.00
429	2	0.65
429	3	0.51
429	4	0.41
430	1	1.00
430	2	1.00
430	3	1.00
430	4	1.00
430	5	1.00
430	6	1.00
430	7	1.00
430	8	1.00
430	9	1.00
430	10	1.00
430	11	0.14
430	12	0.12
430	13	0.11
431	1	1.00
431	2	1.00
431	3	0.67
431	4	0.55
431	5	0.45
432	1	1.00
432	2	1.00
432	3	1.00
432	4	1.00
432	5	1.00
432	6	1.00
432	7	1.00
432	8	1.00
432	9	1.00
432	10	1.00
432	11	0.32
432	12	0.30
432	13	0.27
433	1	1.00
433	2	1.00
433	3	1.00
433	4	1.00
433	5	1.00
433	6	1.00
433	7	1.00
433	8	1.00
433	9	1.00
433	10	1.00
433	11	0.13
433	12	0.12
433	13	0.11
434	1	1.00
434	2	1.00
434	3	1.00
434	4	1.00
434	5	1.00
434	6	1.00
434	7	1.00
434	8	1.00
434	9	1.00
434	10	0.19
434	11	0.16
434	12	0.14
435	1	1.00
435	2	1.00
435	3	1.00
435	4	0.41
435	5	0.34
435	6	0.28
436	1	1.00
436	2	1.00
436	3	0.42
436	4	0.34
436	5	0.29
437	1	1.00
437	2	1.00
437	3	1.00
437	4	1.00
437	5	1.00
437	6	0.25
437	7	0.21
437	8	0.19
438	1	1.00
438	2	1.00
438	3	0.67
438	4	0.55
438	5	0.45
439	1	1.00
439	2	0.65
439	3	0.51
439	4	0.41
440	1	1.00
440	2	1.00
440	3	1.00
440	4	1.00
440	5	1.00
440	6	1.00
440	7	1.00
440	8	1.00
440	9	0.18
440	10	0.15
440	11	0.14
441	1	1.00
441	2	1.00
441	3	1.00
441	4	1.00
441	5	1.00
441	6	0.28
441	7	0.24
441	8	0.20
442	1	1.00
442	2	1.00
442	3	1.00
442	4	0.55
442	5	0.45
442	6	0.37
443	1	1.00
443	2	1.00
443	3	1.00
443	4	1.00
443	5	1.00
443	6	1.00
443	7	0.21
443	8	0.19
443	9	0.17
444	1	1.00
444	2	1.00
444	3	0.42
444	4	0.34
444	5	0.29
445	1	1.00
445	2	0.65
445	3	0.51
445	4	0.41
446	1	1.00
446	2	1.00
446	3	1.00
446	4	1.00
446	5	1.00
446	6	1.00
446	7	1.00
446	8	1.00
446	9	0.65
446	10	0.60
446	11	0.55
447	1	1.00
447	2	1.00
447	3	0.42
447	4	0.34
447	5	0.29
448	1	1.00
448	2	0.65
448	3	0.51
448	4	0.41
449	1	1.00
449	2	1.00
449	3	1.00
449	4	1.00
449	5	1.00
449	6	1.00
449	7	1.00
449	8	1.00
449	9	1.00
449	10	0.15
449	11	0.14
449	12	0.12
450	1	1.00
450	2	1.00
450	3	1.00
450	4	0.41
450	5	0.34
450	6	0.28
451	1	1.00
451	2	0.53
451	3	0.42
451	4	0.34
452	1	1.00
452	2	1.00
452	3	1.00
452	4	1.00
452	5	1.00
452	6	1.00
452	7	1.00
452	8	1.00
452	9	1.00
452	10	1.00
452	11	0.55
452	12	0.51
452	13	0.47
453	1	1.00
453	2	1.00
453	3	1.00
453	4	1.00
453	5	1.00
453	6	1.00
453	7	1.00
453	8	1.00
453	9	0.38
453	10	0.35
453	11	0.32
454	1	1.00
454	2	1.00
454	3	0.51
454	4	0.41
454	5	0.34
455	1	1.00
455	2	1.00
455	3	1.00
455	4	1.00
455	5	1.00
455	6	1.00
455	7	0.76
455	8	0.71
455	9	0.65
456	1	1.00
456	2	1.00
456	3	1.00
456	4	1.00
456	5	1.00
456	6	1.00
456	7	1.00
456	8	1.00
456	9	1.00
456	10	1.00
456	11	0.55
456	12	0.51
456	13	0.47
457	1	1.00
457	2	1.00
457	3	1.00
457	4	1.00
457	5	1.00
457	6	0.28
457	7	0.24
457	8	0.20
458	1	1.00
458	2	1.00
458	3	1.00
458	4	1.00
458	5	1.00
458	6	1.00
458	7	1.00
458	8	1.00
458	9	1.00
458	10	0.60
458	11	0.55
458	12	0.51
459	1	1.00
459	2	0.65
459	3	0.51
459	4	0.41
460	1	1.00
460	2	1.00
460	3	1.00
460	4	0.41
460	5	0.34
460	6	0.28
461	1	1.00
461	2	1.00
461	3	0.51
461	4	0.41
461	5	0.34
462	1	1.00
462	2	1.00
462	3	1.00
462	4	1.00
462	5	0.29
462	6	0.25
462	7	0.21
463	1	1.00
463	2	1.00
463	3	1.00
463	4	1.00
463	5	1.00
463	6	1.00
463	7	1.00
463	8	1.00
463	9	1.00
463	10	0.35
463	11	0.32
463	12	0.30
464	1	1.00
464	2	1.00
464	3	1.00
464	4	1.00
464	5	1.00
464	6	1.00
464	7	1.00
464	8	1.00
464	9	1.00
464	10	1.00
464	11	1.00
464	12	1.00
464	13	1.00
464	14	1.00
464	15	1.00
464	16	1.00
464	17	1.00
464	18	0.31
464	19	0.28
464	20	0.26
465	1	1.00
465	2	1.00
465	3	1.00
465	4	1.00
465	5	0.45
465	6	0.37
465	7	0.31
466	1	1.00
466	2	1.00
466	3	1.00
466	4	1.00
466	5	1.00
466	6	1.00
466	7	1.00
466	8	1.00
466	9	1.00
466	10	1.00
466	11	1.00
466	12	1.00
466	13	1.00
466	14	1.00
466	15	1.00
466	16	1.00
466	17	1.00
466	18	0.19
466	19	0.18
466	20	0.17
467	1	1.00
467	2	1.00
467	3	1.00
467	4	1.00
467	5	1.00
467	6	1.00
467	7	1.00
467	8	1.00
467	9	0.18
467	10	0.15
467	11	0.14
468	1	1.00
468	2	1.00
468	3	1.00
468	4	1.00
468	5	0.34
468	6	0.28
468	7	0.24
469	1	1.00
469	2	1.00
469	3	1.00
469	4	1.00
469	5	0.45
469	6	0.37
469	7	0.31
470	1	1.00
470	2	1.00
470	3	1.00
470	4	0.55
470	5	0.45
470	6	0.37
471	1	1.00
471	2	1.00
471	3	1.00
471	4	1.00
471	5	0.45
471	6	0.37
471	7	0.31
472	1	1.00
472	2	1.00
472	3	1.00
472	4	1.00
472	5	1.00
472	6	1.00
472	7	1.00
472	8	0.20
472	9	0.18
472	10	0.15
473	1	1.00
473	2	1.00
473	3	1.00
473	4	1.00
473	5	1.00
473	6	1.00
473	7	1.00
473	8	1.00
473	9	0.18
473	10	0.15
473	11	0.14
474	1	1.00
474	2	1.00
474	3	0.42
474	4	0.34
474	5	0.29
475	1	1.00
475	2	1.00
475	3	0.67
475	4	0.55
475	5	0.45
476	1	1.00
476	2	1.00
476	3	0.42
476	4	0.34
476	5	0.29
477	1	1.00
477	2	1.00
477	3	1.00
477	4	1.00
477	5	1.00
477	6	1.00
477	7	1.00
477	8	1.00
477	9	1.00
477	10	1.00
477	11	1.00
477	12	0.30
477	13	0.27
477	14	0.25
478	1	1.00
478	2	1.00
478	3	1.00
478	4	1.00
478	5	1.00
478	6	1.00
478	7	1.00
478	8	0.26
478	9	0.22
478	10	0.19
479	1	1.00
479	2	1.00
479	3	1.00
479	4	0.93
479	5	0.88
479	6	0.82
480	1	1.00
480	2	1.00
480	3	0.51
480	4	0.41
480	5	0.34
481	1	1.00
481	2	1.00
481	3	1.00
481	4	0.34
481	5	0.29
481	6	0.25
482	1	1.00
482	2	1.00
482	3	1.00
482	4	1.00
482	5	1.00
482	6	1.00
482	7	1.00
482	8	1.00
482	9	1.00
482	10	0.15
482	11	0.14
482	12	0.12
483	1	1.00
483	2	1.00
483	3	1.00
483	4	1.00
483	5	1.00
483	6	1.00
483	7	0.24
483	8	0.20
483	9	0.18
484	1	1.00
484	2	1.00
484	3	0.42
484	4	0.34
484	5	0.29
485	1	1.00
485	2	1.00
485	3	1.00
485	4	1.00
485	5	0.57
485	6	0.51
485	7	0.46
486	1	1.00
486	2	0.65
486	3	0.51
486	4	0.41
487	1	1.00
487	2	1.00
487	3	1.00
487	4	0.55
487	5	0.45
487	6	0.37
488	1	1.00
488	2	1.00
488	3	0.42
488	4	0.34
488	5	0.29
489	1	1.00
489	2	1.00
489	3	0.42
489	4	0.34
489	5	0.29
490	1	1.00
490	2	1.00
490	3	1.00
490	4	1.00
490	5	1.00
490	6	1.00
490	7	0.31
490	8	0.26
490	9	0.22
491	1	1.00
491	2	1.00
491	3	1.00
491	4	1.00
491	5	1.00
491	6	1.00
491	7	0.46
491	8	0.42
491	9	0.38
492	1	1.00
492	2	1.00
492	3	1.00
492	4	1.00
492	5	1.00
492	6	1.00
492	7	0.21
492	8	0.19
492	9	0.17
493	1	1.00
493	2	1.00
493	3	0.42
493	4	0.34
493	5	0.29
494	1	1.00
494	2	0.81
494	3	0.67
494	4	0.55
495	1	1.00
495	2	1.00
495	3	1.00
495	4	1.00
495	5	1.00
495	6	1.00
495	7	1.00
495	8	1.00
495	9	1.00
495	10	1.00
495	11	0.14
495	12	0.12
495	13	0.11
496	1	1.00
496	2	1.00
496	3	1.00
496	4	1.00
496	5	1.00
496	6	1.00
496	7	0.76
496	8	0.71
496	9	0.65
497	1	1.00
497	2	1.00
497	3	1.00
497	4	1.00
497	5	1.00
497	6	1.00
497	7	1.00
497	8	1.00
497	9	1.00
497	10	1.00
497	11	1.00
497	12	1.00
497	13	0.27
497	14	0.25
497	15	0.24
498	1	1.00
498	2	1.00
498	3	1.00
498	4	1.00
498	5	1.00
498	6	1.00
498	7	1.00
498	8	1.00
498	9	1.00
498	10	0.15
498	11	0.14
498	12	0.12
499	1	1.00
499	2	1.00
499	3	0.17
499	4	0.13
499	5	0.11
500	1	1.00
500	2	1.00
500	3	1.00
500	4	1.00
500	5	0.45
500	6	0.37
500	7	0.31
501	1	1.00
501	2	0.65
501	3	0.51
501	4	0.41
502	1	1.00
502	2	1.00
502	3	1.00
502	4	1.00
502	5	1.00
502	6	1.00
502	7	1.00
502	8	1.00
502	9	1.00
502	10	1.00
502	11	1.00
502	12	1.00
502	13	1.00
502	14	1.00
502	15	1.00
502	16	1.00
502	17	1.00
502	18	1.00
502	19	0.28
502	20	0.26
502	21	0.24
503	1	1.00
503	2	1.00
503	3	1.00
503	4	0.41
503	5	0.34
503	6	0.28
504	1	1.00
504	2	1.00
504	3	1.00
504	4	0.64
504	5	0.57
504	6	0.51
505	1	1.00
505	2	1.00
505	3	0.42
505	4	0.34
505	5	0.29
506	1	1.00
506	2	0.23
506	3	0.17
506	4	0.13
507	1	1.00
507	2	1.00
507	3	1.00
507	4	1.00
507	5	0.34
507	6	0.28
507	7	0.24
508	1	1.00
508	2	1.00
508	3	1.00
508	4	0.34
508	5	0.29
508	6	0.25
509	1	1.00
509	2	1.00
509	3	0.42
509	4	0.34
509	5	0.29
510	1	1.00
510	2	1.00
510	3	1.00
510	4	1.00
510	5	0.45
510	6	0.37
510	7	0.31
511	1	1.00
511	2	1.00
511	3	1.00
511	4	1.00
511	5	1.00
511	6	0.25
511	7	0.21
511	8	0.19
512	1	1.00
512	2	1.00
512	3	1.00
512	4	0.41
512	5	0.34
512	6	0.28
513	1	1.00
513	2	1.00
513	3	1.00
513	4	0.34
513	5	0.29
513	6	0.25
514	1	1.00
514	2	1.00
514	3	0.51
514	4	0.41
514	5	0.34
515	1	1.00
515	2	1.00
515	3	1.00
515	4	1.00
515	5	1.00
515	6	1.00
515	7	1.00
515	8	1.00
515	9	1.00
515	10	0.35
515	11	0.32
515	12	0.30
516	1	1.00
516	2	1.00
516	3	1.00
516	4	1.00
516	5	1.00
516	6	1.00
516	7	1.00
516	8	1.00
516	9	1.00
516	10	1.00
516	11	1.00
516	12	1.00
516	13	0.27
516	14	0.25
516	15	0.24
517	1	1.00
517	2	1.00
517	3	1.00
517	4	0.41
517	5	0.34
517	6	0.28
518	1	1.00
518	2	1.00
518	3	0.97
518	4	0.93
518	5	0.88
519	1	1.00
519	2	1.00
519	3	1.00
519	4	1.00
519	5	1.00
519	6	1.00
519	7	1.00
519	8	1.00
519	9	0.17
519	10	0.15
519	11	0.13
520	1	1.00
520	2	1.00
520	3	1.00
520	4	0.41
520	5	0.34
520	6	0.28
521	1	1.00
521	2	1.00
521	3	1.00
521	4	1.00
521	5	1.00
521	6	1.00
521	7	1.00
521	8	1.00
521	9	1.00
521	10	1.00
521	11	0.55
521	12	0.51
521	13	0.47
522	1	1.00
522	2	1.00
522	3	1.00
522	4	1.00
522	5	1.00
522	6	1.00
522	7	1.00
522	8	1.00
522	9	1.00
522	10	1.00
522	11	0.14
522	12	0.12
522	13	0.11
523	1	1.00
523	2	1.00
523	3	1.00
523	4	1.00
523	5	0.29
523	6	0.25
523	7	0.21
524	1	1.00
524	2	0.65
524	3	0.51
524	4	0.41
525	1	1.00
525	2	1.00
525	3	0.42
525	4	0.34
525	5	0.29
526	1	1.00
526	2	1.00
526	3	1.00
526	4	1.00
526	5	1.00
526	6	1.00
526	7	1.00
526	8	1.00
526	9	0.38
526	10	0.35
526	11	0.32
527	1	1.00
527	2	1.00
527	3	1.00
527	4	1.00
527	5	1.00
527	6	1.00
527	7	1.00
527	8	0.19
527	9	0.17
527	10	0.15
528	1	1.00
528	2	1.00
528	3	0.97
528	4	0.93
528	5	0.88
529	1	1.00
529	2	0.81
529	3	0.67
529	4	0.55
530	1	1.00
530	2	1.00
530	3	1.00
530	4	1.00
530	5	1.00
530	6	0.37
530	7	0.31
530	8	0.26
531	1	1.00
531	2	1.00
531	3	1.00
531	4	1.00
531	5	1.00
531	6	1.00
531	7	1.00
531	8	1.00
531	9	1.00
531	10	0.15
531	11	0.14
531	12	0.12
532	1	1.00
532	2	1.00
532	3	0.67
532	4	0.55
532	5	0.45
533	1	1.00
533	2	1.00
533	3	0.51
533	4	0.41
533	5	0.34
534	1	1.00
534	2	1.00
534	3	1.00
534	4	0.34
534	5	0.29
534	6	0.25
535	1	1.00
535	2	1.00
535	3	1.00
535	4	1.00
535	5	1.00
535	6	1.00
535	7	1.00
535	8	0.71
535	9	0.65
535	10	0.60
536	1	1.00
536	2	0.65
536	3	0.51
536	4	0.41
537	1	1.00
537	2	1.00
537	3	1.00
537	4	1.00
537	5	1.00
537	6	1.00
537	7	0.21
537	8	0.19
537	9	0.17
538	1	1.00
538	2	1.00
538	3	1.00
538	4	0.41
538	5	0.34
538	6	0.28
539	1	1.00
539	2	1.00
539	3	1.00
539	4	1.00
539	5	1.00
539	6	1.00
539	7	1.00
539	8	1.00
539	9	1.00
539	10	1.00
539	11	1.00
539	12	0.12
539	13	0.11
539	14	0.09
540	1	1.00
540	2	1.00
540	3	1.00
540	4	0.41
540	5	0.34
540	6	0.28
541	1	1.00
541	2	0.81
541	3	0.67
541	4	0.55
542	1	1.00
542	2	1.00
542	3	1.00
542	4	0.34
542	5	0.29
542	6	0.25
543	1	1.00
543	2	1.00
543	3	1.00
543	4	1.00
543	5	1.00
543	6	1.00
543	7	1.00
543	8	1.00
543	9	0.18
543	10	0.15
543	11	0.14
544	1	1.00
544	2	1.00
544	3	1.00
544	4	1.00
544	5	1.00
544	6	1.00
544	7	1.00
544	8	1.00
544	9	0.65
544	10	0.60
544	11	0.55
545	1	1.00
545	2	0.65
545	3	0.51
545	4	0.41
546	1	1.00
546	2	1.00
546	3	1.00
546	4	1.00
546	5	1.00
546	6	1.00
546	7	1.00
546	8	1.00
546	9	0.18
546	10	0.15
546	11	0.14
547	1	1.00
547	2	0.23
547	3	0.17
547	4	0.13
548	1	1.00
548	2	1.00
548	3	1.00
548	4	1.00
548	5	1.00
548	6	1.00
548	7	0.21
548	8	0.19
548	9	0.17
549	1	1.00
549	2	1.00
549	3	1.00
549	4	0.41
549	5	0.34
549	6	0.28
550	1	1.00
550	2	1.00
550	3	1.00
550	4	0.13
550	5	0.11
550	6	0.09
551	1	1.00
551	2	1.00
551	3	1.00
551	4	1.00
551	5	1.00
551	6	0.82
551	7	0.76
551	8	0.71
552	1	1.00
552	2	1.00
552	3	1.00
552	4	1.00
552	5	1.00
552	6	1.00
552	7	1.00
552	8	1.00
552	9	1.00
552	10	1.00
552	11	1.00
552	12	0.12
552	13	0.11
552	14	0.10
553	1	1.00
553	2	1.00
553	3	0.51
553	4	0.41
553	5	0.34
554	1	1.00
554	2	1.00
554	3	0.51
554	4	0.41
554	5	0.34
555	1	1.00
555	2	1.00
555	3	1.00
555	4	1.00
555	5	1.00
555	6	1.00
555	7	1.00
555	8	0.26
555	9	0.22
555	10	0.19
556	1	1.00
556	2	1.00
556	3	1.00
556	4	1.00
556	5	1.00
556	6	1.00
556	7	0.31
556	8	0.26
556	9	0.22
557	1	1.00
557	2	1.00
557	3	1.00
557	4	1.00
557	5	0.34
557	6	0.28
557	7	0.24
558	1	1.00
558	2	1.00
558	3	0.51
558	4	0.41
558	5	0.34
559	1	1.00
559	2	1.00
559	3	1.00
559	4	1.00
559	5	1.00
559	6	0.37
559	7	0.31
559	8	0.26
560	1	1.00
560	2	1.00
560	3	1.00
560	4	0.55
560	5	0.45
560	6	0.37
561	1	1.00
561	2	1.00
561	3	1.00
561	4	1.00
561	5	1.00
561	6	1.00
561	7	0.24
561	8	0.20
561	9	0.18
562	1	1.00
562	2	0.65
562	3	0.51
562	4	0.41
563	1	1.00
563	2	1.00
563	3	0.67
563	4	0.55
563	5	0.45
564	1	1.00
564	2	1.00
564	3	0.51
564	4	0.41
564	5	0.34
565	1	1.00
565	2	1.00
565	3	1.00
565	4	0.41
565	5	0.34
565	6	0.28
566	1	1.00
566	2	1.00
566	3	1.00
566	4	1.00
566	5	1.00
566	6	0.25
566	7	0.21
566	8	0.19
567	1	1.00
567	2	1.00
567	3	1.00
567	4	1.00
567	5	1.00
567	6	1.00
567	7	1.00
567	8	1.00
567	9	1.00
567	10	1.00
567	11	0.14
567	12	0.12
567	13	0.11
568	1	1.00
568	2	1.00
568	3	1.00
568	4	1.00
568	5	1.00
568	6	1.00
568	7	1.00
568	8	1.00
568	9	1.00
568	10	0.35
568	11	0.32
568	12	0.30
569	1	1.00
569	2	1.00
569	3	0.51
569	4	0.41
569	5	0.34
570	1	1.00
570	2	1.00
570	3	1.00
570	4	0.55
570	5	0.45
570	6	0.37
571	1	1.00
571	2	1.00
571	3	0.51
571	4	0.41
571	5	0.34
572	1	1.00
572	2	1.00
572	3	0.17
572	4	0.13
572	5	0.11
573	1	1.00
573	2	1.00
573	3	1.00
573	4	1.00
573	5	1.00
573	6	1.00
573	7	0.21
573	8	0.19
573	9	0.17
574	1	1.00
574	2	1.00
574	3	1.00
574	4	1.00
574	5	1.00
574	6	1.00
574	7	1.00
574	8	1.00
574	9	0.17
574	10	0.15
574	11	0.13
575	1	1.00
575	2	1.00
575	3	1.00
575	4	1.00
575	5	1.00
575	6	1.00
575	7	1.00
575	8	0.19
575	9	0.17
575	10	0.15
576	1	1.00
576	2	1.00
576	3	1.00
576	4	1.00
576	5	0.29
576	6	0.25
576	7	0.21
577	1	1.00
577	2	1.00
577	3	1.00
577	4	1.00
577	5	1.00
577	6	1.00
577	7	1.00
577	8	1.00
577	9	0.18
577	10	0.15
577	11	0.14
578	1	1.00
578	2	0.65
578	3	0.51
578	4	0.41
579	1	1.00
579	2	1.00
579	3	1.00
579	4	1.00
579	5	1.00
579	6	1.00
579	7	1.00
579	8	1.00
579	9	1.00
579	10	1.00
579	11	1.00
579	12	1.00
579	13	1.00
579	14	1.00
579	15	1.00
579	16	1.00
579	17	1.00
579	18	1.00
579	19	1.00
579	20	0.26
579	21	0.24
579	22	0.22
580	1	1.00
580	2	1.00
580	3	0.67
580	4	0.55
580	5	0.45
581	1	1.00
581	2	1.00
581	3	1.00
581	4	1.00
581	5	1.00
581	6	1.00
581	7	1.00
581	8	1.00
581	9	1.00
581	10	1.00
581	11	1.00
581	12	0.30
581	13	0.27
581	14	0.25
582	1	1.00
582	2	1.00
582	3	0.42
582	4	0.34
582	5	0.29
583	1	1.00
583	2	0.65
583	3	0.51
583	4	0.41
584	1	1.00
584	2	1.00
584	3	1.00
584	4	1.00
584	5	1.00
584	6	0.25
584	7	0.21
584	8	0.19
585	1	1.00
585	2	1.00
585	3	1.00
585	4	1.00
585	5	1.00
585	6	1.00
585	7	1.00
585	8	0.20
585	9	0.18
585	10	0.15
586	1	1.00
586	2	0.23
586	3	0.17
586	4	0.13
587	1	1.00
587	2	1.00
587	3	1.00
587	4	1.00
587	5	1.00
587	6	1.00
587	7	1.00
587	8	0.19
587	9	0.17
587	10	0.15
588	1	1.00
588	2	1.00
588	3	1.00
588	4	1.00
588	5	1.00
588	6	1.00
588	7	1.00
588	8	1.00
588	9	1.00
588	10	1.00
588	11	0.13
588	12	0.12
588	13	0.11
589	1	1.00
589	2	1.00
589	3	1.00
589	4	1.00
589	5	1.00
589	6	1.00
589	7	1.00
589	8	1.00
589	9	1.00
589	10	1.00
589	11	0.32
589	12	0.30
589	13	0.27
590	1	1.00
590	2	1.00
590	3	0.51
590	4	0.41
590	5	0.34
591	1	1.00
591	2	1.00
591	3	1.00
591	4	1.00
591	5	0.34
591	6	0.28
591	7	0.24
592	1	1.00
592	2	1.00
592	3	0.51
592	4	0.41
592	5	0.34
593	1	1.00
593	2	0.23
593	3	0.17
593	4	0.13
594	1	1.00
594	2	1.00
594	3	1.00
594	4	1.00
594	5	0.34
594	6	0.28
594	7	0.24
595	1	1.00
595	2	1.00
595	3	0.51
595	4	0.41
595	5	0.34
596	1	1.00
596	2	0.65
596	3	0.51
596	4	0.41
597	1	1.00
597	2	0.65
597	3	0.51
597	4	0.41
598	1	1.00
598	2	1.00
598	3	1.00
598	4	0.41
598	5	0.34
598	6	0.28
599	1	1.00
599	2	1.00
599	3	1.00
599	4	1.00
599	5	1.00
599	6	1.00
599	7	1.00
599	8	1.00
599	9	1.00
599	10	1.00
599	11	1.00
599	12	1.00
599	13	1.00
599	14	1.00
599	15	1.00
599	16	0.36
599	17	0.33
599	18	0.31
600	1	1.00
600	2	0.65
600	3	0.51
600	4	0.41
601	1	1.00
601	2	1.00
601	3	1.00
601	4	1.00
601	5	1.00
601	6	1.00
601	7	1.00
601	8	1.00
601	9	1.00
601	10	1.00
601	11	1.00
601	12	1.00
601	13	1.00
601	14	0.43
601	15	0.39
601	16	0.36
602	1	1.00
602	2	1.00
602	3	1.00
602	4	1.00
602	5	1.00
602	6	1.00
602	7	0.24
602	8	0.20
602	9	0.18
603	1	1.00
603	2	1.00
603	3	1.00
603	4	1.00
603	5	1.00
603	6	0.82
603	7	0.76
603	8	0.71
604	1	1.00
604	2	1.00
604	3	1.00
604	4	1.00
604	5	0.45
604	6	0.37
604	7	0.31
605	1	1.00
605	2	1.00
605	3	1.00
605	4	1.00
605	5	1.00
605	6	1.00
605	7	1.00
605	8	1.00
605	9	1.00
605	10	1.00
605	11	1.00
605	12	1.00
605	13	0.47
605	14	0.43
605	15	0.39
606	1	1.00
606	2	1.00
606	3	0.51
606	4	0.41
606	5	0.34
607	1	1.00
607	2	1.00
607	3	0.42
607	4	0.34
607	5	0.29
608	1	1.00
608	2	1.00
608	3	1.00
608	4	1.00
608	5	1.00
608	6	1.00
608	7	1.00
608	8	1.00
608	9	1.00
608	10	1.00
608	11	0.14
608	12	0.12
608	13	0.11
609	1	1.00
609	2	1.00
609	3	1.00
609	4	1.00
609	5	1.00
609	6	1.00
609	7	1.00
609	8	1.00
609	9	1.00
609	10	1.00
609	11	1.00
609	12	1.00
609	13	1.00
609	14	1.00
609	15	1.00
609	16	1.00
609	17	0.33
609	18	0.31
609	19	0.28
610	1	1.00
610	2	1.00
610	3	1.00
610	4	1.00
610	5	1.00
610	6	1.00
610	7	1.00
610	8	1.00
610	9	1.00
610	10	1.00
610	11	1.00
610	12	1.00
610	13	1.00
610	14	1.00
610	15	1.00
610	16	1.00
610	17	1.00
610	18	1.00
610	19	0.28
610	20	0.26
610	21	0.24
611	1	1.00
611	2	1.00
611	3	0.67
611	4	0.55
611	5	0.45
612	1	1.00
612	2	1.00
612	3	1.00
612	4	1.00
612	5	0.29
612	6	0.25
612	7	0.21
613	1	1.00
613	2	0.65
613	3	0.51
613	4	0.41
614	1	1.00
614	2	1.00
614	3	0.17
614	4	0.13
614	5	0.11
615	1	1.00
615	2	1.00
615	3	1.00
615	4	1.00
615	5	1.00
615	6	1.00
615	7	0.76
615	8	0.71
615	9	0.65
616	1	1.00
616	2	1.00
616	3	0.67
616	4	0.55
616	5	0.45
617	1	1.00
617	2	1.00
617	3	0.51
617	4	0.41
617	5	0.34
618	1	1.00
618	2	1.00
618	3	1.00
618	4	1.00
618	5	1.00
618	6	1.00
618	7	1.00
618	8	1.00
618	9	1.00
618	10	1.00
618	11	1.00
618	12	1.00
618	13	0.27
618	14	0.25
618	15	0.24
619	1	1.00
619	2	1.00
619	3	1.00
619	4	1.00
619	5	1.00
619	6	1.00
619	7	0.24
619	8	0.20
619	9	0.18
620	1	1.00
620	2	1.00
620	3	0.42
620	4	0.34
620	5	0.29
621	1	1.00
621	2	0.65
621	3	0.51
621	4	0.41
622	1	1.00
622	2	1.00
622	3	0.51
622	4	0.41
622	5	0.34
623	1	1.00
623	2	1.00
623	3	1.00
623	4	1.00
623	5	1.00
623	6	0.37
623	7	0.31
623	8	0.26
624	1	1.00
624	2	1.00
624	3	0.42
624	4	0.34
624	5	0.29
