p	r	R_p
1	1	1
1	2	1
1	3	1
1	4	0
1	5	1
1	6	1
1	7	1
1	8	1
1	9	1
1	10	1
1	11	1
1	12	1
1	13	0
1	14	1
1	15	1
1	16	0
1	17	1
1	18	1
1	19	0
1	20	0
1	21	1
1	22	1
1	23	1
1	24	1
1	25	0
1	26	1
1	27	1
1	28	1
1	29	1
1	30	0
1	31	0
1	32	1
1	33	1
1	34	1
1	35	1
1	36	1
1	37	0
1	38	1
1	39	1
1	40	1
2	1	0
2	2	1
2	3	1
2	4	0
2	5	1
2	6	1
2	7	1
2	8	1
2	9	0
2	10	0
2	11	0
2	12	0
2	13	0
2	14	1
2	15	1
2	16	0
2	17	0
2	18	0
2	19	0
2	20	0
2	21	0
2	22	0
2	23	1
2	24	1
2	25	0
2	26	1
2	27	1
2	28	1
2	29	1
2	30	0
2	31	0
2	32	1
2	33	1
2	34	0
2	35	1
2	36	1
2	37	0
2	38	0
2	39	0
2	40	0
3	1	0
3	2	0
3	3	0
3	4	0
3	5	0
3	6	0
3	7	0
3	8	0
3	9	1
3	10	0
3	11	0
3	12	1
3	13	0
3	14	1
3	15	0
3	16	0
3	17	1
3	18	1
3	19	0
3	20	0
3	21	0
3	22	1
3	23	0
3	24	1
3	25	0
3	26	0
3	27	0
3	28	0
3	29	0
3	30	0
3	31	0
3	32	1
3	33	0
3	34	1
3	35	1
3	36	0
3	37	0
3	38	0
3	39	1
3	40	0
4	1	1
4	2	1
4	3	1
4	4	1
4	5	1
4	6	1
4	7	1
4	8	1
4	9	1
4	10	0
4	11	1
4	12	0
4	13	1
4	14	1
4	15	1
4	16	1
4	17	0
4	18	0
4	19	1
4	20	1
4	21	1
4	22	0
4	23	1
4	24	1
4	25	1
4	26	1
4	27	1
4	28	1
4	29	1
4	30	1
4	31	1
4	32	1
4	33	1
4	34	0
4	35	1
4	36	1
4	37	1
4	38	0
4	39	1
4	40	0
5	1	0
5	2	1
5	3	1
5	4	1
5	5	0
5	6	1
5	7	1
5	8	0
5	9	0
5	10	0
5	11	0
5	12	0
5	13	1
5	14	1
5	15	1
5	16	1
5	17	0
5	18	0
5	19	1
5	20	1
5	21	0
5	22	0
5	23	1
5	24	1
5	25	1
5	26	0
5	27	1
5	28	1
5	29	1
5	30	1
5	31	1
5	32	1
5	33	1
5	34	0
5	35	1
5	36	0
5	37	1
5	38	0
5	39	0
5	40	0
6	1	1
6	2	1
6	3	0
6	4	0
6	5	0
6	6	0
6	7	0
6	8	0
6	9	1
6	10	0
6	11	1
6	12	0
6	13	0
6	14	1
6	15	0
6	16	0
6	17	0
6	18	0
6	19	0
6	20	0
6	21	1
6	22	0
6	23	0
6	24	1
6	25	0
6	26	0
6	27	1
6	28	0
6	29	0
6	30	0
6	31	0
6	32	1
6	33	0
6	34	0
6	35	1
6	36	0
6	37	0
6	38	0
6	39	1
6	40	0
7	1	1
7	2	1
7	3	0
7	4	0
7	5	0
7	6	0
7	7	0
7	8	0
7	9	1
7	10	1
7	11	1
7	12	1
7	13	0
7	14	1
7	15	0
7	16	0
7	17	1
7	18	1
7	19	0
7	20	0
7	21	1
7	22	1
7	23	0
7	24	1
7	25	0
7	26	0
7	27	1
7	28	0
7	29	0
7	30	0
7	31	0
7	32	1
7	33	0
7	34	1
7	35	1
7	36	0
7	37	0
7	38	1
7	39	1
7	40	1
8	1	0
8	2	0
8	3	1
8	4	0
8	5	1
8	6	1
8	7	1
8	8	0
8	9	0
8	10	0
8	11	0
8	12	0
8	13	0
8	14	0
8	15	1
8	16	0
8	17	0
8	18	0
8	19	0
8	20	0
8	21	0
8	22	0
8	23	0
8	24	1
8	25	0
8	26	1
8	27	0
8	28	1
8	29	0
8	30	0
8	31	0
8	32	1
8	33	1
8	34	0
8	35	0
8	36	0
8	37	0
8	38	0
8	39	1
8	40	0
9	1	0
9	2	1
9	3	1
9	4	0
9	5	1
9	6	1
9	7	1
9	8	1
9	9	0
9	10	0
9	11	0
9	12	0
9	13	0
9	14	1
9	15	1
9	16	0
9	17	0
9	18	0
9	19	0
9	20	0
9	21	0
9	22	0
9	23	1
9	24	1
9	25	0
9	26	1
9	27	1
9	28	1
9	29	1
9	30	0
9	31	0
9	32	1
9	33	1
9	34	0
9	35	1
9	36	1
9	37	0
9	38	0
9	39	0
9	40	0
10	1	0
10	2	1
10	3	1
10	4	1
10	5	0
10	6	1
10	7	1
10	8	0
10	9	0
10	10	0
10	11	0
10	12	0
10	13	1
10	14	1
10	15	1
10	16	1
10	17	0
10	18	0
10	19	1
10	20	1
10	21	0
10	22	0
10	23	1
10	24	1
10	25	1
10	26	0
10	27	1
10	28	1
10	29	1
10	30	1
10	31	1
10	32	1
10	33	1
10	34	0
10	35	1
10	36	0
10	37	1
10	38	0
10	39	0
10	40	0
11	1	0
11	2	0
11	3	0
11	4	0
11	5	0
11	6	0
11	7	0
11	8	0
11	9	1
11	10	0
11	11	0
11	12	0
11	13	0
11	14	1
11	15	0
11	16	0
11	17	0
11	18	0
11	19	0
11	20	0
11	21	0
11	22	0
11	23	0
11	24	1
11	25	0
11	26	0
11	27	0
11	28	0
11	29	0
11	30	0
11	31	0
11	32	1
11	33	0
11	34	0
11	35	1
11	36	0
11	37	0
11	38	0
11	39	1
11	40	0
12	1	1
12	2	1
12	3	1
12	4	0
12	5	0
12	6	1
12	7	0
12	8	0
12	9	1
12	10	0
12	11	1
12	12	0
12	13	0
12	14	1
12	15	1
12	16	0
12	17	0
12	18	0
12	19	0
12	20	0
12	21	1
12	22	0
12	23	1
12	24	0
12	25	0
12	26	0
12	27	1
12	28	0
12	29	1
12	30	0
12	31	0
12	32	1
12	33	0
12	34	0
12	35	1
12	36	0
12	37	0
12	38	0
12	39	1
12	40	0
13	1	1
13	2	1
13	3	1
13	4	0
13	5	1
13	6	1
13	7	1
13	8	1
13	9	1
13	10	0
13	11	1
13	12	0
13	13	0
13	14	1
13	15	1
13	16	0
13	17	0
13	18	0
13	19	0
13	20	0
13	21	1
13	22	0
13	23	1
13	24	1
13	25	0
13	26	1
13	27	1
13	28	1
13	29	1
13	30	0
13	31	0
13	32	1
13	33	1
13	34	0
13	35	1
13	36	1
13	37	0
13	38	0
13	39	1
13	40	0
14	1	1
14	2	1
14	3	1
14	4	0
14	5	1
14	6	1
14	7	1
14	8	1
14	9	1
14	10	0
14	11	1
14	12	0
14	13	0
14	14	1
14	15	1
14	16	0
14	17	0
14	18	0
14	19	0
14	20	0
14	21	1
14	22	0
14	23	1
14	24	1
14	25	0
14	26	1
14	27	1
14	28	1
14	29	1
14	30	0
14	31	0
14	32	1
14	33	1
14	34	0
14	35	1
14	36	1
14	37	0
14	38	0
14	39	1
14	40	0
15	1	0
15	2	1
15	3	1
15	4	0
15	5	1
15	6	1
15	7	1
15	8	1
15	9	0
15	10	0
15	11	0
15	12	0
15	13	0
15	14	1
15	15	1
15	16	0
15	17	0
15	18	0
15	19	0
15	20	0
15	21	0
15	22	0
15	23	1
15	24	1
15	25	0
15	26	1
15	27	1
15	28	1
15	29	1
15	30	0
15	31	0
15	32	1
15	33	1
15	34	0
15	35	1
15	36	1
15	37	0
15	38	0
15	39	0
15	40	0
16	1	0
16	2	1
16	3	1
16	4	0
16	5	0
16	6	1
16	7	1
16	8	0
16	9	0
16	10	1
16	11	0
16	12	1
16	13	0
16	14	1
16	15	1
16	16	0
16	17	1
16	18	1
16	19	0
16	20	0
16	21	0
16	22	1
16	23	1
16	24	1
16	25	0
16	26	0
16	27	1
16	28	1
16	29	1
16	30	0
16	31	0
16	32	1
16	33	1
16	34	1
16	35	1
16	36	0
16	37	0
16	38	1
16	39	0
16	40	1
17	1	0
17	2	1
17	3	1
17	4	0
17	5	1
17	6	1
17	7	1
17	8	1
17	9	0
17	10	0
17	11	0
17	12	0
17	13	0
17	14	1
17	15	1
17	16	0
17	17	0
17	18	0
17	19	0
17	20	0
17	21	0
17	22	0
17	23	1
17	24	1
17	25	0
17	26	1
17	27	1
17	28	1
17	29	1
17	30	0
17	31	0
17	32	1
17	33	1
17	34	0
17	35	1
17	36	1
17	37	0
17	38	0
17	39	0
17	40	0
18	1	1
18	2	1
18	3	0
18	4	0
18	5	0
18	6	0
18	7	0
18	8	0
18	9	1
18	10	1
18	11	1
18	12	1
18	13	0
18	14	1
18	15	0
18	16	0
18	17	1
18	18	1
18	19	0
18	20	0
18	21	1
18	22	1
18	23	0
18	24	1
18	25	0
18	26	0
18	27	1
18	28	0
18	29	0
18	30	0
18	31	0
18	32	1
18	33	0
18	34	1
18	35	1
18	36	0
18	37	0
18	38	1
18	39	1
18	40	1
19	1	0
19	2	1
19	3	1
19	4	0
19	5	0
19	6	1
19	7	1
19	8	0
19	9	0
19	10	0
19	11	0
19	12	0
19	13	0
19	14	1
19	15	1
19	16	0
19	17	0
19	18	0
19	19	0
19	20	0
19	21	0
19	22	0
19	23	1
19	24	1
19	25	0
19	26	0
19	27	1
19	28	1
19	29	1
19	30	0
19	31	0
19	32	1
19	33	1
19	34	0
19	35	1
19	36	0
19	37	0
19	38	0
19	39	0
19	40	0
20	1	0
20	2	1
20	3	1
20	4	0
20	5	0
20	6	1
20	7	1
20	8	0
20	9	0
20	10	1
20	11	0
20	12	1
20	13	0
20	14	1
20	15	1
20	16	0
20	17	1
20	18	1
20	19	0
20	20	0
20	21	0
20	22	1
20	23	1
20	24	1
20	25	0
20	26	0
20	27	1
20	28	1
20	29	1
20	30	0
20	31	0
20	32	1
20	33	1
20	34	1
20	35	1
20	36	0
20	37	0
20	38	1
20	39	0
20	40	1
21	1	1
21	2	1
21	3	1
21	4	0
21	5	1
21	6	1
21	7	1
21	8	1
21	9	1
21	10	1
21	11	1
21	12	1
21	13	0
21	14	1
21	15	1
21	16	0
21	17	1
21	18	1
21	19	0
21	20	0
21	21	1
21	22	1
21	23	1
21	24	1
21	25	0
21	26	1
21	27	1
21	28	1
21	29	1
21	30	0
21	31	0
21	32	1
21	33	1
21	34	1
21	35	1
21	36	1
21	37	0
21	38	1
21	39	1
21	40	1
22	1	1
22	2	1
22	3	1
22	4	0
22	5	1
22	6	1
22	7	1
22	8	0
22	9	0
22	10	0
22	11	0
22	12	0
22	13	0
22	14	0
22	15	1
22	16	0
22	17	0
22	18	0
22	19	0
22	20	0
22	21	1
22	22	0
22	23	1
22	24	0
22	25	0
22	26	1
22	27	1
22	28	1
22	29	0
22	30	0
22	31	0
22	32	1
22	33	1
22	34	0
22	35	1
22	36	1
22	37	0
22	38	0
22	39	1
22	40	0
23	1	1
23	2	1
23	3	0
23	4	0
23	5	0
23	6	0
23	7	0
23	8	0
23	9	0
23	10	1
23	11	0
23	12	1
23	13	0
23	14	0
23	15	0
23	16	0
23	17	1
23	18	1
23	19	0
23	20	0
23	21	1
23	22	1
23	23	0
23	24	0
23	25	0
23	26	0
23	27	1
23	28	0
23	29	0
23	30	0
23	31	0
23	32	1
23	33	0
23	34	0
23	35	1
23	36	0
23	37	0
23	38	1
23	39	1
23	40	0
24	1	0
24	2	1
24	3	1
24	4	1
24	5	0
24	6	1
24	7	1
24	8	0
24	9	0
24	10	1
24	11	0
24	12	1
24	13	1
24	14	1
24	15	1
24	16	1
24	17	1
24	18	1
24	19	1
24	20	1
24	21	0
24	22	1
24	23	1
24	24	1
24	25	1
24	26	0
24	27	1
24	28	1
24	29	1
24	30	1
24	31	1
24	32	1
24	33	1
24	34	1
24	35	1
24	36	0
24	37	1
24	38	1
24	39	0
24	40	1
25	1	1
25	2	1
25	3	0
25	4	0
25	5	0
25	6	0
25	7	0
25	8	0
25	9	1
25	10	1
25	11	1
25	12	1
25	13	0
25	14	1
25	15	0
25	16	0
25	17	1
25	18	1
25	19	0
25	20	0
25	21	1
25	22	1
25	23	0
25	24	1
25	25	0
25	26	0
25	27	1
25	28	0
25	29	0
25	30	0
25	31	0
25	32	1
25	33	0
25	34	1
25	35	1
25	36	0
25	37	0
25	38	1
25	39	1
25	40	1
26	1	0
26	2	1
26	3	1
26	4	0
26	5	1
26	6	1
26	7	1
26	8	0
26	9	0
26	10	0
26	11	0
26	12	0
26	13	0
26	14	0
26	15	1
26	16	0
26	17	0
26	18	0
26	19	0
26	20	0
26	21	1
26	22	0
26	23	1
26	24	0
26	25	0
26	26	1
26	27	0
26	28	1
26	29	0
26	30	0
26	31	0
26	32	1
26	33	1
26	34	0
26	35	0
26	36	1
26	37	0
26	38	0
26	39	1
26	40	0
27	1	1
27	2	1
27	3	1
27	4	0
27	5	0
27	6	1
27	7	1
27	8	0
27	9	1
27	10	0
27	11	1
27	12	0
27	13	0
27	14	1
27	15	1
27	16	0
27	17	0
27	18	0
27	19	0
27	20	0
27	21	1
27	22	0
27	23	1
27	24	1
27	25	0
27	26	0
27	27	1
27	28	1
27	29	1
27	30	0
27	31	0
27	32	1
27	33	1
27	34	0
27	35	1
27	36	0
27	37	0
27	38	0
27	39	1
27	40	0
28	1	1
28	2	1
28	3	1
28	4	0
28	5	1
28	6	1
28	7	1
28	8	1
28	9	1
28	10	1
28	11	1
28	12	1
28	13	0
28	14	1
28	15	1
28	16	0
28	17	1
28	18	1
28	19	0
28	20	0
28	21	1
28	22	1
28	23	1
28	24	1
28	25	0
28	26	1
28	27	1
28	28	1
28	29	1
28	30	0
28	31	0
28	32	1
28	33	1
28	34	1
28	35	1
28	36	1
28	37	0
28	38	1
28	39	1
28	40	1
29	1	0
29	2	1
29	3	1
29	4	0
29	5	1
29	6	1
29	7	1
29	8	0
29	9	0
29	10	1
29	11	1
29	12	1
29	13	0
29	14	0
29	15	1
29	16	0
29	17	1
29	18	1
29	19	0
29	20	0
29	21	1
29	22	1
29	23	1
29	24	1
29	25	0
29	26	1
29	27	0
29	28	1
29	29	0
29	30	0
29	31	0
29	32	1
29	33	1
29	34	0
29	35	0
29	36	1
29	37	0
29	38	1
29	39	1
29	40	0
30	1	0
30	2	1
30	3	1
30	4	0
30	5	1
30	6	1
30	7	1
30	8	1
30	9	0
30	10	0
30	11	0
30	12	0
30	13	0
30	14	1
30	15	1
30	16	0
30	17	0
30	18	0
30	19	0
30	20	0
30	21	0
30	22	0
30	23	1
30	24	1
30	25	0
30	26	1
30	27	1
30	28	1
30	29	1
30	30	0
30	31	0
30	32	1
30	33	1
30	34	0
30	35	1
30	36	1
30	37	0
30	38	0
30	39	0
30	40	0
31	1	1
31	2	1
31	3	0
31	4	0
31	5	0
31	6	0
31	7	0
31	8	0
31	9	1
31	10	1
31	11	1
31	12	1
31	13	0
31	14	1
31	15	0
31	16	0
31	17	1
31	18	1
31	19	0
31	20	0
31	21	1
31	22	1
31	23	0
31	24	1
31	25	0
31	26	0
31	27	1
31	28	0
31	29	0
31	30	0
31	31	0
31	32	1
31	33	0
31	34	1
31	35	1
31	36	0
31	37	0
31	38	1
31	39	1
31	40	1
32	1	1
32	2	1
32	3	1
32	4	0
32	5	1
32	6	1
32	7	1
32	8	1
32	9	1
32	10	0
32	11	1
32	12	0
32	13	0
32	14	1
32	15	1
32	16	0
32	17	0
32	18	0
32	19	0
32	20	0
32	21	1
32	22	0
32	23	1
32	24	1
32	25	0
32	26	1
32	27	1
32	28	1
32	29	1
32	30	0
32	31	0
32	32	1
32	33	1
32	34	0
32	35	1
32	36	1
32	37	0
32	38	0
32	39	1
32	40	0
33	1	0
33	2	1
33	3	1
33	4	0
33	5	0
33	6	1
33	7	1
33	8	0
33	9	0
33	10	0
33	11	0
33	12	0
33	13	0
33	14	1
33	15	1
33	16	0
33	17	0
33	18	0
33	19	0
33	20	0
33	21	0
33	22	0
33	23	1
33	24	1
33	25	0
33	26	0
33	27	1
33	28	1
33	29	1
33	30	0
33	31	0
33	32	1
33	33	1
33	34	0
33	35	1
33	36	0
33	37	0
33	38	0
33	39	0
33	40	0
34	1	0
34	2	1
34	3	1
34	4	0
34	5	0
34	6	1
34	7	1
34	8	0
34	9	0
34	10	1
34	11	0
34	12	1
34	13	0
34	14	1
34	15	1
34	16	0
34	17	1
34	18	1
34	19	0
34	20	0
34	21	0
34	22	1
34	23	1
34	24	1
34	25	0
34	26	0
34	27	1
34	28	1
34	29	1
34	30	0
34	31	0
34	32	1
34	33	1
34	34	1
34	35	1
34	36	0
34	37	0
34	38	1
34	39	0
34	40	1
35	1	1
35	2	1
35	3	1
35	4	0
35	5	1
35	6	1
35	7	1
35	8	1
35	9	1
35	10	1
35	11	1
35	12	1
35	13	0
35	14	1
35	15	1
35	16	0
35	17	1
35	18	1
35	19	0
35	20	0
35	21	1
35	22	1
35	23	1
35	24	1
35	25	0
35	26	1
35	27	1
35	28	1
35	29	1
35	30	0
35	31	0
35	32	1
35	33	1
35	34	1
35	35	1
35	36	1
35	37	0
35	38	1
35	39	1
35	40	1
36	1	1
36	2	1
36	3	1
36	4	0
36	5	0
36	6	1
36	7	1
36	8	0
36	9	1
36	10	0
36	11	1
36	12	0
36	13	0
36	14	1
36	15	1
36	16	0
36	17	0
36	18	0
36	19	0
36	20	0
36	21	1
36	22	0
36	23	1
36	24	1
36	25	0
36	26	0
36	27	1
36	28	1
36	29	1
36	30	0
36	31	0
36	32	1
36	33	1
36	34	0
36	35	1
36	36	0
36	37	0
36	38	0
36	39	1
36	40	0
37	1	1
37	2	1
37	3	1
37	4	0
37	5	1
37	6	1
37	7	1
37	8	1
37	9	1
37	10	0
37	11	1
37	12	0
37	13	0
37	14	1
37	15	1
37	16	0
37	17	0
37	18	0
37	19	0
37	20	0
37	21	1
37	22	0
37	23	1
37	24	1
37	25	0
37	26	1
37	27	1
37	28	1
37	29	1
37	30	0
37	31	0
37	32	1
37	33	1
37	34	0
37	35	1
37	36	1
37	37	0
37	38	0
37	39	1
37	40	0
38	1	1
38	2	1
38	3	0
38	4	0
38	5	0
38	6	0
38	7	0
38	8	0
38	9	1
38	10	0
38	11	1
38	12	0
38	13	0
38	14	1
38	15	0
38	16	0
38	17	0
38	18	0
38	19	0
38	20	0
38	21	1
38	22	0
38	23	0
38	24	1
38	25	0
38	26	0
38	27	1
38	28	0
38	29	0
38	30	0
38	31	0
38	32	1
38	33	0
38	34	0
38	35	1
38	36	0
38	37	0
38	38	0
38	39	1
38	40	0
39	1	1
39	2	1
39	3	0
39	4	0
39	5	0
39	6	0
39	7	0
39	8	0
39	9	1
39	10	1
39	11	1
39	12	1
39	13	0
39	14	1
39	15	0
39	16	0
39	17	1
39	18	1
39	19	0
39	20	0
39	21	1
39	22	1
39	23	0
39	24	1
39	25	0
39	26	0
39	27	1
39	28	0
39	29	0
39	30	0
39	31	0
39	32	1
39	33	0
39	34	1
39	35	1
39	36	0
39	37	0
39	38	1
39	39	1
39	40	1
40	1	1
40	2	1
40	3	0
40	4	0
40	5	0
40	6	0
40	7	0
40	8	0
40	9	1
40	10	1
40	11	1
40	12	1
40	13	0
40	14	1
40	15	0
40	16	0
40	17	1
40	18	1
40	19	0
40	20	0
40	21	1
40	22	1
40	23	0
40	24	1
40	25	0
40	26	0
40	27	1
40	28	0
40	29	0
40	30	0
40	31	0
40	32	1
40	33	0
40	34	1
40	35	1
40	36	0
40	37	0
40	38	1
40	39	1
40	40	1
41	1	1
41	2	1
41	3	0
41	4	1
41	5	0
41	6	0
41	7	0
41	8	0
41	9	1
41	10	0
41	11	1
41	12	0
41	13	1
41	14	1
41	15	0
41	16	1
41	17	0
41	18	0
41	19	1
41	20	1
41	21	1
41	22	0
41	23	0
41	24	1
41	25	1
41	26	0
41	27	1
41	28	0
41	29	0
41	30	1
41	31	1
41	32	1
41	33	0
41	34	0
41	35	1
41	36	0
41	37	1
41	38	0
41	39	1
41	40	0
42	1	1
42	2	1
42	3	1
42	4	0
42	5	1
42	6	1
42	7	1
42	8	1
42	9	1
42	10	0
42	11	1
42	12	0
42	13	0
42	14	1
42	15	1
42	16	0
42	17	0
42	18	0
42	19	0
42	20	0
42	21	1
42	22	0
42	23	1
42	24	1
42	25	0
42	26	1
42	27	1
42	28	1
42	29	1
42	30	0
42	31	0
42	32	1
42	33	1
42	34	0
42	35	1
42	36	1
42	37	0
42	38	0
42	39	1
42	40	0
43	1	1
43	2	1
43	3	1
43	4	1
43	5	1
43	6	1
43	7	1
43	8	1
43	9	1
43	10	0
43	11	1
43	12	0
43	13	1
43	14	1
43	15	1
43	16	1
43	17	0
43	18	0
43	19	1
43	20	1
43	21	1
43	22	0
43	23	1
43	24	1
43	25	1
43	26	1
43	27	1
43	28	1
43	29	1
43	30	1
43	31	1
43	32	1
43	33	1
43	34	0
43	35	1
43	36	1
43	37	1
43	38	0
43	39	1
43	40	0
44	1	0
44	2	1
44	3	1
44	4	0
44	5	0
44	6	1
44	7	1
44	8	0
44	9	0
44	10	1
44	11	0
44	12	1
44	13	0
44	14	1
44	15	1
44	16	0
44	17	1
44	18	1
44	19	0
44	20	0
44	21	0
44	22	1
44	23	1
44	24	1
44	25	0
44	26	0
44	27	1
44	28	1
44	29	1
44	30	0
44	31	0
44	32	1
44	33	1
44	34	1
44	35	1
44	36	0
44	37	0
44	38	1
44	39	0
44	40	1
45	1	1
45	2	1
45	3	1
45	4	0
45	5	0
45	6	1
45	7	1
45	8	0
45	9	1
45	10	0
45	11	1
45	12	0
45	13	0
45	14	1
45	15	1
45	16	0
45	17	0
45	18	0
45	19	0
45	20	0
45	21	1
45	22	0
45	23	1
45	24	1
45	25	0
45	26	0
45	27	1
45	28	1
45	29	1
45	30	0
45	31	0
45	32	1
45	33	1
45	34	0
45	35	1
45	36	0
45	37	0
45	38	0
45	39	1
45	40	0
46	1	1
46	2	1
46	3	1
46	4	0
46	5	1
46	6	1
46	7	1
46	8	1
46	9	1
46	10	0
46	11	1
46	12	0
46	13	0
46	14	1
46	15	1
46	16	0
46	17	0
46	18	0
46	19	0
46	20	0
46	21	1
46	22	0
46	23	1
46	24	1
46	25	0
46	26	1
46	27	1
46	28	1
46	29	1
46	30	0
46	31	0
46	32	1
46	33	1
46	34	0
46	35	1
46	36	1
46	37	0
46	38	0
46	39	1
46	40	0
47	1	0
47	2	0
47	3	1
47	4	0
47	5	0
47	6	1
47	7	1
47	8	0
47	9	0
47	10	0
47	11	0
47	12	0
47	13	0
47	14	1
47	15	1
47	16	0
47	17	0
47	18	0
47	19	0
47	20	0
47	21	0
47	22	0
47	23	0
47	24	1
47	25	0
47	26	0
47	27	0
47	28	1
47	29	0
47	30	0
47	31	0
47	32	1
47	33	1
47	34	0
47	35	1
47	36	0
47	37	0
47	38	0
47	39	0
47	40	0
48	1	1
48	2	1
48	3	1
48	4	1
48	5	0
48	6	1
48	7	1
48	8	0
48	9	0
48	10	0
48	11	0
48	12	0
48	13	1
48	14	0
48	15	1
48	16	1
48	17	0
48	18	0
48	19	1
48	20	0
48	21	1
48	22	0
48	23	1
48	24	0
48	25	1
48	26	0
48	27	1
48	28	1
48	29	0
48	30	1
48	31	0
48	32	1
48	33	1
48	34	0
48	35	1
48	36	0
48	37	1
48	38	0
48	39	1
48	40	0
49	1	1
49	2	0
49	3	1
49	4	0
49	5	1
49	6	1
49	7	1
49	8	1
49	9	1
49	10	1
49	11	1
49	12	1
49	13	0
49	14	0
49	15	1
49	16	0
49	17	1
49	18	1
49	19	0
49	20	0
49	21	1
49	22	1
49	23	1
49	24	0
49	25	0
49	26	1
49	27	0
49	28	1
49	29	1
49	30	0
49	31	0
49	32	0
49	33	1
49	34	1
49	35	0
49	36	1
49	37	0
49	38	1
49	39	1
49	40	1
50	1	0
50	2	1
50	3	1
50	4	0
50	5	0
50	6	1
50	7	1
50	8	0
50	9	0
50	10	0
50	11	0
50	12	0
50	13	0
50	14	1
50	15	1
50	16	0
50	17	0
50	18	0
50	19	0
50	20	0
50	21	0
50	22	0
50	23	1
50	24	1
50	25	0
50	26	0
50	27	1
50	28	1
50	29	1
50	30	0
50	31	0
50	32	1
50	33	1
50	34	0
50	35	1
50	36	0
50	37	0
50	38	0
50	39	0
50	40	0
51	1	1
51	2	1
51	3	1
51	4	0
51	5	1
51	6	1
51	7	0
51	8	1
51	9	1
51	10	0
51	11	1
51	12	0
51	13	1
51	14	1
51	15	1
51	16	1
51	17	0
51	18	0
51	19	1
51	20	0
51	21	1
51	22	0
51	23	1
51	24	0
51	25	0
51	26	1
51	27	1
51	28	0
51	29	1
51	30	0
51	31	0
51	32	1
51	33	0
51	34	0
51	35	1
51	36	0
51	37	1
51	38	0
51	39	1
51	40	0
52	1	1
52	2	1
52	3	1
52	4	0
52	5	1
52	6	1
52	7	1
52	8	1
52	9	1
52	10	0
52	11	1
52	12	0
52	13	0
52	14	1
52	15	1
52	16	0
52	17	0
52	18	0
52	19	0
52	20	0
52	21	1
52	22	0
52	23	1
52	24	1
52	25	0
52	26	1
52	27	1
52	28	1
52	29	1
52	30	0
52	31	0
52	32	1
52	33	1
52	34	0
52	35	1
52	36	1
52	37	0
52	38	0
52	39	1
52	40	0
53	1	1
53	2	1
53	3	0
53	4	0
53	5	0
53	6	0
53	7	0
53	8	0
53	9	1
53	10	0
53	11	1
53	12	0
53	13	0
53	14	1
53	15	0
53	16	0
53	17	0
53	18	0
53	19	0
53	20	0
53	21	1
53	22	0
53	23	0
53	24	1
53	25	0
53	26	0
53	27	1
53	28	0
53	29	0
53	30	0
53	31	0
53	32	1
53	33	0
53	34	0
53	35	1
53	36	0
53	37	0
53	38	0
53	39	1
53	40	0
54	1	0
54	2	1
54	3	0
54	4	0
54	5	0
54	6	0
54	7	0
54	8	0
54	9	0
54	10	1
54	11	1
54	12	1
54	13	0
54	14	0
54	15	0
54	16	0
54	17	1
54	18	1
54	19	0
54	20	0
54	21	1
54	22	1
54	23	0
54	24	1
54	25	0
54	26	0
54	27	0
54	28	0
54	29	0
54	30	0
54	31	0
54	32	1
54	33	0
54	34	0
54	35	0
54	36	0
54	37	0
54	38	1
54	39	1
54	40	0
55	1	0
55	2	1
55	3	1
55	4	1
55	5	0
55	6	1
55	7	1
55	8	0
55	9	0
55	10	0
55	11	0
55	12	0
55	13	1
55	14	1
55	15	1
55	16	1
55	17	0
55	18	0
55	19	1
55	20	1
55	21	0
55	22	0
55	23	1
55	24	1
55	25	1
55	26	0
55	27	1
55	28	1
55	29	1
55	30	1
55	31	1
55	32	1
55	33	1
55	34	0
55	35	1
55	36	0
55	37	1
55	38	0
55	39	0
55	40	0
56	1	1
56	2	1
56	3	0
56	4	0
56	5	0
56	6	0
56	7	0
56	8	0
56	9	1
56	10	0
56	11	1
56	12	0
56	13	0
56	14	1
56	15	0
56	16	0
56	17	0
56	18	0
56	19	0
56	20	0
56	21	1
56	22	0
56	23	0
56	24	1
56	25	0
56	26	0
56	27	1
56	28	0
56	29	0
56	30	0
56	31	0
56	32	1
56	33	0
56	34	0
56	35	1
56	36	0
56	37	0
56	38	0
56	39	1
56	40	0
57	1	1
57	2	1
57	3	1
57	4	0
57	5	1
57	6	1
57	7	1
57	8	1
57	9	1
57	10	1
57	11	1
57	12	1
57	13	0
57	14	1
57	15	1
57	16	0
57	17	1
57	18	1
57	19	0
57	20	0
57	21	1
57	22	1
57	23	1
57	24	1
57	25	0
57	26	1
57	27	1
57	28	1
57	29	1
57	30	0
57	31	0
57	32	1
57	33	1
57	34	1
57	35	1
57	36	1
57	37	0
57	38	1
57	39	1
57	40	1
58	1	1
58	2	1
58	3	1
58	4	1
58	5	1
58	6	1
58	7	1
58	8	1
58	9	1
58	10	0
58	11	1
58	12	0
58	13	1
58	14	1
58	15	1
58	16	1
58	17	0
58	18	0
58	19	1
58	20	1
58	21	1
58	22	0
58	23	1
58	24	1
58	25	1
58	26	1
58	27	1
58	28	1
58	29	1
58	30	1
58	31	1
58	32	1
58	33	1
58	34	0
58	35	1
58	36	1
58	37	1
58	38	0
58	39	1
58	40	0
59	1	1
59	2	0
59	3	1
59	4	0
59	5	1
59	6	1
59	7	1
59	8	1
59	9	1
59	10	1
59	11	1
59	12	1
59	13	0
59	14	0
59	15	1
59	16	0
59	17	1
59	18	1
59	19	0
59	20	0
59	21	1
59	22	1
59	23	1
59	24	0
59	25	0
59	26	1
59	27	0
59	28	1
59	29	1
59	30	0
59	31	0
59	32	0
59	33	1
59	34	1
59	35	0
59	36	1
59	37	0
59	38	1
59	39	1
59	40	1
60	1	0
60	2	1
60	3	1
60	4	0
60	5	1
60	6	1
60	7	0
60	8	1
60	9	0
60	10	0
60	11	0
60	12	0
60	13	0
60	14	1
60	15	1
60	16	0
60	17	0
60	18	0
60	19	0
60	20	0
60	21	0
60	22	0
60	23	1
60	24	0
60	25	0
60	26	1
60	27	1
60	28	0
60	29	1
60	30	0
60	31	0
60	32	1
60	33	0
60	34	0
60	35	1
60	36	0
60	37	0
60	38	0
60	39	0
60	40	0
61	1	1
61	2	1
61	3	1
61	4	0
61	5	1
61	6	1
61	7	1
61	8	0
61	9	0
61	10	1
61	11	0
61	12	1
61	13	0
61	14	0
61	15	1
61	16	0
61	17	1
61	18	1
61	19	0
61	20	0
61	21	1
61	22	1
61	23	1
61	24	0
61	25	0
61	26	1
61	27	1
61	28	1
61	29	0
61	30	0
61	31	0
61	32	1
61	33	1
61	34	0
61	35	1
61	36	1
61	37	0
61	38	1
61	39	1
61	40	0
62	1	1
62	2	1
62	3	0
62	4	0
62	5	0
62	6	0
62	7	0
62	8	0
62	9	1
62	10	0
62	11	1
62	12	0
62	13	0
62	14	1
62	15	0
62	16	0
62	17	0
62	18	0
62	19	0
62	20	0
62	21	1
62	22	0
62	23	0
62	24	1
62	25	0
62	26	0
62	27	1
62	28	0
62	29	0
62	30	0
62	31	0
62	32	1
62	33	0
62	34	0
62	35	1
62	36	0
62	37	0
62	38	0
62	39	1
62	40	0
63	1	1
63	2	1
63	3	0
63	4	0
63	5	0
63	6	1
63	7	1
63	8	0
63	9	1
63	10	0
63	11	0
63	12	0
63	13	0
63	14	0
63	15	1
63	16	0
63	17	0
63	18	0
63	19	0
63	20	0
63	21	0
63	22	0
63	23	0
63	24	1
63	25	0
63	26	0
63	27	1
63	28	0
63	29	1
63	30	0
63	31	0
63	32	1
63	33	1
63	34	0
63	35	1
63	36	0
63	37	0
63	38	0
63	39	1
63	40	0
64	1	1
64	2	1
64	3	0
64	4	0
64	5	0
64	6	1
64	7	1
64	8	0
64	9	1
64	10	0
64	11	0
64	12	0
64	13	0
64	14	0
64	15	1
64	16	0
64	17	0
64	18	0
64	19	0
64	20	0
64	21	0
64	22	0
64	23	0
64	24	1
64	25	0
64	26	0
64	27	1
64	28	0
64	29	1
64	30	0
64	31	0
64	32	1
64	33	1
64	34	0
64	35	1
64	36	0
64	37	0
64	38	0
64	39	1
64	40	0
65	1	1
65	2	1
65	3	0
65	4	0
65	5	0
65	6	0
65	7	0
65	8	0
65	9	1
65	10	0
65	11	1
65	12	0
65	13	0
65	14	1
65	15	0
65	16	0
65	17	0
65	18	0
65	19	0
65	20	0
65	21	1
65	22	0
65	23	0
65	24	1
65	25	0
65	26	0
65	27	1
65	28	0
65	29	0
65	30	0
65	31	0
65	32	1
65	33	0
65	34	0
65	35	1
65	36	0
65	37	0
65	38	0
65	39	1
65	40	0
66	1	1
66	2	1
66	3	1
66	4	0
66	5	1
66	6	1
66	7	1
66	8	1
66	9	1
66	10	1
66	11	1
66	12	1
66	13	0
66	14	1
66	15	1
66	16	0
66	17	1
66	18	1
66	19	0
66	20	0
66	21	1
66	22	1
66	23	1
66	24	1
66	25	0
66	26	1
66	27	1
66	28	1
66	29	1
66	30	0
66	31	0
66	32	1
66	33	1
66	34	1
66	35	1
66	36	1
66	37	0
66	38	1
66	39	1
66	40	1
67	1	0
67	2	1
67	3	1
67	4	0
67	5	0
67	6	1
67	7	1
67	8	0
67	9	0
67	10	0
67	11	0
67	12	0
67	13	0
67	14	1
67	15	1
67	16	0
67	17	0
67	18	0
67	19	0
67	20	0
67	21	0
67	22	0
67	23	1
67	24	1
67	25	0
67	26	0
67	27	1
67	28	1
67	29	1
67	30	0
67	31	0
67	32	1
67	33	1
67	34	0
67	35	1
67	36	0
67	37	0
67	38	0
67	39	0
67	40	0
68	1	0
68	2	1
68	3	1
68	4	0
68	5	1
68	6	1
68	7	1
68	8	0
68	9	0
68	10	0
68	11	1
68	12	0
68	13	0
68	14	0
68	15	1
68	16	0
68	17	0
68	18	0
68	19	0
68	20	0
68	21	1
68	22	0
68	23	1
68	24	1
68	25	0
68	26	1
68	27	0
68	28	1
68	29	0
68	30	0
68	31	0
68	32	1
68	33	1
68	34	0
68	35	0
68	36	1
68	37	0
68	38	0
68	39	1
68	40	0
69	1	1
69	2	1
69	3	1
69	4	0
69	5	0
69	6	1
69	7	1
69	8	0
69	9	1
69	10	0
69	11	1
69	12	0
69	13	0
69	14	1
69	15	1
69	16	0
69	17	0
69	18	0
69	19	0
69	20	0
69	21	1
69	22	0
69	23	1
69	24	1
69	25	0
69	26	0
69	27	1
69	28	1
69	29	1
69	30	0
69	31	0
69	32	1
69	33	1
69	34	0
69	35	1
69	36	0
69	37	0
69	38	0
69	39	1
69	40	0
70	1	1
70	2	1
70	3	0
70	4	0
70	5	0
70	6	0
70	7	0
70	8	0
70	9	1
70	10	1
70	11	1
70	12	1
70	13	0
70	14	1
70	15	0
70	16	0
70	17	1
70	18	1
70	19	0
70	20	0
70	21	1
70	22	1
70	23	0
70	24	1
70	25	0
70	26	0
70	27	1
70	28	0
70	29	0
70	30	0
70	31	0
70	32	1
70	33	0
70	34	1
70	35	1
70	36	0
70	37	0
70	38	1
70	39	1
70	40	1
71	1	0
71	2	1
71	3	1
71	4	0
71	5	0
71	6	1
71	7	1
71	8	0
71	9	0
71	10	0
71	11	0
71	12	0
71	13	0
71	14	0
71	15	1
71	16	0
71	17	0
71	18	0
71	19	0
71	20	0
71	21	0
71	22	0
71	23	1
71	24	1
71	25	0
71	26	0
71	27	0
71	28	1
71	29	0
71	30	0
71	31	0
71	32	1
71	33	1
71	34	0
71	35	0
71	36	0
71	37	0
71	38	0
71	39	0
71	40	0
72	1	0
72	2	1
72	3	1
72	4	0
72	5	1
72	6	1
72	7	1
72	8	1
72	9	0
72	10	0
72	11	0
72	12	0
72	13	0
72	14	1
72	15	1
72	16	0
72	17	0
72	18	0
72	19	0
72	20	0
72	21	0
72	22	0
72	23	1
72	24	1
72	25	0
72	26	1
72	27	1
72	28	1
72	29	1
72	30	0
72	31	0
72	32	1
72	33	1
72	34	0
72	35	1
72	36	1
72	37	0
72	38	0
72	39	0
72	40	0
73	1	0
73	2	1
73	3	1
73	4	1
73	5	0
73	6	1
73	7	1
73	8	0
73	9	0
73	10	0
73	11	0
73	12	0
73	13	1
73	14	1
73	15	1
73	16	1
73	17	0
73	18	0
73	19	1
73	20	1
73	21	0
73	22	0
73	23	1
73	24	1
73	25	1
73	26	0
73	27	1
73	28	1
73	29	1
73	30	1
73	31	1
73	32	1
73	33	1
73	34	0
73	35	1
73	36	0
73	37	1
73	38	0
73	39	0
73	40	0
74	1	1
74	2	1
74	3	0
74	4	0
74	5	0
74	6	0
74	7	0
74	8	0
74	9	1
74	10	1
74	11	1
74	12	1
74	13	0
74	14	1
74	15	0
74	16	0
74	17	1
74	18	1
74	19	0
74	20	0
74	21	1
74	22	1
74	23	0
74	24	1
74	25	0
74	26	0
74	27	1
74	28	0
74	29	0
74	30	0
74	31	0
74	32	1
74	33	0
74	34	1
74	35	1
74	36	0
74	37	0
74	38	1
74	39	1
74	40	1
75	1	1
75	2	1
75	3	1
75	4	0
75	5	1
75	6	1
75	7	1
75	8	1
75	9	1
75	10	0
75	11	1
75	12	0
75	13	0
75	14	1
75	15	1
75	16	0
75	17	0
75	18	0
75	19	0
75	20	0
75	21	1
75	22	0
75	23	1
75	24	1
75	25	0
75	26	1
75	27	1
75	28	1
75	29	1
75	30	0
75	31	0
75	32	1
75	33	1
75	34	0
75	35	1
75	36	1
75	37	0
75	38	0
75	39	1
75	40	0
76	1	1
76	2	1
76	3	0
76	4	0
76	5	0
76	6	0
76	7	0
76	8	0
76	9	1
76	10	0
76	11	1
76	12	0
76	13	0
76	14	1
76	15	0
76	16	0
76	17	0
76	18	0
76	19	0
76	20	0
76	21	1
76	22	0
76	23	0
76	24	1
76	25	0
76	26	0
76	27	1
76	28	0
76	29	0
76	30	0
76	31	0
76	32	1
76	33	0
76	34	0
76	35	1
76	36	0
76	37	0
76	38	0
76	39	1
76	40	0
77	1	1
77	2	0
77	3	1
77	4	0
77	5	1
77	6	1
77	7	0
77	8	0
77	9	0
77	10	1
77	11	0
77	12	1
77	13	0
77	14	0
77	15	1
77	16	0
77	17	1
77	18	1
77	19	0
77	20	0
77	21	1
77	22	1
77	23	1
77	24	0
77	25	0
77	26	1
77	27	0
77	28	0
77	29	0
77	30	0
77	31	0
77	32	0
77	33	0
77	34	0
77	35	0
77	36	0
77	37	0
77	38	1
77	39	1
77	40	0
78	1	0
78	2	1
78	3	1
78	4	0
78	5	0
78	6	1
78	7	0
78	8	0
78	9	0
78	10	1
78	11	0
78	12	1
78	13	0
78	14	1
78	15	1
78	16	0
78	17	1
78	18	1
78	19	0
78	20	0
78	21	0
78	22	1
78	23	1
78	24	0
78	25	0
78	26	0
78	27	1
78	28	0
78	29	1
78	30	0
78	31	0
78	32	1
78	33	0
78	34	0
78	35	1
78	36	0
78	37	0
78	38	1
78	39	0
78	40	1
79	1	1
79	2	1
79	3	1
79	4	0
79	5	1
79	6	1
79	7	1
79	8	1
79	9	1
79	10	1
79	11	1
79	12	1
79	13	0
79	14	1
79	15	1
79	16	0
79	17	1
79	18	1
79	19	0
79	20	0
79	21	1
79	22	1
79	23	1
79	24	1
79	25	0
79	26	1
79	27	1
79	28	1
79	29	1
79	30	0
79	31	0
79	32	1
79	33	1
79	34	1
79	35	1
79	36	1
79	37	0
79	38	1
79	39	1
79	40	1
80	1	0
80	2	1
80	3	1
80	4	0
80	5	0
80	6	1
80	7	1
80	8	0
80	9	0
80	10	1
80	11	0
80	12	1
80	13	0
80	14	1
80	15	1
80	16	0
80	17	1
80	18	1
80	19	0
80	20	0
80	21	0
80	22	1
80	23	1
80	24	1
80	25	0
80	26	0
80	27	1
80	28	1
80	29	1
80	30	0
80	31	0
80	32	1
80	33	1
80	34	1
80	35	1
80	36	0
80	37	0
80	38	1
80	39	0
80	40	1
81	1	0
81	2	1
81	3	1
81	4	0
81	5	0
81	6	1
81	7	1
81	8	0
81	9	0
81	10	0
81	11	0
81	12	0
81	13	0
81	14	1
81	15	1
81	16	0
81	17	0
81	18	0
81	19	0
81	20	0
81	21	0
81	22	0
81	23	1
81	24	1
81	25	0
81	26	0
81	27	1
81	28	1
81	29	1
81	30	0
81	31	0
81	32	1
81	33	1
81	34	0
81	35	1
81	36	0
81	37	0
81	38	0
81	39	0
81	40	0
82	1	0
82	2	1
82	3	1
82	4	0
82	5	0
82	6	1
82	7	1
82	8	0
82	9	0
82	10	0
82	11	0
82	12	0
82	13	0
82	14	1
82	15	1
82	16	0
82	17	0
82	18	0
82	19	0
82	20	0
82	21	0
82	22	0
82	23	1
82	24	1
82	25	0
82	26	0
82	27	1
82	28	1
82	29	1
82	30	0
82	31	0
82	32	1
82	33	1
82	34	0
82	35	1
82	36	0
82	37	0
82	38	0
82	39	0
82	40	0
83	1	0
83	2	1
83	3	1
83	4	0
83	5	0
83	6	1
83	7	1
83	8	0
83	9	0
83	10	0
83	11	0
83	12	0
83	13	0
83	14	1
83	15	1
83	16	0
83	17	0
83	18	0
83	19	0
83	20	0
83	21	0
83	22	0
83	23	1
83	24	1
83	25	0
83	26	0
83	27	1
83	28	1
83	29	1
83	30	0
83	31	0
83	32	1
83	33	1
83	34	0
83	35	1
83	36	0
83	37	0
83	38	0
83	39	0
83	40	0
84	1	0
84	2	1
84	3	1
84	4	0
84	5	1
84	6	1
84	7	1
84	8	0
84	9	0
84	10	0
84	11	1
84	12	0
84	13	0
84	14	0
84	15	1
84	16	0
84	17	0
84	18	0
84	19	0
84	20	0
84	21	1
84	22	0
84	23	1
84	24	1
84	25	0
84	26	1
84	27	0
84	28	1
84	29	0
84	30	0
84	31	0
84	32	1
84	33	1
84	34	0
84	35	0
84	36	1
84	37	0
84	38	0
84	39	1
84	40	0
85	1	1
85	2	1
85	3	0
85	4	0
85	5	0
85	6	0
85	7	0
85	8	0
85	9	1
85	10	1
85	11	1
85	12	1
85	13	0
85	14	1
85	15	0
85	16	0
85	17	1
85	18	1
85	19	0
85	20	0
85	21	1
85	22	1
85	23	0
85	24	1
85	25	0
85	26	0
85	27	1
85	28	0
85	29	0
85	30	0
85	31	0
85	32	1
85	33	0
85	34	1
85	35	1
85	36	0
85	37	0
85	38	1
85	39	1
85	40	1
86	1	0
86	2	1
86	3	1
86	4	0
86	5	1
86	6	1
86	7	1
86	8	0
86	9	0
86	10	0
86	11	1
86	12	0
86	13	0
86	14	0
86	15	1
86	16	0
86	17	0
86	18	0
86	19	0
86	20	0
86	21	1
86	22	0
86	23	1
86	24	1
86	25	0
86	26	1
86	27	0
86	28	1
86	29	0
86	30	0
86	31	0
86	32	1
86	33	1
86	34	0
86	35	0
86	36	1
86	37	0
86	38	0
86	39	1
86	40	0
87	1	0
87	2	1
87	3	0
87	4	0
87	5	0
87	6	1
87	7	1
87	8	0
87	9	0
87	10	0
87	11	0
87	12	0
87	13	0
87	14	0
87	15	1
87	16	0
87	17	0
87	18	0
87	19	0
87	20	0
87	21	0
87	22	0
87	23	0
87	24	1
87	25	0
87	26	0
87	27	1
87	28	0
87	29	1
87	30	0
87	31	0
87	32	1
87	33	1
87	34	0
87	35	1
87	36	0
87	37	0
87	38	0
87	39	0
87	40	0
88	1	0
88	2	1
88	3	1
88	4	0
88	5	0
88	6	1
88	7	1
88	8	0
88	9	0
88	10	0
88	11	0
88	12	0
88	13	0
88	14	1
88	15	1
88	16	0
88	17	0
88	18	0
88	19	0
88	20	0
88	21	0
88	22	0
88	23	1
88	24	1
88	25	0
88	26	0
88	27	1
88	28	1
88	29	1
88	30	0
88	31	0
88	32	1
88	33	1
88	34	0
88	35	1
88	36	0
88	37	0
88	38	0
88	39	0
88	40	0
89	1	1
89	2	1
89	3	1
89	4	0
89	5	1
89	6	1
89	7	1
89	8	1
89	9	1
89	10	0
89	11	1
89	12	0
89	13	0
89	14	1
89	15	1
89	16	0
89	17	0
89	18	0
89	19	0
89	20	0
89	21	1
89	22	0
89	23	1
89	24	1
89	25	0
89	26	1
89	27	1
89	28	1
89	29	1
89	30	0
89	31	0
89	32	1
89	33	1
89	34	0
89	35	1
89	36	1
89	37	0
89	38	0
89	39	1
89	40	0
90	1	1
90	2	1
90	3	1
90	4	0
90	5	1
90	6	1
90	7	1
90	8	1
90	9	1
90	10	0
90	11	1
90	12	0
90	13	0
90	14	1
90	15	1
90	16	0
90	17	0
90	18	0
90	19	0
90	20	0
90	21	1
90	22	0
90	23	1
90	24	1
90	25	0
90	26	1
90	27	1
90	28	1
90	29	1
90	30	0
90	31	0
90	32	1
90	33	1
90	34	0
90	35	1
90	36	1
90	37	0
90	38	0
90	39	1
90	40	0
91	1	1
91	2	1
91	3	1
91	4	0
91	5	1
91	6	1
91	7	1
91	8	1
91	9	1
91	10	0
91	11	1
91	12	0
91	13	0
91	14	1
91	15	1
91	16	0
91	17	0
91	18	0
91	19	0
91	20	0
91	21	1
91	22	0
91	23	1
91	24	1
91	25	0
91	26	1
91	27	1
91	28	1
91	29	1
91	30	0
91	31	0
91	32	1
91	33	1
91	34	0
91	35	1
91	36	1
91	37	0
91	38	0
91	39	1
91	40	0
92	1	1
92	2	1
92	3	1
92	4	0
92	5	1
92	6	1
92	7	1
92	8	1
92	9	1
92	10	0
92	11	1
92	12	0
92	13	0
92	14	1
92	15	1
92	16	0
92	17	0
92	18	0
92	19	0
92	20	0
92	21	1
92	22	0
92	23	1
92	24	1
92	25	0
92	26	1
92	27	1
92	28	1
92	29	1
92	30	0
92	31	0
92	32	1
92	33	1
92	34	0
92	35	1
92	36	1
92	37	0
92	38	0
92	39	1
92	40	0
93	1	1
93	2	1
93	3	1
93	4	0
93	5	1
93	6	1
93	7	1
93	8	1
93	9	1
93	10	1
93	11	1
93	12	1
93	13	0
93	14	1
93	15	1
93	16	0
93	17	1
93	18	1
93	19	0
93	20	0
93	21	1
93	22	1
93	23	1
93	24	1
93	25	0
93	26	1
93	27	1
93	28	1
93	29	1
93	30	0
93	31	0
93	32	1
93	33	1
93	34	1
93	35	1
93	36	1
93	37	0
93	38	1
93	39	1
93	40	1
94	1	1
94	2	1
94	3	1
94	4	0
94	5	0
94	6	1
94	7	1
94	8	0
94	9	0
94	10	0
94	11	0
94	12	0
94	13	0
94	14	0
94	15	1
94	16	0
94	17	0
94	18	0
94	19	0
94	20	0
94	21	1
94	22	0
94	23	1
94	24	0
94	25	0
94	26	0
94	27	1
94	28	1
94	29	0
94	30	0
94	31	0
94	32	1
94	33	1
94	34	0
94	35	1
94	36	0
94	37	0
94	38	0
94	39	1
94	40	0
95	1	1
95	2	0
95	3	1
95	4	0
95	5	1
95	6	1
95	7	1
95	8	1
95	9	1
95	10	1
95	11	1
95	12	1
95	13	0
95	14	0
95	15	1
95	16	0
95	17	1
95	18	1
95	19	0
95	20	0
95	21	1
95	22	1
95	23	1
95	24	0
95	25	0
95	26	1
95	27	0
95	28	1
95	29	1
95	30	0
95	31	0
95	32	0
95	33	1
95	34	1
95	35	0
95	36	1
95	37	0
95	38	1
95	39	1
95	40	1
96	1	1
96	2	0
96	3	1
96	4	1
96	5	1
96	6	1
96	7	1
96	8	1
96	9	1
96	10	1
96	11	1
96	12	1
96	13	1
96	14	0
96	15	1
96	16	1
96	17	1
96	18	1
96	19	1
96	20	1
96	21	1
96	22	1
96	23	1
96	24	0
96	25	1
96	26	1
96	27	0
96	28	1
96	29	1
96	30	1
96	31	1
96	32	0
96	33	1
96	34	1
96	35	0
96	36	1
96	37	1
96	38	1
96	39	1
96	40	1
97	1	0
97	2	1
97	3	1
97	4	0
97	5	0
97	6	1
97	7	1
97	8	0
97	9	0
97	10	1
97	11	0
97	12	1
97	13	0
97	14	1
97	15	1
97	16	0
97	17	1
97	18	1
97	19	0
97	20	0
97	21	0
97	22	1
97	23	1
97	24	1
97	25	0
97	26	0
97	27	1
97	28	1
97	29	1
97	30	0
97	31	0
97	32	1
97	33	1
97	34	1
97	35	1
97	36	0
97	37	0
97	38	1
97	39	0
97	40	1
98	1	0
98	2	1
98	3	1
98	4	0
98	5	0
98	6	1
98	7	1
98	8	0
98	9	0
98	10	0
98	11	0
98	12	0
98	13	0
98	14	1
98	15	1
98	16	0
98	17	0
98	18	0
98	19	0
98	20	0
98	21	0
98	22	0
98	23	1
98	24	1
98	25	0
98	26	0
98	27	1
98	28	1
98	29	1
98	30	0
98	31	0
98	32	1
98	33	1
98	34	0
98	35	1
98	36	0
98	37	0
98	38	0
98	39	0
98	40	0
99	1	1
99	2	1
99	3	0
99	4	0
99	5	0
99	6	0
99	7	0
99	8	0
99	9	1
99	10	0
99	11	0
99	12	1
99	13	0
99	14	0
99	15	0
99	16	0
99	17	0
99	18	1
99	19	0
99	20	0
99	21	0
99	22	0
99	23	0
99	24	1
99	25	0
99	26	0
99	27	1
99	28	0
99	29	0
99	30	0
99	31	0
99	32	1
99	33	0
99	34	1
99	35	1
99	36	0
99	37	0
99	38	0
99	39	1
99	40	1
100	1	1
100	2	1
100	3	1
100	4	0
100	5	1
100	6	1
100	7	1
100	8	1
100	9	1
100	10	0
100	11	1
100	12	0
100	13	0
100	14	1
100	15	1
100	16	0
100	17	0
100	18	0
100	19	0
100	20	0
100	21	1
100	22	0
100	23	1
100	24	1
100	25	0
100	26	1
100	27	1
100	28	1
100	29	1
100	30	0
100	31	0
100	32	1
100	33	1
100	34	0
100	35	1
100	36	1
100	37	0
100	38	0
100	39	1
100	40	0
101	1	0
101	2	0
101	3	1
101	4	0
101	5	1
101	6	1
101	7	1
101	8	1
101	9	1
101	10	0
101	11	0
101	12	0
101	13	1
101	14	1
101	15	1
101	16	1
101	17	0
101	18	0
101	19	0
101	20	1
101	21	0
101	22	0
101	23	0
101	24	1
101	25	1
101	26	1
101	27	0
101	28	1
101	29	0
101	30	1
101	31	1
101	32	1
101	33	1
101	34	0
101	35	1
101	36	0
101	37	0
101	38	0
101	39	1
101	40	0
102	1	0
102	2	1
102	3	1
102	4	0
102	5	0
102	6	1
102	7	1
102	8	0
102	9	0
102	10	1
102	11	0
102	12	1
102	13	0
102	14	1
102	15	1
102	16	0
102	17	1
102	18	1
102	19	0
102	20	0
102	21	0
102	22	1
102	23	1
102	24	1
102	25	0
102	26	0
102	27	1
102	28	1
102	29	1
102	30	0
102	31	0
102	32	1
102	33	1
102	34	1
102	35	1
102	36	0
102	37	0
102	38	1
102	39	0
102	40	1
103	1	0
103	2	1
103	3	1
103	4	0
103	5	1
103	6	1
103	7	1
103	8	1
103	9	0
103	10	0
103	11	0
103	12	0
103	13	0
103	14	1
103	15	1
103	16	0
103	17	0
103	18	0
103	19	0
103	20	0
103	21	0
103	22	0
103	23	1
103	24	1
103	25	0
103	26	1
103	27	1
103	28	1
103	29	1
103	30	0
103	31	0
103	32	1
103	33	1
103	34	0
103	35	1
103	36	1
103	37	0
103	38	0
103	39	0
103	40	0
104	1	1
104	2	1
104	3	0
104	4	0
104	5	0
104	6	0
104	7	0
104	8	0
104	9	1
104	10	1
104	11	1
104	12	1
104	13	0
104	14	1
104	15	0
104	16	0
104	17	1
104	18	1
104	19	0
104	20	0
104	21	1
104	22	1
104	23	0
104	24	1
104	25	0
104	26	0
104	27	1
104	28	0
104	29	0
104	30	0
104	31	0
104	32	1
104	33	0
104	34	1
104	35	1
104	36	0
104	37	0
104	38	1
104	39	1
104	40	1
105	1	1
105	2	1
105	3	0
105	4	0
105	5	0
105	6	0
105	7	0
105	8	0
105	9	1
105	10	0
105	11	1
105	12	0
105	13	0
105	14	1
105	15	0
105	16	0
105	17	0
105	18	0
105	19	0
105	20	0
105	21	1
105	22	0
105	23	0
105	24	1
105	25	0
105	26	0
105	27	1
105	28	0
105	29	0
105	30	0
105	31	0
105	32	1
105	33	0
105	34	0
105	35	1
105	36	0
105	37	0
105	38	0
105	39	1
105	40	0
106	1	1
106	2	1
106	3	0
106	4	1
106	5	0
106	6	0
106	7	0
106	8	0
106	9	1
106	10	0
106	11	1
106	12	0
106	13	1
106	14	1
106	15	0
106	16	1
106	17	0
106	18	0
106	19	1
106	20	1
106	21	1
106	22	0
106	23	0
106	24	1
106	25	1
106	26	0
106	27	1
106	28	0
106	29	0
106	30	1
106	31	1
106	32	1
106	33	0
106	34	0
106	35	1
106	36	0
106	37	1
106	38	0
106	39	1
106	40	0
107	1	0
107	2	1
107	3	1
107	4	0
107	5	0
107	6	1
107	7	1
107	8	0
107	9	0
107	10	0
107	11	0
107	12	0
107	13	0
107	14	1
107	15	1
107	16	0
107	17	0
107	18	0
107	19	0
107	20	0
107	21	0
107	22	0
107	23	1
107	24	1
107	25	0
107	26	0
107	27	1
107	28	1
107	29	1
107	30	0
107	31	0
107	32	1
107	33	1
107	34	0
107	35	1
107	36	0
107	37	0
107	38	0
107	39	0
107	40	0
108	1	0
108	2	1
108	3	1
108	4	0
108	5	0
108	6	1
108	7	1
108	8	0
108	9	0
108	10	1
108	11	0
108	12	1
108	13	0
108	14	1
108	15	1
108	16	0
108	17	1
108	18	1
108	19	0
108	20	0
108	21	0
108	22	1
108	23	1
108	24	1
108	25	0
108	26	0
108	27	1
108	28	1
108	29	1
108	30	0
108	31	0
108	32	1
108	33	1
108	34	1
108	35	1
108	36	0
108	37	0
108	38	1
108	39	0
108	40	1
109	1	1
109	2	0
109	3	1
109	4	0
109	5	1
109	6	1
109	7	1
109	8	1
109	9	1
109	10	1
109	11	1
109	12	1
109	13	0
109	14	0
109	15	1
109	16	0
109	17	1
109	18	1
109	19	0
109	20	0
109	21	1
109	22	1
109	23	1
109	24	0
109	25	0
109	26	1
109	27	0
109	28	1
109	29	1
109	30	0
109	31	0
109	32	0
109	33	1
109	34	1
109	35	0
109	36	1
109	37	0
109	38	1
109	39	1
109	40	1
110	1	1
110	2	1
110	3	1
110	4	1
110	5	1
110	6	1
110	7	1
110	8	1
110	9	1
110	10	0
110	11	1
110	12	0
110	13	1
110	14	1
110	15	1
110	16	1
110	17	0
110	18	0
110	19	1
110	20	1
110	21	1
110	22	0
110	23	1
110	24	1
110	25	1
110	26	1
110	27	1
110	28	1
110	29	1
110	30	1
110	31	1
110	32	1
110	33	1
110	34	0
110	35	1
110	36	1
110	37	1
110	38	0
110	39	1
110	40	0
111	1	1
111	2	1
111	3	1
111	4	0
111	5	0
111	6	1
111	7	1
111	8	0
111	9	1
111	10	0
111	11	1
111	12	0
111	13	0
111	14	1
111	15	1
111	16	0
111	17	0
111	18	0
111	19	0
111	20	0
111	21	1
111	22	0
111	23	1
111	24	1
111	25	0
111	26	0
111	27	1
111	28	1
111	29	1
111	30	0
111	31	0
111	32	1
111	33	1
111	34	0
111	35	1
111	36	0
111	37	0
111	38	0
111	39	1
111	40	0
112	1	1
112	2	1
112	3	1
112	4	0
112	5	1
112	6	1
112	7	1
112	8	1
112	9	1
112	10	1
112	11	1
112	12	1
112	13	0
112	14	1
112	15	1
112	16	0
112	17	1
112	18	1
112	19	0
112	20	0
112	21	1
112	22	1
112	23	1
112	24	1
112	25	0
112	26	1
112	27	1
112	28	1
112	29	1
112	30	0
112	31	0
112	32	1
112	33	1
112	34	1
112	35	1
112	36	1
112	37	0
112	38	1
112	39	1
112	40	1
113	1	0
113	2	1
113	3	1
113	4	0
113	5	0
113	6	1
113	7	1
113	8	0
113	9	0
113	10	1
113	11	0
113	12	1
113	13	0
113	14	1
113	15	1
113	16	0
113	17	1
113	18	1
113	19	0
113	20	0
113	21	0
113	22	1
113	23	1
113	24	1
113	25	0
113	26	0
113	27	1
113	28	1
113	29	1
113	30	0
113	31	0
113	32	1
113	33	1
113	34	1
113	35	1
113	36	0
113	37	0
113	38	1
113	39	0
113	40	1
114	1	1
114	2	1
114	3	1
114	4	0
114	5	0
114	6	1
114	7	1
114	8	0
114	9	1
114	10	0
114	11	1
114	12	0
114	13	0
114	14	1
114	15	1
114	16	0
114	17	0
114	18	0
114	19	0
114	20	0
114	21	1
114	22	0
114	23	1
114	24	1
114	25	0
114	26	0
114	27	1
114	28	1
114	29	1
114	30	0
114	31	0
114	32	1
114	33	1
114	34	0
114	35	1
114	36	0
114	37	0
114	38	0
114	39	1
114	40	0
115	1	1
115	2	1
115	3	1
115	4	0
115	5	0
115	6	1
115	7	1
115	8	0
115	9	1
115	10	0
115	11	1
115	12	0
115	13	0
115	14	1
115	15	1
115	16	0
115	17	0
115	18	0
115	19	0
115	20	0
115	21	1
115	22	0
115	23	1
115	24	1
115	25	0
115	26	0
115	27	1
115	28	1
115	29	1
115	30	0
115	31	0
115	32	1
115	33	1
115	34	0
115	35	1
115	36	0
115	37	0
115	38	0
115	39	1
115	40	0
116	1	1
116	2	1
116	3	1
116	4	0
116	5	1
116	6	1
116	7	1
116	8	1
116	9	1
116	10	1
116	11	1
116	12	1
116	13	0
116	14	1
116	15	1
116	16	0
116	17	1
116	18	1
116	19	0
116	20	0
116	21	1
116	22	1
116	23	1
116	24	1
116	25	0
116	26	1
116	27	1
116	28	1
116	29	1
116	30	0
116	31	0
116	32	1
116	33	1
116	34	1
116	35	1
116	36	1
116	37	0
116	38	1
116	39	1
116	40	1
117	1	0
117	2	1
117	3	1
117	4	0
117	5	1
117	6	1
117	7	1
117	8	0
117	9	0
117	10	0
117	11	0
117	12	0
117	13	0
117	14	0
117	15	1
117	16	0
117	17	0
117	18	0
117	19	0
117	20	0
117	21	0
117	22	0
117	23	1
117	24	1
117	25	0
117	26	1
117	27	0
117	28	1
117	29	0
117	30	0
117	31	0
117	32	1
117	33	1
117	34	0
117	35	0
117	36	1
117	37	0
117	38	0
117	39	0
117	40	0
118	1	0
118	2	1
118	3	1
118	4	0
118	5	1
118	6	1
118	7	1
118	8	0
118	9	0
118	10	0
118	11	1
118	12	0
118	13	0
118	14	0
118	15	1
118	16	1
118	17	0
118	18	0
118	19	1
118	20	0
118	21	1
118	22	0
118	23	1
118	24	1
118	25	1
118	26	1
118	27	0
118	28	1
118	29	0
118	30	1
118	31	1
118	32	1
118	33	1
118	34	0
118	35	0
118	36	1
118	37	1
118	38	0
118	39	1
118	40	0
119	1	0
119	2	1
119	3	1
119	4	0
119	5	0
119	6	1
119	7	1
119	8	0
119	9	0
119	10	1
119	11	0
119	12	1
119	13	0
119	14	1
119	15	1
119	16	0
119	17	1
119	18	1
119	19	0
119	20	0
119	21	0
119	22	1
119	23	1
119	24	1
119	25	0
119	26	0
119	27	1
119	28	1
119	29	1
119	30	0
119	31	0
119	32	1
119	33	1
119	34	1
119	35	1
119	36	0
119	37	0
119	38	1
119	39	0
119	40	1
120	1	1
120	2	0
120	3	1
120	4	0
120	5	1
120	6	1
120	7	1
120	8	1
120	9	1
120	10	1
120	11	1
120	12	1
120	13	0
120	14	0
120	15	1
120	16	0
120	17	1
120	18	1
120	19	0
120	20	0
120	21	1
120	22	1
120	23	1
120	24	0
120	25	0
120	26	1
120	27	0
120	28	1
120	29	1
120	30	0
120	31	0
120	32	0
120	33	1
120	34	1
120	35	0
120	36	1
120	37	0
120	38	1
120	39	1
120	40	1
121	1	0
121	2	0
121	3	1
121	4	0
121	5	1
121	6	1
121	7	1
121	8	1
121	9	1
121	10	0
121	11	0
121	12	1
121	13	0
121	14	1
121	15	1
121	16	0
121	17	1
121	18	1
121	19	0
121	20	0
121	21	0
121	22	1
121	23	0
121	24	1
121	25	0
121	26	1
121	27	0
121	28	1
121	29	0
121	30	0
121	31	0
121	32	1
121	33	1
121	34	1
121	35	1
121	36	0
121	37	0
121	38	0
121	39	1
121	40	0
122	1	1
122	2	1
122	3	0
122	4	0
122	5	0
122	6	0
122	7	0
122	8	0
122	9	1
122	10	0
122	11	1
122	12	0
122	13	0
122	14	1
122	15	0
122	16	0
122	17	0
122	18	0
122	19	0
122	20	0
122	21	1
122	22	0
122	23	0
122	24	1
122	25	0
122	26	0
122	27	1
122	28	0
122	29	0
122	30	0
122	31	0
122	32	1
122	33	0
122	34	0
122	35	1
122	36	0
122	37	0
122	38	0
122	39	1
122	40	0
123	1	1
123	2	1
123	3	1
123	4	0
123	5	1
123	6	1
123	7	1
123	8	1
123	9	1
123	10	0
123	11	1
123	12	0
123	13	0
123	14	1
123	15	1
123	16	0
123	17	0
123	18	0
123	19	0
123	20	0
123	21	1
123	22	0
123	23	1
123	24	1
123	25	0
123	26	1
123	27	1
123	28	1
123	29	1
123	30	0
123	31	0
123	32	1
123	33	1
123	34	0
123	35	1
123	36	1
123	37	0
123	38	0
123	39	1
123	40	0
124	1	0
124	2	1
124	3	1
124	4	0
124	5	0
124	6	1
124	7	1
124	8	0
124	9	0
124	10	1
124	11	0
124	12	1
124	13	0
124	14	0
124	15	1
124	16	0
124	17	1
124	18	1
124	19	0
124	20	0
124	21	0
124	22	1
124	23	1
124	24	1
124	25	0
124	26	0
124	27	0
124	28	1
124	29	0
124	30	0
124	31	0
124	32	1
124	33	1
124	34	0
124	35	0
124	36	0
124	37	0
124	38	1
124	39	0
124	40	0
125	1	1
125	2	1
125	3	1
125	4	0
125	5	1
125	6	1
125	7	1
125	8	1
125	9	1
125	10	0
125	11	1
125	12	0
125	13	0
125	14	1
125	15	1
125	16	0
125	17	0
125	18	0
125	19	0
125	20	0
125	21	1
125	22	0
125	23	1
125	24	1
125	25	0
125	26	1
125	27	1
125	28	1
125	29	1
125	30	0
125	31	0
125	32	1
125	33	1
125	34	0
125	35	1
125	36	1
125	37	0
125	38	0
125	39	1
125	40	0
126	1	1
126	2	0
126	3	1
126	4	0
126	5	1
126	6	1
126	7	1
126	8	1
126	9	1
126	10	1
126	11	1
126	12	1
126	13	0
126	14	0
126	15	1
126	16	0
126	17	1
126	18	1
126	19	0
126	20	0
126	21	1
126	22	1
126	23	1
126	24	0
126	25	0
126	26	1
126	27	0
126	28	1
126	29	1
126	30	0
126	31	0
126	32	0
126	33	1
126	34	1
126	35	0
126	36	1
126	37	0
126	38	1
126	39	1
126	40	1
127	1	0
127	2	1
127	3	1
127	4	0
127	5	0
127	6	1
127	7	1
127	8	0
127	9	0
127	10	1
127	11	0
127	12	1
127	13	0
127	14	1
127	15	1
127	16	0
127	17	1
127	18	1
127	19	0
127	20	0
127	21	0
127	22	1
127	23	1
127	24	1
127	25	0
127	26	0
127	27	1
127	28	1
127	29	1
127	30	0
127	31	0
127	32	1
127	33	1
127	34	1
127	35	1
127	36	0
127	37	0
127	38	1
127	39	0
127	40	1
128	1	0
128	2	1
128	3	1
128	4	0
128	5	1
128	6	1
128	7	1
128	8	1
128	9	0
128	10	0
128	11	0
128	12	0
128	13	0
128	14	1
128	15	1
128	16	0
128	17	0
128	18	0
128	19	0
128	20	0
128	21	0
128	22	0
128	23	1
128	24	1
128	25	0
128	26	1
128	27	1
128	28	1
128	29	1
128	30	0
128	31	0
128	32	1
128	33	1
128	34	0
128	35	1
128	36	1
128	37	0
128	38	0
128	39	0
128	40	0
129	1	1
129	2	1
129	3	0
129	4	0
129	5	0
129	6	0
129	7	0
129	8	0
129	9	1
129	10	1
129	11	1
129	12	1
129	13	0
129	14	1
129	15	0
129	16	0
129	17	1
129	18	1
129	19	0
129	20	0
129	21	1
129	22	1
129	23	0
129	24	1
129	25	0
129	26	0
129	27	1
129	28	0
129	29	0
129	30	0
129	31	0
129	32	1
129	33	0
129	34	1
129	35	1
129	36	0
129	37	0
129	38	1
129	39	1
129	40	1
130	1	0
130	2	1
130	3	1
130	4	0
130	5	1
130	6	1
130	7	1
130	8	0
130	9	0
130	10	0
130	11	1
130	12	0
130	13	0
130	14	0
130	15	1
130	16	0
130	17	0
130	18	0
130	19	0
130	20	0
130	21	1
130	22	0
130	23	1
130	24	1
130	25	0
130	26	1
130	27	0
130	28	1
130	29	0
130	30	0
130	31	0
130	32	1
130	33	1
130	34	0
130	35	0
130	36	1
130	37	0
130	38	0
130	39	1
130	40	0
131	1	1
131	2	1
131	3	1
131	4	0
131	5	1
131	6	1
131	7	1
131	8	1
131	9	1
131	10	0
131	11	1
131	12	0
131	13	0
131	14	1
131	15	1
131	16	0
131	17	0
131	18	0
131	19	0
131	20	0
131	21	1
131	22	0
131	23	1
131	24	1
131	25	0
131	26	1
131	27	1
131	28	1
131	29	1
131	30	0
131	31	0
131	32	1
131	33	1
131	34	0
131	35	1
131	36	1
131	37	0
131	38	0
131	39	1
131	40	0
132	1	0
132	2	0
132	3	1
132	4	0
132	5	1
132	6	1
132	7	1
132	8	0
132	9	0
132	10	1
132	11	1
132	12	1
132	13	0
132	14	0
132	15	1
132	16	0
132	17	1
132	18	1
132	19	0
132	20	0
132	21	1
132	22	1
132	23	1
132	24	0
132	25	0
132	26	1
132	27	0
132	28	1
132	29	0
132	30	0
132	31	0
132	32	0
132	33	1
132	34	0
132	35	0
132	36	1
132	37	0
132	38	1
132	39	1
132	40	0
133	1	0
133	2	1
133	3	1
133	4	0
133	5	0
133	6	1
133	7	1
133	8	0
133	9	0
133	10	0
133	11	0
133	12	0
133	13	0
133	14	1
133	15	1
133	16	0
133	17	0
133	18	0
133	19	0
133	20	0
133	21	0
133	22	0
133	23	1
133	24	1
133	25	0
133	26	0
133	27	1
133	28	1
133	29	1
133	30	0
133	31	0
133	32	1
133	33	1
133	34	0
133	35	1
133	36	0
133	37	0
133	38	0
133	39	0
133	40	0
134	1	1
134	2	1
134	3	0
134	4	0
134	5	0
134	6	0
134	7	0
134	8	0
134	9	1
134	10	0
134	11	1
134	12	0
134	13	0
134	14	1
134	15	0
134	16	0
134	17	0
134	18	0
134	19	0
134	20	0
134	21	1
134	22	0
134	23	0
134	24	1
134	25	0
134	26	0
134	27	1
134	28	0
134	29	0
134	30	0
134	31	0
134	32	1
134	33	0
134	34	0
134	35	1
134	36	0
134	37	0
134	38	0
134	39	1
134	40	0
135	1	1
135	2	1
135	3	1
135	4	1
135	5	1
135	6	1
135	7	1
135	8	1
135	9	1
135	10	0
135	11	1
135	12	0
135	13	1
135	14	1
135	15	1
135	16	1
135	17	0
135	18	0
135	19	1
135	20	1
135	21	1
135	22	0
135	23	1
135	24	1
135	25	1
135	26	1
135	27	1
135	28	1
135	29	1
135	30	1
135	31	1
135	32	1
135	33	1
135	34	0
135	35	1
135	36	1
135	37	1
135	38	0
135	39	1
135	40	0
136	1	1
136	2	1
136	3	1
136	4	0
136	5	1
136	6	1
136	7	1
136	8	1
136	9	1
136	10	0
136	11	1
136	12	0
136	13	0
136	14	1
136	15	1
136	16	0
136	17	0
136	18	0
136	19	0
136	20	0
136	21	1
136	22	0
136	23	1
136	24	1
136	25	0
136	26	1
136	27	1
136	28	1
136	29	1
136	30	0
136	31	0
136	32	1
136	33	1
136	34	0
136	35	1
136	36	1
136	37	0
136	38	0
136	39	1
136	40	0
137	1	1
137	2	1
137	3	0
137	4	0
137	5	0
137	6	0
137	7	0
137	8	0
137	9	1
137	10	1
137	11	1
137	12	1
137	13	0
137	14	1
137	15	0
137	16	0
137	17	1
137	18	1
137	19	0
137	20	0
137	21	1
137	22	1
137	23	0
137	24	1
137	25	0
137	26	0
137	27	1
137	28	0
137	29	0
137	30	0
137	31	0
137	32	1
137	33	0
137	34	1
137	35	1
137	36	0
137	37	0
137	38	1
137	39	1
137	40	1
138	1	0
138	2	1
138	3	1
138	4	0
138	5	1
138	6	1
138	7	1
138	8	1
138	9	0
138	10	0
138	11	0
138	12	0
138	13	0
138	14	1
138	15	1
138	16	0
138	17	0
138	18	0
138	19	0
138	20	0
138	21	0
138	22	0
138	23	1
138	24	1
138	25	0
138	26	1
138	27	1
138	28	1
138	29	1
138	30	0
138	31	0
138	32	1
138	33	1
138	34	0
138	35	1
138	36	1
138	37	0
138	38	0
138	39	0
138	40	0
139	1	0
139	2	1
139	3	1
139	4	0
139	5	1
139	6	1
139	7	1
139	8	1
139	9	0
139	10	0
139	11	0
139	12	0
139	13	0
139	14	1
139	15	1
139	16	0
139	17	0
139	18	0
139	19	0
139	20	0
139	21	0
139	22	0
139	23	1
139	24	1
139	25	0
139	26	1
139	27	1
139	28	1
139	29	1
139	30	0
139	31	0
139	32	1
139	33	1
139	34	0
139	35	1
139	36	1
139	37	0
139	38	0
139	39	0
139	40	0
140	1	1
140	2	1
140	3	1
140	4	0
140	5	1
140	6	1
140	7	1
140	8	1
140	9	1
140	10	1
140	11	1
140	12	1
140	13	0
140	14	1
140	15	1
140	16	0
140	17	1
140	18	1
140	19	0
140	20	0
140	21	1
140	22	1
140	23	1
140	24	1
140	25	0
140	26	1
140	27	1
140	28	1
140	29	1
140	30	0
140	31	0
140	32	1
140	33	1
140	34	1
140	35	1
140	36	1
140	37	0
140	38	1
140	39	1
140	40	1
141	1	1
141	2	1
141	3	1
141	4	0
141	5	0
141	6	1
141	7	1
141	8	0
141	9	1
141	10	0
141	11	1
141	12	0
141	13	0
141	14	1
141	15	1
141	16	0
141	17	0
141	18	0
141	19	0
141	20	0
141	21	1
141	22	0
141	23	1
141	24	1
141	25	0
141	26	0
141	27	1
141	28	1
141	29	1
141	30	0
141	31	0
141	32	1
141	33	1
141	34	0
141	35	1
141	36	0
141	37	0
141	38	0
141	39	1
141	40	0
142	1	1
142	2	1
142	3	1
142	4	0
142	5	1
142	6	1
142	7	1
142	8	1
142	9	1
142	10	1
142	11	1
142	12	1
142	13	0
142	14	1
142	15	1
142	16	0
142	17	1
142	18	1
142	19	0
142	20	0
142	21	1
142	22	1
142	23	1
142	24	1
142	25	0
142	26	1
142	27	1
142	28	1
142	29	1
142	30	0
142	31	0
142	32	1
142	33	1
142	34	1
142	35	1
142	36	1
142	37	0
142	38	1
142	39	1
142	40	1
143	1	1
143	2	1
143	3	1
143	4	1
143	5	1
143	6	1
143	7	1
143	8	1
143	9	1
143	10	0
143	11	1
143	12	0
143	13	1
143	14	1
143	15	1
143	16	1
143	17	0
143	18	0
143	19	1
143	20	1
143	21	1
143	22	0
143	23	1
143	24	1
143	25	1
143	26	1
143	27	1
143	28	1
143	29	1
143	30	1
143	31	1
143	32	1
143	33	1
143	34	0
143	35	1
143	36	1
143	37	1
143	38	0
143	39	1
143	40	0
144	1	1
144	2	0
144	3	1
144	4	0
144	5	1
144	6	1
144	7	1
144	8	1
144	9	1
144	10	1
144	11	1
144	12	1
144	13	0
144	14	0
144	15	1
144	16	0
144	17	1
144	18	1
144	19	0
144	20	0
144	21	1
144	22	1
144	23	1
144	24	0
144	25	0
144	26	1
144	27	0
144	28	1
144	29	1
144	30	0
144	31	0
144	32	0
144	33	1
144	34	1
144	35	0
144	36	1
144	37	0
144	38	1
144	39	1
144	40	1
145	1	1
145	2	1
145	3	0
145	4	0
145	5	0
145	6	0
145	7	0
145	8	0
145	9	1
145	10	1
145	11	1
145	12	1
145	13	0
145	14	1
145	15	0
145	16	0
145	17	1
145	18	1
145	19	0
145	20	0
145	21	1
145	22	1
145	23	0
145	24	1
145	25	0
145	26	0
145	27	1
145	28	0
145	29	0
145	30	0
145	31	0
145	32	1
145	33	0
145	34	1
145	35	1
145	36	0
145	37	0
145	38	1
145	39	1
145	40	1
146	1	1
146	2	1
146	3	1
146	4	0
146	5	1
146	6	1
146	7	0
146	8	1
146	9	1
146	10	0
146	11	1
146	12	0
146	13	0
146	14	1
146	15	1
146	16	0
146	17	0
146	18	0
146	19	0
146	20	0
146	21	1
146	22	0
146	23	1
146	24	0
146	25	0
146	26	1
146	27	1
146	28	0
146	29	1
146	30	0
146	31	0
146	32	1
146	33	0
146	34	0
146	35	1
146	36	0
146	37	0
146	38	0
146	39	1
146	40	0
147	1	1
147	2	0
147	3	1
147	4	0
147	5	1
147	6	1
147	7	1
147	8	1
147	9	1
147	10	1
147	11	1
147	12	1
147	13	0
147	14	0
147	15	1
147	16	0
147	17	1
147	18	1
147	19	0
147	20	0
147	21	1
147	22	1
147	23	1
147	24	0
147	25	0
147	26	1
147	27	0
147	28	1
147	29	1
147	30	0
147	31	0
147	32	0
147	33	1
147	34	1
147	35	0
147	36	1
147	37	0
147	38	1
147	39	1
147	40	1
148	1	1
148	2	1
148	3	1
148	4	0
148	5	1
148	6	1
148	7	1
148	8	1
148	9	1
148	10	1
148	11	1
148	12	1
148	13	0
148	14	1
148	15	1
148	16	0
148	17	1
148	18	1
148	19	0
148	20	0
148	21	1
148	22	1
148	23	1
148	24	1
148	25	0
148	26	1
148	27	1
148	28	1
148	29	1
148	30	0
148	31	0
148	32	1
148	33	1
148	34	1
148	35	1
148	36	1
148	37	0
148	38	1
148	39	1
148	40	1
149	1	0
149	2	1
149	3	1
149	4	0
149	5	0
149	6	1
149	7	1
149	8	0
149	9	0
149	10	1
149	11	0
149	12	1
149	13	0
149	14	1
149	15	1
149	16	0
149	17	1
149	18	1
149	19	0
149	20	0
149	21	0
149	22	1
149	23	1
149	24	1
149	25	0
149	26	0
149	27	1
149	28	1
149	29	1
149	30	0
149	31	0
149	32	1
149	33	1
149	34	1
149	35	1
149	36	0
149	37	0
149	38	1
149	39	0
149	40	1
150	1	0
150	2	1
150	3	1
150	4	0
150	5	1
150	6	1
150	7	1
150	8	1
150	9	0
150	10	0
150	11	0
150	12	0
150	13	0
150	14	1
150	15	1
150	16	0
150	17	0
150	18	0
150	19	0
150	20	0
150	21	0
150	22	0
150	23	1
150	24	1
150	25	0
150	26	1
150	27	1
150	28	1
150	29	1
150	30	0
150	31	0
150	32	1
150	33	1
150	34	0
150	35	1
150	36	1
150	37	0
150	38	0
150	39	0
150	40	0
151	1	1
151	2	1
151	3	1
151	4	1
151	5	1
151	6	1
151	7	1
151	8	1
151	9	1
151	10	0
151	11	1
151	12	0
151	13	1
151	14	1
151	15	1
151	16	1
151	17	0
151	18	0
151	19	1
151	20	1
151	21	1
151	22	0
151	23	1
151	24	1
151	25	1
151	26	1
151	27	1
151	28	1
151	29	1
151	30	1
151	31	1
151	32	1
151	33	1
151	34	0
151	35	1
151	36	1
151	37	1
151	38	0
151	39	1
151	40	0
152	1	1
152	2	1
152	3	0
152	4	0
152	5	0
152	6	0
152	7	0
152	8	0
152	9	1
152	10	0
152	11	1
152	12	0
152	13	0
152	14	1
152	15	0
152	16	0
152	17	0
152	18	0
152	19	0
152	20	0
152	21	1
152	22	0
152	23	0
152	24	1
152	25	0
152	26	0
152	27	1
152	28	0
152	29	0
152	30	0
152	31	0
152	32	1
152	33	0
152	34	0
152	35	1
152	36	0
152	37	0
152	38	0
152	39	1
152	40	0
153	1	1
153	2	1
153	3	0
153	4	0
153	5	0
153	6	0
153	7	0
153	8	0
153	9	1
153	10	1
153	11	1
153	12	1
153	13	0
153	14	1
153	15	0
153	16	0
153	17	1
153	18	1
153	19	0
153	20	0
153	21	1
153	22	1
153	23	0
153	24	1
153	25	0
153	26	0
153	27	1
153	28	0
153	29	0
153	30	0
153	31	0
153	32	1
153	33	0
153	34	1
153	35	1
153	36	0
153	37	0
153	38	1
153	39	1
153	40	1
154	1	1
154	2	1
154	3	0
154	4	0
154	5	0
154	6	0
154	7	0
154	8	0
154	9	1
154	10	0
154	11	1
154	12	0
154	13	0
154	14	1
154	15	0
154	16	0
154	17	0
154	18	0
154	19	0
154	20	0
154	21	1
154	22	0
154	23	0
154	24	1
154	25	0
154	26	0
154	27	1
154	28	0
154	29	0
154	30	0
154	31	0
154	32	1
154	33	0
154	34	0
154	35	1
154	36	0
154	37	0
154	38	0
154	39	1
154	40	0
155	1	1
155	2	1
155	3	1
155	4	0
155	5	1
155	6	1
155	7	1
155	8	1
155	9	1
155	10	1
155	11	1
155	12	1
155	13	0
155	14	1
155	15	1
155	16	0
155	17	1
155	18	1
155	19	0
155	20	0
155	21	1
155	22	1
155	23	1
155	24	1
155	25	0
155	26	1
155	27	1
155	28	1
155	29	1
155	30	0
155	31	0
155	32	1
155	33	1
155	34	1
155	35	1
155	36	1
155	37	0
155	38	1
155	39	1
155	40	1
156	1	0
156	2	1
156	3	1
156	4	0
156	5	0
156	6	1
156	7	1
156	8	0
156	9	0
156	10	1
156	11	0
156	12	1
156	13	0
156	14	1
156	15	1
156	16	0
156	17	1
156	18	1
156	19	0
156	20	0
156	21	0
156	22	1
156	23	1
156	24	1
156	25	0
156	26	0
156	27	1
156	28	1
156	29	1
156	30	0
156	31	0
156	32	1
156	33	1
156	34	1
156	35	1
156	36	0
156	37	0
156	38	1
156	39	0
156	40	1
157	1	1
157	2	1
157	3	0
157	4	0
157	5	0
157	6	0
157	7	0
157	8	0
157	9	1
157	10	0
157	11	1
157	12	0
157	13	0
157	14	1
157	15	0
157	16	0
157	17	0
157	18	0
157	19	0
157	20	0
157	21	1
157	22	0
157	23	0
157	24	1
157	25	0
157	26	0
157	27	1
157	28	0
157	29	0
157	30	0
157	31	0
157	32	1
157	33	0
157	34	0
157	35	1
157	36	0
157	37	0
157	38	0
157	39	1
157	40	0
158	1	1
158	2	1
158	3	0
158	4	0
158	5	0
158	6	1
158	7	1
158	8	0
158	9	1
158	10	0
158	11	0
158	12	0
158	13	0
158	14	0
158	15	1
158	16	0
158	17	0
158	18	0
158	19	0
158	20	0
158	21	0
158	22	0
158	23	0
158	24	1
158	25	0
158	26	0
158	27	1
158	28	0
158	29	1
158	30	0
158	31	0
158	32	1
158	33	1
158	34	0
158	35	1
158	36	0
158	37	0
158	38	0
158	39	1
158	40	0
159	1	0
159	2	1
159	3	1
159	4	0
159	5	1
159	6	1
159	7	1
159	8	1
159	9	0
159	10	0
159	11	0
159	12	0
159	13	0
159	14	1
159	15	1
159	16	0
159	17	0
159	18	0
159	19	0
159	20	0
159	21	0
159	22	0
159	23	1
159	24	1
159	25	0
159	26	1
159	27	1
159	28	1
159	29	1
159	30	0
159	31	0
159	32	1
159	33	1
159	34	0
159	35	1
159	36	1
159	37	0
159	38	0
159	39	0
159	40	0
160	1	1
160	2	1
160	3	1
160	4	0
160	5	0
160	6	1
160	7	1
160	8	0
160	9	1
160	10	0
160	11	1
160	12	0
160	13	0
160	14	1
160	15	1
160	16	0
160	17	0
160	18	0
160	19	0
160	20	0
160	21	1
160	22	0
160	23	1
160	24	1
160	25	0
160	26	0
160	27	1
160	28	1
160	29	1
160	30	0
160	31	0
160	32	1
160	33	1
160	34	0
160	35	1
160	36	0
160	37	0
160	38	0
160	39	1
160	40	0
161	1	1
161	2	1
161	3	0
161	4	0
161	5	0
161	6	1
161	7	1
161	8	0
161	9	1
161	10	0
161	11	0
161	12	0
161	13	0
161	14	0
161	15	1
161	16	0
161	17	0
161	18	0
161	19	0
161	20	0
161	21	0
161	22	0
161	23	0
161	24	1
161	25	0
161	26	0
161	27	1
161	28	0
161	29	1
161	30	0
161	31	0
161	32	1
161	33	1
161	34	0
161	35	1
161	36	0
161	37	0
161	38	0
161	39	1
161	40	0
162	1	0
162	2	1
162	3	1
162	4	0
162	5	0
162	6	1
162	7	1
162	8	0
162	9	0
162	10	0
162	11	0
162	12	0
162	13	0
162	14	1
162	15	1
162	16	0
162	17	0
162	18	0
162	19	0
162	20	0
162	21	0
162	22	0
162	23	1
162	24	1
162	25	0
162	26	0
162	27	1
162	28	1
162	29	1
162	30	0
162	31	0
162	32	1
162	33	1
162	34	0
162	35	1
162	36	0
162	37	0
162	38	0
162	39	0
162	40	0
163	1	1
163	2	1
163	3	0
163	4	0
163	5	0
163	6	0
163	7	0
163	8	0
163	9	1
163	10	0
163	11	1
163	12	0
163	13	0
163	14	1
163	15	0
163	16	0
163	17	0
163	18	0
163	19	0
163	20	0
163	21	1
163	22	0
163	23	0
163	24	1
163	25	0
163	26	0
163	27	1
163	28	0
163	29	0
163	30	0
163	31	0
163	32	1
163	33	0
163	34	0
163	35	1
163	36	0
163	37	0
163	38	0
163	39	1
163	40	0
164	1	1
164	2	1
164	3	1
164	4	0
164	5	1
164	6	1
164	7	1
164	8	1
164	9	1
164	10	1
164	11	1
164	12	1
164	13	0
164	14	1
164	15	1
164	16	0
164	17	1
164	18	1
164	19	0
164	20	0
164	21	1
164	22	1
164	23	1
164	24	1
164	25	0
164	26	1
164	27	1
164	28	1
164	29	1
164	30	0
164	31	0
164	32	1
164	33	1
164	34	1
164	35	1
164	36	1
164	37	0
164	38	1
164	39	1
164	40	1
165	1	0
165	2	1
165	3	0
165	4	0
165	5	0
165	6	0
165	7	0
165	8	0
165	9	0
165	10	0
165	11	0
165	12	0
165	13	0
165	14	0
165	15	0
165	16	0
165	17	0
165	18	0
165	19	0
165	20	0
165	21	1
165	22	0
165	23	0
165	24	0
165	25	0
165	26	0
165	27	0
165	28	0
165	29	0
165	30	0
165	31	0
165	32	1
165	33	0
165	34	0
165	35	0
165	36	0
165	37	0
165	38	0
165	39	1
165	40	0
166	1	1
166	2	1
166	3	1
166	4	0
166	5	1
166	6	1
166	7	1
166	8	1
166	9	1
166	10	0
166	11	1
166	12	0
166	13	0
166	14	1
166	15	1
166	16	0
166	17	0
166	18	0
166	19	0
166	20	0
166	21	1
166	22	0
166	23	1
166	24	1
166	25	0
166	26	1
166	27	1
166	28	1
166	29	1
166	30	0
166	31	0
166	32	1
166	33	1
166	34	0
166	35	1
166	36	1
166	37	0
166	38	0
166	39	1
166	40	0
167	1	1
167	2	1
167	3	1
167	4	0
167	5	1
167	6	1
167	7	1
167	8	1
167	9	1
167	10	1
167	11	1
167	12	1
167	13	0
167	14	1
167	15	1
167	16	0
167	17	1
167	18	1
167	19	0
167	20	0
167	21	1
167	22	1
167	23	1
167	24	1
167	25	0
167	26	1
167	27	1
167	28	1
167	29	1
167	30	0
167	31	0
167	32	1
167	33	1
167	34	1
167	35	1
167	36	1
167	37	0
167	38	1
167	39	1
167	40	1
168	1	1
168	2	1
168	3	1
168	4	0
168	5	0
168	6	1
168	7	1
168	8	0
168	9	0
168	10	0
168	11	0
168	12	0
168	13	0
168	14	0
168	15	1
168	16	0
168	17	0
168	18	0
168	19	0
168	20	0
168	21	1
168	22	0
168	23	1
168	24	0
168	25	0
168	26	0
168	27	1
168	28	1
168	29	0
168	30	0
168	31	0
168	32	1
168	33	1
168	34	0
168	35	1
168	36	0
168	37	0
168	38	0
168	39	1
168	40	0
169	1	0
169	2	1
169	3	1
169	4	0
169	5	0
169	6	1
169	7	1
169	8	0
169	9	0
169	10	0
169	11	1
169	12	0
169	13	0
169	14	0
169	15	1
169	16	1
169	17	0
169	18	0
169	19	1
169	20	0
169	21	1
169	22	0
169	23	1
169	24	1
169	25	1
169	26	0
169	27	0
169	28	1
169	29	0
169	30	1
169	31	1
169	32	1
169	33	1
169	34	0
169	35	0
169	36	0
169	37	1
169	38	0
169	39	1
169	40	0
170	1	1
170	2	1
170	3	1
170	4	0
170	5	0
170	6	1
170	7	1
170	8	0
170	9	1
170	10	0
170	11	1
170	12	0
170	13	0
170	14	1
170	15	1
170	16	0
170	17	0
170	18	0
170	19	0
170	20	0
170	21	1
170	22	0
170	23	1
170	24	1
170	25	0
170	26	0
170	27	1
170	28	1
170	29	1
170	30	0
170	31	0
170	32	1
170	33	1
170	34	0
170	35	1
170	36	0
170	37	0
170	38	0
170	39	1
170	40	0
171	1	0
171	2	1
171	3	1
171	4	0
171	5	0
171	6	1
171	7	1
171	8	0
171	9	0
171	10	0
171	11	0
171	12	0
171	13	0
171	14	1
171	15	1
171	16	0
171	17	0
171	18	0
171	19	0
171	20	0
171	21	0
171	22	0
171	23	1
171	24	1
171	25	0
171	26	0
171	27	1
171	28	1
171	29	1
171	30	0
171	31	0
171	32	1
171	33	1
171	34	0
171	35	1
171	36	0
171	37	0
171	38	0
171	39	0
171	40	0
172	1	1
172	2	1
172	3	0
172	4	0
172	5	0
172	6	0
172	7	0
172	8	0
172	9	1
172	10	1
172	11	1
172	12	1
172	13	0
172	14	1
172	15	0
172	16	0
172	17	1
172	18	1
172	19	0
172	20	0
172	21	1
172	22	1
172	23	0
172	24	1
172	25	0
172	26	0
172	27	1
172	28	0
172	29	0
172	30	0
172	31	0
172	32	1
172	33	0
172	34	1
172	35	1
172	36	0
172	37	0
172	38	1
172	39	1
172	40	1
173	1	1
173	2	1
173	3	0
173	4	0
173	5	0
173	6	0
173	7	0
173	8	0
173	9	1
173	10	1
173	11	1
173	12	1
173	13	0
173	14	1
173	15	0
173	16	0
173	17	1
173	18	1
173	19	0
173	20	0
173	21	1
173	22	1
173	23	0
173	24	1
173	25	0
173	26	0
173	27	1
173	28	0
173	29	0
173	30	0
173	31	0
173	32	1
173	33	0
173	34	1
173	35	1
173	36	0
173	37	0
173	38	1
173	39	1
173	40	1
174	1	1
174	2	0
174	3	1
174	4	0
174	5	1
174	6	1
174	7	1
174	8	1
174	9	1
174	10	1
174	11	1
174	12	1
174	13	0
174	14	0
174	15	1
174	16	0
174	17	1
174	18	1
174	19	0
174	20	0
174	21	1
174	22	1
174	23	1
174	24	0
174	25	0
174	26	1
174	27	0
174	28	1
174	29	1
174	30	0
174	31	0
174	32	0
174	33	1
174	34	1
174	35	0
174	36	1
174	37	0
174	38	1
174	39	1
174	40	1
175	1	0
175	2	1
175	3	1
175	4	0
175	5	0
175	6	1
175	7	1
175	8	0
175	9	0
175	10	0
175	11	0
175	12	0
175	13	0
175	14	0
175	15	1
175	16	0
175	17	0
175	18	0
175	19	0
175	20	0
175	21	0
175	22	0
175	23	1
175	24	1
175	25	0
175	26	0
175	27	0
175	28	1
175	29	0
175	30	0
175	31	0
175	32	1
175	33	1
175	34	0
175	35	0
175	36	0
175	37	0
175	38	0
175	39	0
175	40	0
176	1	0
176	2	1
176	3	1
176	4	0
176	5	1
176	6	1
176	7	1
176	8	1
176	9	0
176	10	0
176	11	0
176	12	0
176	13	0
176	14	1
176	15	1
176	16	0
176	17	0
176	18	0
176	19	0
176	20	0
176	21	0
176	22	0
176	23	1
176	24	1
176	25	0
176	26	1
176	27	1
176	28	1
176	29	1
176	30	0
176	31	0
176	32	1
176	33	1
176	34	0
176	35	1
176	36	1
176	37	0
176	38	0
176	39	0
176	40	0
177	1	1
177	2	1
177	3	0
177	4	0
177	5	0
177	6	0
177	7	0
177	8	0
177	9	1
177	10	1
177	11	1
177	12	1
177	13	0
177	14	1
177	15	0
177	16	0
177	17	1
177	18	1
177	19	0
177	20	0
177	21	1
177	22	1
177	23	0
177	24	1
177	25	0
177	26	0
177	27	1
177	28	0
177	29	0
177	30	0
177	31	0
177	32	1
177	33	0
177	34	1
177	35	1
177	36	0
177	37	0
177	38	1
177	39	1
177	40	1
178	1	0
178	2	0
178	3	0
178	4	0
178	5	0
178	6	0
178	7	0
178	8	0
178	9	1
178	10	0
178	11	0
178	12	0
178	13	0
178	14	1
178	15	0
178	16	0
178	17	0
178	18	0
178	19	0
178	20	0
178	21	0
178	22	0
178	23	0
178	24	1
178	25	0
178	26	0
178	27	0
178	28	0
178	29	0
178	30	0
178	31	0
178	32	1
178	33	0
178	34	0
178	35	1
178	36	0
178	37	0
178	38	0
178	39	1
178	40	0
179	1	1
179	2	1
179	3	1
179	4	0
179	5	1
179	6	1
179	7	1
179	8	1
179	9	1
179	10	0
179	11	1
179	12	0
179	13	0
179	14	1
179	15	1
179	16	0
179	17	0
179	18	0
179	19	0
179	20	0
179	21	1
179	22	0
179	23	1
179	24	1
179	25	0
179	26	1
179	27	1
179	28	1
179	29	1
179	30	0
179	31	0
179	32	1
179	33	1
179	34	0
179	35	1
179	36	1
179	37	0
179	38	0
179	39	1
179	40	0
180	1	0
180	2	1
180	3	1
180	4	0
180	5	1
180	6	1
180	7	1
180	8	1
180	9	0
180	10	0
180	11	0
180	12	0
180	13	0
180	14	1
180	15	1
180	16	0
180	17	0
180	18	0
180	19	0
180	20	0
180	21	0
180	22	0
180	23	1
180	24	1
180	25	0
180	26	1
180	27	1
180	28	1
180	29	1
180	30	0
180	31	0
180	32	1
180	33	1
180	34	0
180	35	1
180	36	1
180	37	0
180	38	0
180	39	0
180	40	0
181	1	0
181	2	1
181	3	1
181	4	0
181	5	0
181	6	1
181	7	1
181	8	0
181	9	0
181	10	0
181	11	0
181	12	0
181	13	0
181	14	1
181	15	1
181	16	0
181	17	0
181	18	0
181	19	0
181	20	0
181	21	0
181	22	0
181	23	1
181	24	1
181	25	0
181	26	0
181	27	1
181	28	1
181	29	1
181	30	0
181	31	0
181	32	1
181	33	1
181	34	0
181	35	1
181	36	0
181	37	0
181	38	0
181	39	0
181	40	0
182	1	1
182	2	1
182	3	1
182	4	0
182	5	1
182	6	1
182	7	1
182	8	1
182	9	1
182	10	0
182	11	1
182	12	0
182	13	0
182	14	1
182	15	1
182	16	0
182	17	0
182	18	0
182	19	0
182	20	0
182	21	1
182	22	0
182	23	1
182	24	1
182	25	0
182	26	1
182	27	1
182	28	1
182	29	1
182	30	0
182	31	0
182	32	1
182	33	1
182	34	0
182	35	1
182	36	1
182	37	0
182	38	0
182	39	1
182	40	0
183	1	1
183	2	1
183	3	1
183	4	0
183	5	1
183	6	1
183	7	1
183	8	1
183	9	1
183	10	0
183	11	1
183	12	0
183	13	0
183	14	1
183	15	1
183	16	0
183	17	0
183	18	0
183	19	0
183	20	0
183	21	1
183	22	0
183	23	1
183	24	1
183	25	0
183	26	1
183	27	1
183	28	1
183	29	1
183	30	0
183	31	0
183	32	1
183	33	1
183	34	0
183	35	1
183	36	1
183	37	0
183	38	0
183	39	1
183	40	0
184	1	0
184	2	1
184	3	1
184	4	0
184	5	1
184	6	1
184	7	1
184	8	0
184	9	0
184	10	0
184	11	0
184	12	0
184	13	0
184	14	0
184	15	1
184	16	0
184	17	0
184	18	0
184	19	0
184	20	0
184	21	0
184	22	0
184	23	1
184	24	1
184	25	0
184	26	1
184	27	0
184	28	1
184	29	0
184	30	0
184	31	0
184	32	1
184	33	1
184	34	0
184	35	0
184	36	1
184	37	0
184	38	0
184	39	0
184	40	0
185	1	0
185	2	1
185	3	1
185	4	0
185	5	0
185	6	1
185	7	1
185	8	0
185	9	0
185	10	1
185	11	0
185	12	1
185	13	0
185	14	1
185	15	1
185	16	0
185	17	1
185	18	1
185	19	0
185	20	0
185	21	0
185	22	1
185	23	1
185	24	1
185	25	0
185	26	0
185	27	1
185	28	1
185	29	1
185	30	0
185	31	0
185	32	1
185	33	1
185	34	1
185	35	1
185	36	0
185	37	0
185	38	1
185	39	0
185	40	1
186	1	0
186	2	1
186	3	1
186	4	1
186	5	0
186	6	1
186	7	1
186	8	0
186	9	0
186	10	0
186	11	0
186	12	0
186	13	1
186	14	1
186	15	1
186	16	1
186	17	0
186	18	0
186	19	1
186	20	1
186	21	0
186	22	0
186	23	1
186	24	1
186	25	1
186	26	0
186	27	1
186	28	1
186	29	1
186	30	1
186	31	1
186	32	1
186	33	1
186	34	0
186	35	1
186	36	0
186	37	1
186	38	0
186	39	0
186	40	0
187	1	1
187	2	1
187	3	1
187	4	0
187	5	1
187	6	1
187	7	1
187	8	1
187	9	1
187	10	0
187	11	1
187	12	0
187	13	0
187	14	1
187	15	1
187	16	0
187	17	0
187	18	0
187	19	0
187	20	0
187	21	1
187	22	0
187	23	1
187	24	1
187	25	0
187	26	1
187	27	1
187	28	1
187	29	1
187	30	0
187	31	0
187	32	1
187	33	1
187	34	0
187	35	1
187	36	1
187	37	0
187	38	0
187	39	1
187	40	0
188	1	0
188	2	1
188	3	1
188	4	0
188	5	0
188	6	1
188	7	1
188	8	0
188	9	0
188	10	0
188	11	0
188	12	0
188	13	0
188	14	1
188	15	1
188	16	0
188	17	0
188	18	0
188	19	0
188	20	0
188	21	0
188	22	0
188	23	1
188	24	1
188	25	0
188	26	0
188	27	1
188	28	1
188	29	1
188	30	0
188	31	0
188	32	1
188	33	1
188	34	0
188	35	1
188	36	0
188	37	0
188	38	0
188	39	0
188	40	0
189	1	0
189	2	1
189	3	1
189	4	0
189	5	1
189	6	1
189	7	1
189	8	1
189	9	0
189	10	0
189	11	0
189	12	0
189	13	0
189	14	1
189	15	1
189	16	0
189	17	0
189	18	0
189	19	0
189	20	0
189	21	0
189	22	0
189	23	1
189	24	1
189	25	0
189	26	1
189	27	1
189	28	1
189	29	1
189	30	0
189	31	0
189	32	1
189	33	1
189	34	0
189	35	1
189	36	1
189	37	0
189	38	0
189	39	0
189	40	0
190	1	1
190	2	1
190	3	1
190	4	0
190	5	1
190	6	1
190	7	1
190	8	1
190	9	1
190	10	0
190	11	1
190	12	0
190	13	0
190	14	1
190	15	1
190	16	0
190	17	0
190	18	0
190	19	0
190	20	0
190	21	1
190	22	0
190	23	1
190	24	1
190	25	0
190	26	1
190	27	1
190	28	1
190	29	1
190	30	0
190	31	0
190	32	1
190	33	1
190	34	0
190	35	1
190	36	1
190	37	0
190	38	0
190	39	1
190	40	0
191	1	0
191	2	1
191	3	1
191	4	0
191	5	0
191	6	1
191	7	1
191	8	0
191	9	0
191	10	1
191	11	0
191	12	1
191	13	0
191	14	1
191	15	1
191	16	0
191	17	1
191	18	1
191	19	0
191	20	0
191	21	0
191	22	1
191	23	1
191	24	1
191	25	0
191	26	0
191	27	1
191	28	1
191	29	1
191	30	0
191	31	0
191	32	1
191	33	1
191	34	1
191	35	1
191	36	0
191	37	0
191	38	1
191	39	0
191	40	1
192	1	0
192	2	0
192	3	0
192	4	0
192	5	0
192	6	0
192	7	0
192	8	0
192	9	1
192	10	0
192	11	0
192	12	1
192	13	0
192	14	1
192	15	0
192	16	0
192	17	1
192	18	1
192	19	0
192	20	0
192	21	0
192	22	1
192	23	0
192	24	1
192	25	0
192	26	0
192	27	0
192	28	0
192	29	0
192	30	0
192	31	0
192	32	1
192	33	0
192	34	1
192	35	1
192	36	0
192	37	0
192	38	0
192	39	1
192	40	0
193	1	0
193	2	1
193	3	1
193	4	1
193	5	0
193	6	1
193	7	1
193	8	0
193	9	0
193	10	1
193	11	0
193	12	1
193	13	1
193	14	1
193	15	1
193	16	1
193	17	1
193	18	1
193	19	1
193	20	1
193	21	0
193	22	1
193	23	1
193	24	1
193	25	1
193	26	0
193	27	1
193	28	1
193	29	1
193	30	1
193	31	1
193	32	1
193	33	1
193	34	1
193	35	1
193	36	0
193	37	1
193	38	1
193	39	0
193	40	1
194	1	1
194	2	1
194	3	1
194	4	0
194	5	1
194	6	1
194	7	1
194	8	1
194	9	1
194	10	0
194	11	1
194	12	0
194	13	0
194	14	1
194	15	1
194	16	0
194	17	0
194	18	0
194	19	0
194	20	0
194	21	1
194	22	0
194	23	1
194	24	1
194	25	0
194	26	1
194	27	1
194	28	1
194	29	1
194	30	0
194	31	0
194	32	1
194	33	1
194	34	0
194	35	1
194	36	1
194	37	0
194	38	0
194	39	1
194	40	0
195	1	0
195	2	1
195	3	1
195	4	0
195	5	0
195	6	1
195	7	1
195	8	0
195	9	0
195	10	0
195	11	0
195	12	0
195	13	0
195	14	1
195	15	1
195	16	0
195	17	0
195	18	0
195	19	0
195	20	0
195	21	0
195	22	0
195	23	1
195	24	1
195	25	0
195	26	0
195	27	1
195	28	1
195	29	1
195	30	0
195	31	0
195	32	1
195	33	1
195	34	0
195	35	1
195	36	0
195	37	0
195	38	0
195	39	0
195	40	0
196	1	1
196	2	0
196	3	1
196	4	0
196	5	1
196	6	1
196	7	1
196	8	1
196	9	1
196	10	1
196	11	1
196	12	1
196	13	0
196	14	0
196	15	1
196	16	0
196	17	1
196	18	1
196	19	0
196	20	0
196	21	1
196	22	1
196	23	1
196	24	0
196	25	0
196	26	1
196	27	0
196	28	1
196	29	1
196	30	0
196	31	0
196	32	0
196	33	1
196	34	1
196	35	0
196	36	1
196	37	0
196	38	1
196	39	1
196	40	1
197	1	1
197	2	1
197	3	0
197	4	0
197	5	0
197	6	0
197	7	0
197	8	0
197	9	1
197	10	1
197	11	1
197	12	1
197	13	0
197	14	1
197	15	0
197	16	0
197	17	1
197	18	1
197	19	0
197	20	0
197	21	1
197	22	1
197	23	0
197	24	1
197	25	0
197	26	0
197	27	1
197	28	0
197	29	0
197	30	0
197	31	0
197	32	1
197	33	0
197	34	1
197	35	1
197	36	0
197	37	0
197	38	1
197	39	1
197	40	1
198	1	1
198	2	1
198	3	1
198	4	0
198	5	1
198	6	1
198	7	1
198	8	1
198	9	1
198	10	0
198	11	1
198	12	0
198	13	0
198	14	1
198	15	1
198	16	0
198	17	0
198	18	0
198	19	0
198	20	0
198	21	1
198	22	0
198	23	1
198	24	1
198	25	0
198	26	1
198	27	1
198	28	1
198	29	1
198	30	0
198	31	0
198	32	1
198	33	1
198	34	0
198	35	1
198	36	1
198	37	0
198	38	0
198	39	1
198	40	0
199	1	1
199	2	1
199	3	1
199	4	0
199	5	0
199	6	1
199	7	1
199	8	0
199	9	1
199	10	0
199	11	1
199	12	0
199	13	0
199	14	1
199	15	1
199	16	0
199	17	0
199	18	0
199	19	0
199	20	0
199	21	1
199	22	0
199	23	1
199	24	1
199	25	0
199	26	0
199	27	1
199	28	1
199	29	1
199	30	0
199	31	0
199	32	1
199	33	1
199	34	0
199	35	1
199	36	0
199	37	0
199	38	0
199	39	1
199	40	0
200	1	1
200	2	1
200	3	1
200	4	0
200	5	1
200	6	1
200	7	1
200	8	1
200	9	1
200	10	1
200	11	1
200	12	1
200	13	0
200	14	1
200	15	1
200	16	0
200	17	1
200	18	1
200	19	0
200	20	0
200	21	1
200	22	1
200	23	1
200	24	1
200	25	0
200	26	1
200	27	1
200	28	1
200	29	1
200	30	0
200	31	0
200	32	1
200	33	1
200	34	1
200	35	1
200	36	1
200	37	0
200	38	1
200	39	1
200	40	1
201	1	0
201	2	1
201	3	1
201	4	0
201	5	0
201	6	1
201	7	1
201	8	0
201	9	0
201	10	1
201	11	0
201	12	1
201	13	0
201	14	1
201	15	1
201	16	0
201	17	1
201	18	1
201	19	0
201	20	0
201	21	0
201	22	1
201	23	1
201	24	1
201	25	0
201	26	0
201	27	1
201	28	1
201	29	1
201	30	0
201	31	0
201	32	1
201	33	1
201	34	1
201	35	1
201	36	0
201	37	0
201	38	1
201	39	0
201	40	1
202	1	0
202	2	1
202	3	1
202	4	0
202	5	1
202	6	1
202	7	1
202	8	1
202	9	0
202	10	0
202	11	0
202	12	0
202	13	0
202	14	1
202	15	1
202	16	0
202	17	0
202	18	0
202	19	0
202	20	0
202	21	0
202	22	0
202	23	1
202	24	1
202	25	0
202	26	1
202	27	1
202	28	1
202	29	1
202	30	0
202	31	0
202	32	1
202	33	1
202	34	0
202	35	1
202	36	1
202	37	0
202	38	0
202	39	0
202	40	0
203	1	0
203	2	1
203	3	1
203	4	0
203	5	0
203	6	1
203	7	1
203	8	0
203	9	0
203	10	1
203	11	0
203	12	1
203	13	0
203	14	1
203	15	1
203	16	0
203	17	1
203	18	1
203	19	0
203	20	0
203	21	0
203	22	1
203	23	1
203	24	1
203	25	0
203	26	0
203	27	1
203	28	1
203	29	1
203	30	0
203	31	0
203	32	1
203	33	1
203	34	1
203	35	1
203	36	0
203	37	0
203	38	1
203	39	0
203	40	1
204	1	1
204	2	1
204	3	0
204	4	0
204	5	0
204	6	0
204	7	0
204	8	0
204	9	1
204	10	1
204	11	1
204	12	1
204	13	0
204	14	1
204	15	0
204	16	0
204	17	1
204	18	1
204	19	0
204	20	0
204	21	1
204	22	1
204	23	0
204	24	1
204	25	0
204	26	0
204	27	1
204	28	0
204	29	0
204	30	0
204	31	0
204	32	1
204	33	0
204	34	1
204	35	1
204	36	0
204	37	0
204	38	1
204	39	1
204	40	1
205	1	0
205	2	1
205	3	1
205	4	1
205	5	0
205	6	1
205	7	1
205	8	0
205	9	0
205	10	1
205	11	0
205	12	1
205	13	1
205	14	1
205	15	1
205	16	1
205	17	1
205	18	1
205	19	1
205	20	1
205	21	0
205	22	1
205	23	1
205	24	1
205	25	1
205	26	0
205	27	1
205	28	1
205	29	1
205	30	1
205	31	1
205	32	1
205	33	1
205	34	1
205	35	1
205	36	0
205	37	1
205	38	1
205	39	0
205	40	1
206	1	1
206	2	1
206	3	0
206	4	0
206	5	0
206	6	0
206	7	0
206	8	0
206	9	1
206	10	1
206	11	1
206	12	1
206	13	0
206	14	1
206	15	0
206	16	0
206	17	1
206	18	1
206	19	0
206	20	0
206	21	1
206	22	1
206	23	0
206	24	1
206	25	0
206	26	0
206	27	1
206	28	0
206	29	0
206	30	0
206	31	0
206	32	1
206	33	0
206	34	1
206	35	1
206	36	0
206	37	0
206	38	1
206	39	1
206	40	1
207	1	1
207	2	1
207	3	1
207	4	0
207	5	1
207	6	1
207	7	1
207	8	1
207	9	1
207	10	1
207	11	1
207	12	1
207	13	0
207	14	1
207	15	1
207	16	0
207	17	1
207	18	1
207	19	0
207	20	0
207	21	1
207	22	1
207	23	1
207	24	1
207	25	0
207	26	1
207	27	1
207	28	1
207	29	1
207	30	0
207	31	0
207	32	1
207	33	1
207	34	1
207	35	1
207	36	1
207	37	0
207	38	1
207	39	1
207	40	1
208	1	0
208	2	0
208	3	1
208	4	0
208	5	0
208	6	1
208	7	1
208	8	0
208	9	0
208	10	0
208	11	0
208	12	1
208	13	1
208	14	1
208	15	1
208	16	1
208	17	1
208	18	1
208	19	0
208	20	1
208	21	0
208	22	1
208	23	0
208	24	1
208	25	1
208	26	0
208	27	0
208	28	1
208	29	0
208	30	1
208	31	1
208	32	1
208	33	1
208	34	1
208	35	1
208	36	0
208	37	0
208	38	0
208	39	0
208	40	0
209	1	1
209	2	1
209	3	1
209	4	0
209	5	1
209	6	1
209	7	1
209	8	1
209	9	1
209	10	0
209	11	1
209	12	0
209	13	0
209	14	1
209	15	1
209	16	0
209	17	0
209	18	0
209	19	0
209	20	0
209	21	1
209	22	0
209	23	1
209	24	1
209	25	0
209	26	1
209	27	1
209	28	1
209	29	1
209	30	0
209	31	0
209	32	1
209	33	1
209	34	0
209	35	1
209	36	1
209	37	0
209	38	0
209	39	1
209	40	0
210	1	0
210	2	0
210	3	1
210	4	0
210	5	1
210	6	1
210	7	1
210	8	0
210	9	0
210	10	0
210	11	0
210	12	0
210	13	0
210	14	0
210	15	1
210	16	0
210	17	0
210	18	0
210	19	0
210	20	0
210	21	0
210	22	0
210	23	0
210	24	1
210	25	0
210	26	1
210	27	0
210	28	1
210	29	0
210	30	0
210	31	0
210	32	1
210	33	1
210	34	0
210	35	0
210	36	0
210	37	0
210	38	0
210	39	0
210	40	0
211	1	1
211	2	1
211	3	0
211	4	0
211	5	0
211	6	0
211	7	0
211	8	0
211	9	0
211	10	0
211	11	0
211	12	0
211	13	0
211	14	0
211	15	0
211	16	0
211	17	0
211	18	0
211	19	0
211	20	0
211	21	1
211	22	0
211	23	0
211	24	0
211	25	0
211	26	0
211	27	1
211	28	0
211	29	0
211	30	0
211	31	0
211	32	1
211	33	0
211	34	0
211	35	1
211	36	0
211	37	0
211	38	0
211	39	1
211	40	0
212	1	0
212	2	1
212	3	0
212	4	0
212	5	0
212	6	1
212	7	1
212	8	0
212	9	0
212	10	0
212	11	0
212	12	0
212	13	0
212	14	0
212	15	1
212	16	0
212	17	0
212	18	0
212	19	0
212	20	0
212	21	0
212	22	0
212	23	0
212	24	1
212	25	0
212	26	0
212	27	1
212	28	0
212	29	1
212	30	0
212	31	0
212	32	1
212	33	1
212	34	0
212	35	1
212	36	0
212	37	0
212	38	0
212	39	0
212	40	0
213	1	0
213	2	0
213	3	1
213	4	0
213	5	0
213	6	1
213	7	1
213	8	0
213	9	0
213	10	0
213	11	0
213	12	1
213	13	1
213	14	1
213	15	1
213	16	1
213	17	1
213	18	1
213	19	0
213	20	1
213	21	0
213	22	1
213	23	0
213	24	1
213	25	1
213	26	0
213	27	0
213	28	1
213	29	0
213	30	1
213	31	1
213	32	1
213	33	1
213	34	1
213	35	1
213	36	0
213	37	0
213	38	0
213	39	0
213	40	0
214	1	1
214	2	1
214	3	1
214	4	0
214	5	1
214	6	1
214	7	1
214	8	0
214	9	0
214	10	0
214	11	0
214	12	0
214	13	0
214	14	0
214	15	1
214	16	0
214	17	0
214	18	0
214	19	0
214	20	0
214	21	1
214	22	0
214	23	1
214	24	0
214	25	0
214	26	1
214	27	1
214	28	1
214	29	0
214	30	0
214	31	0
214	32	1
214	33	1
214	34	0
214	35	1
214	36	1
214	37	0
214	38	0
214	39	1
214	40	0
215	1	1
215	2	1
215	3	1
215	4	1
215	5	1
215	6	1
215	7	1
215	8	1
215	9	1
215	10	0
215	11	1
215	12	0
215	13	1
215	14	1
215	15	1
215	16	1
215	17	0
215	18	0
215	19	1
215	20	1
215	21	1
215	22	0
215	23	1
215	24	1
215	25	1
215	26	1
215	27	1
215	28	1
215	29	1
215	30	1
215	31	1
215	32	1
215	33	1
215	34	0
215	35	1
215	36	1
215	37	1
215	38	0
215	39	1
215	40	0
216	1	0
216	2	1
216	3	1
216	4	0
216	5	0
216	6	1
216	7	1
216	8	0
216	9	0
216	10	0
216	11	0
216	12	0
216	13	0
216	14	1
216	15	1
216	16	0
216	17	0
216	18	0
216	19	0
216	20	0
216	21	0
216	22	0
216	23	1
216	24	1
216	25	0
216	26	0
216	27	1
216	28	1
216	29	1
216	30	0
216	31	0
216	32	1
216	33	1
216	34	0
216	35	1
216	36	0
216	37	0
216	38	0
216	39	0
216	40	0
217	1	1
217	2	1
217	3	1
217	4	0
217	5	1
217	6	1
217	7	1
217	8	1
217	9	1
217	10	1
217	11	1
217	12	1
217	13	0
217	14	1
217	15	1
217	16	0
217	17	1
217	18	1
217	19	0
217	20	0
217	21	1
217	22	1
217	23	1
217	24	1
217	25	0
217	26	1
217	27	1
217	28	1
217	29	1
217	30	0
217	31	0
217	32	1
217	33	1
217	34	1
217	35	1
217	36	1
217	37	0
217	38	1
217	39	1
217	40	1
218	1	1
218	2	1
218	3	1
218	4	0
218	5	1
218	6	1
218	7	1
218	8	1
218	9	1
218	10	1
218	11	1
218	12	1
218	13	0
218	14	1
218	15	1
218	16	0
218	17	1
218	18	1
218	19	0
218	20	0
218	21	1
218	22	1
218	23	1
218	24	1
218	25	0
218	26	1
218	27	1
218	28	1
218	29	1
218	30	0
218	31	0
218	32	1
218	33	1
218	34	1
218	35	1
218	36	1
218	37	0
218	38	1
218	39	1
218	40	1
219	1	1
219	2	1
219	3	0
219	4	0
219	5	0
219	6	0
219	7	0
219	8	0
219	9	1
219	10	0
219	11	1
219	12	0
219	13	0
219	14	1
219	15	0
219	16	0
219	17	0
219	18	0
219	19	0
219	20	0
219	21	1
219	22	0
219	23	0
219	24	1
219	25	0
219	26	0
219	27	1
219	28	0
219	29	0
219	30	0
219	31	0
219	32	1
219	33	0
219	34	0
219	35	1
219	36	0
219	37	0
219	38	0
219	39	1
219	40	0
220	1	1
220	2	1
220	3	0
220	4	0
220	5	0
220	6	0
220	7	0
220	8	0
220	9	1
220	10	1
220	11	1
220	12	1
220	13	0
220	14	1
220	15	0
220	16	0
220	17	1
220	18	1
220	19	0
220	20	0
220	21	1
220	22	1
220	23	0
220	24	1
220	25	0
220	26	0
220	27	1
220	28	0
220	29	0
220	30	0
220	31	0
220	32	1
220	33	0
220	34	1
220	35	1
220	36	0
220	37	0
220	38	1
220	39	1
220	40	1
221	1	1
221	2	1
221	3	1
221	4	0
221	5	1
221	6	1
221	7	1
221	8	1
221	9	1
221	10	0
221	11	1
221	12	0
221	13	0
221	14	1
221	15	1
221	16	0
221	17	0
221	18	0
221	19	0
221	20	0
221	21	1
221	22	0
221	23	1
221	24	1
221	25	0
221	26	1
221	27	1
221	28	1
221	29	1
221	30	0
221	31	0
221	32	1
221	33	1
221	34	0
221	35	1
221	36	1
221	37	0
221	38	0
221	39	1
221	40	0
222	1	1
222	2	1
222	3	0
222	4	0
222	5	0
222	6	0
222	7	0
222	8	0
222	9	1
222	10	0
222	11	0
222	12	1
222	13	0
222	14	0
222	15	0
222	16	0
222	17	0
222	18	1
222	19	0
222	20	0
222	21	0
222	22	0
222	23	0
222	24	1
222	25	0
222	26	0
222	27	1
222	28	0
222	29	0
222	30	0
222	31	0
222	32	1
222	33	0
222	34	1
222	35	1
222	36	0
222	37	0
222	38	0
222	39	1
222	40	1
223	1	1
223	2	1
223	3	1
223	4	1
223	5	1
223	6	1
223	7	1
223	8	1
223	9	1
223	10	0
223	11	1
223	12	0
223	13	1
223	14	1
223	15	1
223	16	1
223	17	0
223	18	0
223	19	1
223	20	1
223	21	1
223	22	0
223	23	1
223	24	1
223	25	1
223	26	1
223	27	1
223	28	1
223	29	1
223	30	1
223	31	1
223	32	1
223	33	1
223	34	0
223	35	1
223	36	1
223	37	1
223	38	0
223	39	1
223	40	0
224	1	1
224	2	1
224	3	1
224	4	0
224	5	1
224	6	1
224	7	0
224	8	1
224	9	1
224	10	0
224	11	1
224	12	0
224	13	0
224	14	1
224	15	1
224	16	0
224	17	0
224	18	0
224	19	0
224	20	0
224	21	1
224	22	0
224	23	1
224	24	0
224	25	0
224	26	1
224	27	1
224	28	0
224	29	1
224	30	0
224	31	0
224	32	1
224	33	0
224	34	0
224	35	1
224	36	0
224	37	0
224	38	0
224	39	1
224	40	0
225	1	1
225	2	1
225	3	1
225	4	0
225	5	1
225	6	1
225	7	1
225	8	1
225	9	1
225	10	0
225	11	1
225	12	0
225	13	0
225	14	1
225	15	1
225	16	0
225	17	0
225	18	0
225	19	0
225	20	0
225	21	1
225	22	0
225	23	1
225	24	1
225	25	0
225	26	1
225	27	1
225	28	1
225	29	1
225	30	0
225	31	0
225	32	1
225	33	1
225	34	0
225	35	1
225	36	1
225	37	0
225	38	0
225	39	1
225	40	0
226	1	0
226	2	1
226	3	1
226	4	1
226	5	0
226	6	1
226	7	1
226	8	0
226	9	0
226	10	0
226	11	0
226	12	0
226	13	1
226	14	1
226	15	1
226	16	1
226	17	0
226	18	0
226	19	1
226	20	1
226	21	0
226	22	0
226	23	1
226	24	1
226	25	1
226	26	0
226	27	1
226	28	1
226	29	1
226	30	1
226	31	1
226	32	1
226	33	1
226	34	0
226	35	1
226	36	0
226	37	1
226	38	0
226	39	0
226	40	0
227	1	1
227	2	1
227	3	1
227	4	0
227	5	1
227	6	1
227	7	1
227	8	1
227	9	1
227	10	0
227	11	1
227	12	0
227	13	0
227	14	1
227	15	1
227	16	0
227	17	0
227	18	0
227	19	0
227	20	0
227	21	1
227	22	0
227	23	1
227	24	1
227	25	0
227	26	1
227	27	1
227	28	1
227	29	1
227	30	0
227	31	0
227	32	1
227	33	1
227	34	0
227	35	1
227	36	1
227	37	0
227	38	0
227	39	1
227	40	0
228	1	1
228	2	1
228	3	1
228	4	1
228	5	1
228	6	1
228	7	1
228	8	1
228	9	1
228	10	0
228	11	1
228	12	0
228	13	1
228	14	1
228	15	1
228	16	1
228	17	0
228	18	0
228	19	1
228	20	1
228	21	1
228	22	0
228	23	1
228	24	1
228	25	1
228	26	1
228	27	1
228	28	1
228	29	1
228	30	1
228	31	1
228	32	1
228	33	1
228	34	0
228	35	1
228	36	1
228	37	1
228	38	0
228	39	1
228	40	0
229	1	0
229	2	1
229	3	1
229	4	0
229	5	0
229	6	1
229	7	1
229	8	0
229	9	0
229	10	0
229	11	0
229	12	0
229	13	0
229	14	1
229	15	1
229	16	0
229	17	0
229	18	0
229	19	0
229	20	0
229	21	0
229	22	0
229	23	1
229	24	1
229	25	0
229	26	0
229	27	1
229	28	1
229	29	1
229	30	0
229	31	0
229	32	1
229	33	1
229	34	0
229	35	1
229	36	0
229	37	0
229	38	0
229	39	0
229	40	0
230	1	0
230	2	1
230	3	1
230	4	0
230	5	0
230	6	1
230	7	1
230	8	0
230	9	0
230	10	0
230	11	0
230	12	0
230	13	0
230	14	0
230	15	1
230	16	0
230	17	0
230	18	0
230	19	0
230	20	0
230	21	0
230	22	0
230	23	1
230	24	1
230	25	0
230	26	0
230	27	0
230	28	1
230	29	0
230	30	0
230	31	0
230	32	1
230	33	1
230	34	0
230	35	0
230	36	0
230	37	0
230	38	0
230	39	0
230	40	0
231	1	1
231	2	1
231	3	1
231	4	0
231	5	0
231	6	1
231	7	1
231	8	0
231	9	1
231	10	0
231	11	1
231	12	0
231	13	0
231	14	1
231	15	1
231	16	0
231	17	0
231	18	0
231	19	0
231	20	0
231	21	1
231	22	0
231	23	1
231	24	1
231	25	0
231	26	0
231	27	1
231	28	1
231	29	1
231	30	0
231	31	0
231	32	1
231	33	1
231	34	0
231	35	1
231	36	0
231	37	0
231	38	0
231	39	1
231	40	0
232	1	1
232	2	1
232	3	1
232	4	0
232	5	1
232	6	1
232	7	1
232	8	1
232	9	1
232	10	0
232	11	1
232	12	0
232	13	0
232	14	1
232	15	1
232	16	0
232	17	0
232	18	0
232	19	0
232	20	0
232	21	1
232	22	0
232	23	1
232	24	1
232	25	0
232	26	1
232	27	1
232	28	1
232	29	1
232	30	0
232	31	0
232	32	1
232	33	1
232	34	0
232	35	1
232	36	1
232	37	0
232	38	0
232	39	1
232	40	0
233	1	1
233	2	1
233	3	1
233	4	0
233	5	1
233	6	1
233	7	1
233	8	1
233	9	1
233	10	1
233	11	1
233	12	1
233	13	0
233	14	1
233	15	1
233	16	0
233	17	1
233	18	1
233	19	0
233	20	0
233	21	1
233	22	1
233	23	1
233	24	1
233	25	0
233	26	1
233	27	1
233	28	1
233	29	1
233	30	0
233	31	0
233	32	1
233	33	1
233	34	1
233	35	1
233	36	1
233	37	0
233	38	1
233	39	1
233	40	1
234	1	1
234	2	1
234	3	1
234	4	0
234	5	1
234	6	1
234	7	1
234	8	1
234	9	1
234	10	0
234	11	1
234	12	0
234	13	0
234	14	1
234	15	1
234	16	0
234	17	0
234	18	0
234	19	0
234	20	0
234	21	1
234	22	0
234	23	1
234	24	1
234	25	0
234	26	1
234	27	1
234	28	1
234	29	1
234	30	0
234	31	0
234	32	1
234	33	1
234	34	0
234	35	1
234	36	1
234	37	0
234	38	0
234	39	1
234	40	0
235	1	0
235	2	1
235	3	1
235	4	0
235	5	0
235	6	1
235	7	1
235	8	0
235	9	0
235	10	1
235	11	0
235	12	1
235	13	0
235	14	1
235	15	1
235	16	0
235	17	1
235	18	1
235	19	0
235	20	0
235	21	0
235	22	1
235	23	1
235	24	1
235	25	0
235	26	0
235	27	1
235	28	1
235	29	1
235	30	0
235	31	0
235	32	1
235	33	1
235	34	1
235	35	1
235	36	0
235	37	0
235	38	1
235	39	0
235	40	1
236	1	1
236	2	0
236	3	1
236	4	0
236	5	1
236	6	1
236	7	1
236	8	1
236	9	1
236	10	1
236	11	1
236	12	1
236	13	0
236	14	0
236	15	1
236	16	0
236	17	1
236	18	1
236	19	0
236	20	0
236	21	1
236	22	1
236	23	1
236	24	0
236	25	0
236	26	1
236	27	0
236	28	1
236	29	1
236	30	0
236	31	0
236	32	0
236	33	1
236	34	1
236	35	0
236	36	1
236	37	0
236	38	1
236	39	1
236	40	1
237	1	1
237	2	1
237	3	1
237	4	0
237	5	0
237	6	1
237	7	1
237	8	0
237	9	1
237	10	0
237	11	1
237	12	0
237	13	0
237	14	1
237	15	1
237	16	0
237	17	0
237	18	0
237	19	0
237	20	0
237	21	1
237	22	0
237	23	1
237	24	1
237	25	0
237	26	0
237	27	1
237	28	1
237	29	1
237	30	0
237	31	0
237	32	1
237	33	1
237	34	0
237	35	1
237	36	0
237	37	0
237	38	0
237	39	1
237	40	0
238	1	0
238	2	0
238	3	1
238	4	0
238	5	0
238	6	1
238	7	1
238	8	0
238	9	1
238	10	0
238	11	0
238	12	0
238	13	1
238	14	1
238	15	1
238	16	1
238	17	0
238	18	0
238	19	0
238	20	1
238	21	0
238	22	0
238	23	0
238	24	1
238	25	1
238	26	0
238	27	0
238	28	1
238	29	0
238	30	1
238	31	1
238	32	1
238	33	1
238	34	0
238	35	1
238	36	0
238	37	0
238	38	0
238	39	1
238	40	0
239	1	0
239	2	0
239	3	0
239	4	0
239	5	0
239	6	0
239	7	0
239	8	0
239	9	1
239	10	0
239	11	0
239	12	1
239	13	0
239	14	1
239	15	0
239	16	0
239	17	1
239	18	1
239	19	0
239	20	0
239	21	0
239	22	1
239	23	0
239	24	1
239	25	0
239	26	0
239	27	0
239	28	0
239	29	0
239	30	0
239	31	0
239	32	1
239	33	0
239	34	1
239	35	1
239	36	0
239	37	0
239	38	0
239	39	1
239	40	0
240	1	1
240	2	1
240	3	0
240	4	0
240	5	0
240	6	0
240	7	0
240	8	0
240	9	1
240	10	1
240	11	1
240	12	1
240	13	0
240	14	1
240	15	0
240	16	0
240	17	1
240	18	1
240	19	0
240	20	0
240	21	1
240	22	1
240	23	0
240	24	0
240	25	0
240	26	0
240	27	1
240	28	0
240	29	0
240	30	0
240	31	0
240	32	1
240	33	0
240	34	0
240	35	1
240	36	0
240	37	0
240	38	1
240	39	1
240	40	1
241	1	1
241	2	0
241	3	1
241	4	0
241	5	1
241	6	1
241	7	1
241	8	1
241	9	1
241	10	1
241	11	1
241	12	1
241	13	0
241	14	0
241	15	1
241	16	0
241	17	1
241	18	1
241	19	0
241	20	0
241	21	1
241	22	1
241	23	1
241	24	0
241	25	0
241	26	1
241	27	0
241	28	1
241	29	1
241	30	0
241	31	0
241	32	0
241	33	1
241	34	1
241	35	0
241	36	1
241	37	0
241	38	1
241	39	1
241	40	1
242	1	1
242	2	1
242	3	0
242	4	0
242	5	0
242	6	0
242	7	0
242	8	0
242	9	1
242	10	0
242	11	1
242	12	0
242	13	0
242	14	1
242	15	0
242	16	0
242	17	0
242	18	0
242	19	0
242	20	0
242	21	1
242	22	0
242	23	0
242	24	1
242	25	0
242	26	0
242	27	1
242	28	0
242	29	0
242	30	0
242	31	0
242	32	1
242	33	0
242	34	0
242	35	1
242	36	0
242	37	0
242	38	0
242	39	1
242	40	0
243	1	1
243	2	1
243	3	1
243	4	0
243	5	1
243	6	1
243	7	1
243	8	0
243	9	0
243	10	1
243	11	0
243	12	1
243	13	0
243	14	0
243	15	1
243	16	0
243	17	1
243	18	1
243	19	0
243	20	0
243	21	1
243	22	1
243	23	1
243	24	0
243	25	0
243	26	1
243	27	1
243	28	1
243	29	0
243	30	0
243	31	0
243	32	1
243	33	1
243	34	0
243	35	1
243	36	1
243	37	0
243	38	1
243	39	1
243	40	0
244	1	1
244	2	1
244	3	0
244	4	0
244	5	0
244	6	0
244	7	0
244	8	0
244	9	1
244	10	0
244	11	1
244	12	0
244	13	0
244	14	1
244	15	0
244	16	0
244	17	0
244	18	0
244	19	0
244	20	0
244	21	1
244	22	0
244	23	0
244	24	1
244	25	0
244	26	0
244	27	1
244	28	0
244	29	0
244	30	0
244	31	0
244	32	1
244	33	0
244	34	0
244	35	1
244	36	0
244	37	0
244	38	0
244	39	1
244	40	0
245	1	1
245	2	1
245	3	1
245	4	0
245	5	1
245	6	1
245	7	1
245	8	1
245	9	1
245	10	1
245	11	1
245	12	1
245	13	0
245	14	1
245	15	1
245	16	0
245	17	1
245	18	1
245	19	0
245	20	0
245	21	1
245	22	1
245	23	1
245	24	1
245	25	0
245	26	1
245	27	1
245	28	1
245	29	1
245	30	0
245	31	0
245	32	1
245	33	1
245	34	1
245	35	1
245	36	1
245	37	0
245	38	1
245	39	1
245	40	1
246	1	1
246	2	1
246	3	0
246	4	0
246	5	0
246	6	0
246	7	0
246	8	0
246	9	1
246	10	0
246	11	1
246	12	0
246	13	0
246	14	1
246	15	0
246	16	0
246	17	0
246	18	0
246	19	0
246	20	0
246	21	1
246	22	0
246	23	0
246	24	1
246	25	0
246	26	0
246	27	1
246	28	0
246	29	0
246	30	0
246	31	0
246	32	1
246	33	0
246	34	0
246	35	1
246	36	0
246	37	0
246	38	0
246	39	1
246	40	0
247	1	0
247	2	1
247	3	1
247	4	0
247	5	0
247	6	1
247	7	1
247	8	0
247	9	0
247	10	1
247	11	0
247	12	1
247	13	0
247	14	1
247	15	1
247	16	0
247	17	1
247	18	1
247	19	0
247	20	0
247	21	0
247	22	1
247	23	1
247	24	1
247	25	0
247	26	0
247	27	1
247	28	1
247	29	1
247	30	0
247	31	0
247	32	1
247	33	1
247	34	1
247	35	1
247	36	0
247	37	0
247	38	1
247	39	0
247	40	1
248	1	1
248	2	1
248	3	1
248	4	0
248	5	0
248	6	1
248	7	1
248	8	0
248	9	1
248	10	0
248	11	1
248	12	0
248	13	0
248	14	1
248	15	1
248	16	0
248	17	0
248	18	0
248	19	0
248	20	0
248	21	1
248	22	0
248	23	1
248	24	1
248	25	0
248	26	0
248	27	1
248	28	1
248	29	1
248	30	0
248	31	0
248	32	1
248	33	1
248	34	0
248	35	1
248	36	0
248	37	0
248	38	0
248	39	1
248	40	0
249	1	0
249	2	1
249	3	1
249	4	1
249	5	0
249	6	1
249	7	1
249	8	0
249	9	0
249	10	1
249	11	0
249	12	1
249	13	1
249	14	1
249	15	1
249	16	1
249	17	1
249	18	1
249	19	1
249	20	1
249	21	0
249	22	1
249	23	1
249	24	1
249	25	1
249	26	0
249	27	1
249	28	1
249	29	1
249	30	1
249	31	1
249	32	1
249	33	1
249	34	1
249	35	1
249	36	0
249	37	1
249	38	1
249	39	0
249	40	1
250	1	0
250	2	0
250	3	1
250	4	0
250	5	1
250	6	1
250	7	1
250	8	1
250	9	1
250	10	0
250	11	0
250	12	0
250	13	0
250	14	1
250	15	1
250	16	0
250	17	0
250	18	0
250	19	0
250	20	0
250	21	0
250	22	0
250	23	0
250	24	1
250	25	0
250	26	1
250	27	0
250	28	1
250	29	0
250	30	0
250	31	0
250	32	1
250	33	1
250	34	0
250	35	1
250	36	0
250	37	0
250	38	0
250	39	1
250	40	0
