p	r	C_pr
1	1	90
1	2	70
1	3	110
1	4	70
1	5	50
1	6	50
1	7	20
1	8	50
1	9	70
1	10	40
1	11	50
1	12	70
1	13	110
1	14	60
1	15	40
1	16	50
1	17	90
1	18	50
1	19	110
1	20	90
1	21	70
1	22	90
1	23	130
1	24	90
1	25	130
1	26	110
1	27	90
1	28	70
1	29	0
1	30	90
1	31	70
1	32	70
1	33	40
1	34	70
1	35	80
1	36	50
1	37	110
1	38	70
1	39	90
1	40	90
2	1	70
2	2	70
2	3	90
2	4	70
2	5	50
2	6	50
2	7	20
2	8	70
2	9	70
2	10	20
2	11	50
2	12	20
2	13	110
2	14	40
2	15	20
2	16	50
2	17	70
2	18	50
2	19	90
2	20	90
2	21	70
2	22	90
2	23	90
2	24	70
2	25	110
2	26	90
2	27	50
2	28	70
2	29	0
2	30	90
2	31	70
2	32	70
2	33	20
2	34	90
2	35	70
2	36	70
2	37	70
2	38	90
2	39	70
2	40	90
3	1	110
3	2	70
3	3	110
3	4	70
3	5	0
3	6	50
3	7	90
3	8	50
3	9	70
3	10	110
3	11	90
3	12	70
3	13	110
3	14	90
3	15	90
3	16	70
3	17	90
3	18	90
3	19	70
3	20	110
3	21	70
3	22	90
3	23	90
3	24	90
3	25	110
3	26	60
3	27	70
3	28	20
3	29	70
3	30	70
3	31	50
3	32	70
3	33	90
3	34	50
3	35	70
3	36	50
3	37	60
3	38	50
3	39	90
3	40	70
4	1	70
4	2	50
4	3	70
4	4	70
4	5	70
4	6	50
4	7	0
4	8	50
4	9	50
4	10	40
4	11	50
4	12	40
4	13	90
4	14	40
4	15	20
4	16	50
4	17	70
4	18	50
4	19	90
4	20	90
4	21	90
4	22	70
4	23	90
4	24	70
4	25	110
4	26	70
4	27	70
4	28	50
4	29	0
4	30	70
4	31	50
4	32	90
4	33	60
4	34	70
4	35	50
4	36	50
4	37	70
4	38	70
4	39	70
4	40	70
5	1	90
5	2	60
5	3	90
5	4	60
5	5	30
5	6	60
5	7	70
5	8	50
5	9	50
5	10	100
5	11	80
5	12	120
5	13	90
5	14	100
5	15	100
5	16	60
5	17	120
5	18	80
5	19	90
5	20	100
5	21	120
5	22	60
5	23	120
5	24	70
5	25	90
5	26	50
5	27	90
5	28	0
5	29	80
5	30	80
5	31	70
5	32	80
5	33	130
5	34	80
5	35	60
5	36	60
5	37	70
5	38	80
5	39	80
5	40	80
6	1	90
6	2	60
6	3	90
6	4	70
6	5	0
6	6	80
6	7	70
6	8	50
6	9	50
6	10	110
6	11	80
6	12	140
6	13	90
6	14	100
6	15	120
6	16	50
6	17	110
6	18	80
6	19	110
6	20	90
6	21	90
6	22	50
6	23	120
6	24	70
6	25	90
6	26	40
6	27	110
6	28	0
6	29	100
6	30	70
6	31	70
6	32	50
6	33	110
6	34	70
6	35	60
6	36	60
6	37	60
6	38	80
6	39	80
6	40	70
7	1	70
7	2	80
7	3	90
7	4	50
7	5	50
7	6	60
7	7	20
7	8	50
7	9	70
7	10	0
7	11	60
7	12	30
7	13	70
7	14	30
7	15	30
7	16	50
7	17	70
7	18	60
7	19	70
7	20	50
7	21	50
7	22	70
7	23	100
7	24	70
7	25	70
7	26	90
7	27	70
7	28	70
7	29	10
7	30	70
7	31	70
7	32	50
7	33	0
7	34	50
7	35	80
7	36	60
7	37	90
7	38	60
7	39	80
7	40	70
8	1	90
8	2	60
8	3	90
8	4	80
8	5	80
8	6	60
8	7	20
8	8	50
8	9	50
8	10	50
8	11	60
8	12	30
8	13	90
8	14	50
8	15	30
8	16	60
8	17	60
8	18	60
8	19	70
8	20	100
8	21	80
8	22	100
8	23	80
8	24	70
8	25	90
8	26	80
8	27	70
8	28	70
8	29	10
8	30	80
8	31	50
8	32	100
8	33	40
8	34	60
8	35	80
8	36	60
8	37	100
8	38	60
8	39	80
8	40	80
9	1	110
9	2	80
9	3	110
9	4	60
9	5	60
9	6	60
9	7	40
9	8	70
9	9	70
9	10	50
9	11	80
9	12	70
9	13	110
9	14	70
9	15	50
9	16	60
9	17	120
9	18	80
9	19	90
9	20	120
9	21	100
9	22	80
9	23	140
9	24	90
9	25	110
9	26	120
9	27	90
9	28	70
9	29	30
9	30	100
9	31	90
9	32	60
9	33	60
9	34	100
9	35	80
9	36	80
9	37	140
9	38	100
9	39	100
9	40	100
10	1	90
10	2	70
10	3	130
10	4	70
10	5	50
10	6	50
10	7	40
10	8	70
10	9	70
10	10	40
10	11	70
10	12	50
10	13	130
10	14	40
10	15	60
10	16	50
10	17	110
10	18	70
10	19	110
10	20	110
10	21	90
10	22	90
10	23	110
10	24	70
10	25	110
10	26	130
10	27	70
10	28	70
10	29	20
10	30	110
10	31	90
10	32	70
10	33	40
10	34	90
10	35	80
10	36	70
10	37	110
10	38	90
10	39	70
10	40	90
11	1	50
11	2	60
11	3	90
11	4	80
11	5	30
11	6	60
11	7	50
11	8	50
11	9	50
11	10	80
11	11	60
11	12	100
11	13	90
11	14	80
11	15	100
11	16	60
11	17	100
11	18	60
11	19	110
11	20	80
11	21	100
11	22	80
11	23	100
11	24	50
11	25	90
11	26	50
11	27	70
11	28	0
11	29	60
11	30	100
11	31	70
11	32	100
11	33	90
11	34	80
11	35	60
11	36	60
11	37	30
11	38	80
11	39	60
11	40	80
12	1	50
12	2	50
12	3	90
12	4	70
12	5	70
12	6	50
12	7	0
12	8	50
12	9	50
12	10	20
12	11	50
12	12	50
12	13	90
12	14	20
12	15	40
12	16	50
12	17	90
12	18	50
12	19	110
12	20	70
12	21	90
12	22	70
12	23	90
12	24	50
12	25	90
12	26	90
12	27	70
12	28	50
12	29	0
12	30	90
12	31	70
12	32	90
12	33	40
12	34	70
12	35	60
12	36	50
12	37	70
12	38	70
12	39	50
12	40	70
13	1	90
13	2	50
13	3	90
13	4	70
13	5	20
13	6	50
13	7	70
13	8	50
13	9	50
13	10	90
13	11	50
13	12	90
13	13	110
13	14	110
13	15	70
13	16	50
13	17	70
13	18	50
13	19	90
13	20	90
13	21	90
13	22	90
13	23	90
13	24	70
13	25	110
13	26	20
13	27	70
13	28	20
13	29	50
13	30	70
13	31	50
13	32	90
13	33	110
13	34	70
13	35	70
13	36	50
13	37	40
13	38	70
13	39	70
13	40	90
14	1	90
14	2	80
14	3	90
14	4	60
14	5	60
14	6	60
14	7	20
14	8	50
14	9	70
14	10	30
14	11	60
14	12	50
14	13	70
14	14	50
14	15	30
14	16	60
14	17	80
14	18	60
14	19	70
14	20	80
14	21	60
14	22	80
14	23	120
14	24	90
14	25	90
14	26	100
14	27	90
14	28	70
14	29	10
14	30	80
14	31	70
14	32	60
14	33	20
14	34	60
14	35	80
14	36	60
14	37	120
14	38	60
14	39	100
14	40	80
15	1	50
15	2	50
15	3	70
15	4	70
15	5	50
15	6	70
15	7	0
15	8	50
15	9	50
15	10	20
15	11	50
15	12	40
15	13	50
15	14	0
15	15	40
15	16	50
15	17	70
15	18	50
15	19	90
15	20	50
15	21	50
15	22	50
15	23	70
15	24	50
15	25	50
15	26	70
15	27	90
15	28	50
15	29	20
15	30	70
15	31	70
15	32	50
15	33	0
15	34	50
15	35	50
15	36	50
15	37	70
15	38	50
15	39	50
15	40	50
16	1	110
16	2	50
16	3	110
16	4	50
16	5	50
16	6	50
16	7	40
16	8	50
16	9	50
16	10	40
16	11	70
16	12	50
16	13	90
16	14	40
16	15	40
16	16	50
16	17	90
16	18	70
16	19	70
16	20	90
16	21	70
16	22	70
16	23	90
16	24	70
16	25	70
16	26	90
16	27	90
16	28	70
16	29	20
16	30	70
16	31	70
16	32	50
16	33	40
16	34	50
16	35	80
16	36	50
16	37	130
16	38	50
16	39	70
16	40	70
17	1	70
17	2	50
17	3	50
17	4	70
17	5	50
17	6	70
17	7	0
17	8	50
17	9	50
17	10	40
17	11	50
17	12	50
17	13	50
17	14	20
17	15	20
17	16	50
17	17	50
17	18	50
17	19	70
17	20	70
17	21	50
17	22	50
17	23	70
17	24	70
17	25	70
17	26	50
17	27	90
17	28	50
17	29	20
17	30	50
17	31	50
17	32	50
17	33	20
17	34	50
17	35	60
17	36	50
17	37	70
17	38	50
17	39	70
17	40	50
18	1	70
18	2	70
18	3	110
18	4	70
18	5	50
18	6	50
18	7	20
18	8	50
18	9	70
18	10	20
18	11	50
18	12	40
18	13	110
18	14	40
18	15	40
18	16	50
18	17	90
18	18	50
18	19	110
18	20	70
18	21	70
18	22	90
18	23	110
18	24	70
18	25	110
18	26	110
18	27	70
18	28	70
18	29	0
18	30	90
18	31	70
18	32	70
18	33	20
18	34	70
18	35	70
18	36	50
18	37	90
18	38	70
18	39	70
18	40	90
19	1	110
19	2	70
19	3	110
19	4	50
19	5	0
19	6	50
19	7	90
19	8	70
19	9	70
19	10	90
19	11	70
19	12	90
19	13	90
19	14	90
19	15	90
19	16	50
19	17	90
19	18	70
19	19	70
19	20	110
19	21	70
19	22	70
19	23	110
19	24	90
19	25	90
19	26	60
19	27	90
19	28	20
19	29	70
19	30	90
19	31	90
19	32	50
19	33	90
19	34	70
19	35	70
19	36	70
19	37	80
19	38	70
19	39	90
19	40	70
20	1	90
20	2	60
20	3	90
20	4	70
20	5	70
20	6	60
20	7	20
20	8	50
20	9	50
20	10	40
20	11	60
20	12	50
20	13	110
20	14	70
20	15	30
20	16	50
20	17	70
20	18	60
20	19	90
20	20	90
20	21	90
20	22	90
20	23	100
20	24	70
20	25	110
20	26	70
20	27	70
20	28	70
20	29	10
20	30	70
20	31	50
20	32	90
20	33	60
20	34	70
20	35	80
20	36	60
20	37	90
20	38	80
20	39	80
20	40	90
21	1	70
21	2	60
21	3	110
21	4	70
21	5	20
21	6	60
21	7	70
21	8	50
21	9	50
21	10	70
21	11	60
21	12	100
21	13	110
21	14	100
21	15	100
21	16	50
21	17	90
21	18	60
21	19	110
21	20	70
21	21	90
21	22	90
21	23	100
21	24	50
21	25	90
21	26	40
21	27	70
21	28	20
21	29	60
21	30	90
21	31	70
21	32	90
21	33	90
21	34	70
21	35	80
21	36	60
21	37	40
21	38	80
21	39	60
21	40	90
22	1	70
22	2	60
22	3	70
22	4	50
22	5	20
22	6	60
22	7	50
22	8	50
22	9	50
22	10	70
22	11	60
22	12	120
22	13	70
22	14	100
22	15	80
22	16	50
22	17	90
22	18	60
22	19	90
22	20	70
22	21	90
22	22	50
22	23	120
22	24	70
22	25	90
22	26	20
22	27	90
22	28	0
22	29	60
22	30	70
22	31	70
22	32	70
22	33	110
22	34	70
22	35	60
22	36	60
22	37	40
22	38	80
22	39	80
22	40	70
23	1	90
23	2	60
23	3	110
23	4	80
23	5	80
23	6	60
23	7	20
23	8	50
23	9	50
23	10	70
23	11	80
23	12	50
23	13	90
23	14	30
23	15	70
23	16	60
23	17	100
23	18	80
23	19	90
23	20	120
23	21	100
23	22	80
23	23	100
23	24	70
23	25	90
23	26	120
23	27	90
23	28	50
23	29	30
23	30	100
23	31	70
23	32	100
23	33	60
23	34	60
23	35	60
23	36	60
23	37	120
23	38	60
23	39	80
23	40	60
24	1	110
24	2	70
24	3	110
24	4	70
24	5	0
24	6	50
24	7	90
24	8	50
24	9	70
24	10	110
24	11	70
24	12	80
24	13	110
24	14	90
24	15	90
24	16	50
24	17	70
24	18	70
24	19	70
24	20	110
24	21	70
24	22	90
24	23	90
24	24	90
24	25	110
24	26	60
24	27	70
24	28	20
24	29	70
24	30	70
24	31	50
24	32	70
24	33	90
24	34	50
24	35	80
24	36	50
24	37	60
24	38	50
24	39	90
24	40	70
25	1	110
25	2	70
25	3	110
25	4	50
25	5	0
25	6	50
25	7	90
25	8	50
25	9	70
25	10	90
25	11	70
25	12	90
25	13	90
25	14	90
25	15	90
25	16	50
25	17	90
25	18	70
25	19	70
25	20	90
25	21	70
25	22	70
25	23	110
25	24	90
25	25	90
25	26	60
25	27	90
25	28	20
25	29	70
25	30	70
25	31	70
25	32	50
25	33	90
25	34	50
25	35	70
25	36	50
25	37	80
25	38	50
25	39	90
25	40	70
26	1	110
26	2	80
26	3	110
26	4	50
26	5	50
26	6	60
26	7	40
26	8	50
26	9	70
26	10	40
26	11	80
26	12	70
26	13	110
26	14	70
26	15	50
26	16	50
26	17	110
26	18	80
26	19	90
26	20	90
26	21	90
26	22	70
26	23	140
26	24	90
26	25	110
26	26	110
26	27	90
26	28	70
26	29	30
26	30	70
26	31	70
26	32	50
26	33	60
26	34	70
26	35	80
26	36	60
26	37	130
26	38	80
26	39	100
26	40	90
27	1	90
27	2	50
27	3	110
27	4	50
27	5	50
27	6	50
27	7	40
27	8	50
27	9	50
27	10	20
27	11	70
27	12	40
27	13	110
27	14	40
27	15	40
27	16	50
27	17	110
27	18	70
27	19	90
27	20	70
27	21	90
27	22	70
27	23	90
27	24	50
27	25	70
27	26	90
27	27	70
27	28	70
27	29	20
27	30	70
27	31	70
27	32	50
27	33	40
27	34	70
27	35	70
27	36	50
27	37	110
27	38	70
27	39	50
27	40	90
28	1	90
28	2	60
28	3	130
28	4	80
28	5	30
28	6	60
28	7	90
28	8	50
28	9	50
28	10	100
28	11	80
28	12	80
28	13	110
28	14	80
28	15	120
28	16	60
28	17	100
28	18	80
28	19	90
28	20	100
28	21	100
28	22	100
28	23	80
28	24	50
28	25	70
28	26	70
28	27	70
28	28	20
28	29	80
28	30	100
28	31	70
28	32	100
28	33	90
28	34	60
28	35	80
28	36	60
28	37	70
28	38	60
28	39	60
28	40	80
29	1	70
29	2	50
29	3	90
29	4	70
29	5	50
29	6	50
29	7	20
29	8	50
29	9	50
29	10	20
29	11	50
29	12	30
29	13	110
29	14	40
29	15	20
29	16	50
29	17	70
29	18	50
29	19	90
29	20	70
29	21	70
29	22	90
29	23	70
29	24	50
29	25	90
29	26	70
29	27	50
29	28	70
29	29	0
29	30	70
29	31	50
29	32	70
29	33	20
29	34	70
29	35	80
29	36	50
29	37	70
29	38	70
29	39	50
29	40	90
30	1	90
30	2	60
30	3	90
30	4	50
30	5	20
30	6	60
30	7	70
30	8	50
30	9	50
30	10	70
30	11	60
30	12	120
30	13	90
30	14	120
30	15	80
30	16	50
30	17	90
30	18	60
30	19	90
30	20	70
30	21	90
30	22	70
30	23	120
30	24	70
30	25	90
30	26	20
30	27	90
30	28	20
30	29	60
30	30	70
30	31	70
30	32	70
30	33	110
30	34	70
30	35	80
30	36	60
30	37	60
30	38	80
30	39	80
30	40	90
31	1	70
31	2	50
31	3	90
31	4	70
31	5	70
31	6	50
31	7	0
31	8	50
31	9	50
31	10	40
31	11	50
31	12	40
31	13	70
31	14	20
31	15	40
31	16	50
31	17	70
31	18	50
31	19	90
31	20	90
31	21	70
31	22	70
31	23	90
31	24	70
31	25	90
31	26	90
31	27	90
31	28	50
31	29	0
31	30	90
31	31	70
31	32	90
31	33	40
31	34	50
31	35	50
31	36	50
31	37	90
31	38	50
31	39	70
31	40	50
32	1	70
32	2	50
32	3	50
32	4	50
32	5	70
32	6	50
32	7	0
32	8	50
32	9	50
32	10	20
32	11	50
32	12	40
32	13	70
32	14	40
32	15	0
32	16	50
32	17	70
32	18	50
32	19	70
32	20	70
32	21	90
32	22	50
32	23	90
32	24	70
32	25	90
32	26	50
32	27	70
32	28	50
32	29	0
32	30	50
32	31	50
32	32	70
32	33	60
32	34	70
32	35	50
32	36	50
32	37	70
32	38	70
32	39	70
32	40	70
33	1	90
33	2	60
33	3	90
33	4	80
33	5	10
33	6	60
33	7	70
33	8	50
33	9	50
33	10	100
33	11	60
33	12	80
33	13	90
33	14	100
33	15	80
33	16	60
33	17	60
33	18	60
33	19	70
33	20	100
33	21	60
33	22	100
33	23	80
33	24	70
33	25	90
33	26	30
33	27	70
33	28	20
33	29	60
33	30	80
33	31	50
33	32	80
33	33	70
33	34	60
33	35	80
33	36	60
33	37	50
33	38	60
33	39	80
33	40	80
34	1	70
34	2	50
34	3	70
34	4	70
34	5	0
34	6	70
34	7	50
34	8	50
34	9	50
34	10	90
34	11	50
34	12	140
34	13	70
34	14	90
34	15	90
34	16	50
34	17	90
34	18	50
34	19	110
34	20	70
34	21	70
34	22	50
34	23	110
34	24	70
34	25	90
34	26	20
34	27	110
34	28	0
34	29	70
34	30	70
34	31	70
34	32	50
34	33	90
34	34	70
34	35	60
34	36	50
34	37	40
34	38	70
34	39	70
34	40	70
35	1	70
35	2	80
35	3	90
35	4	60
35	5	60
35	6	60
35	7	20
35	8	50
35	9	70
35	10	10
35	11	60
35	12	30
35	13	70
35	14	30
35	15	30
35	16	60
35	17	80
35	18	60
35	19	70
35	20	60
35	21	60
35	22	80
35	23	100
35	24	70
35	25	70
35	26	100
35	27	70
35	28	70
35	29	10
35	30	80
35	31	70
35	32	60
35	33	0
35	34	60
35	35	80
35	36	60
35	37	100
35	38	60
35	39	80
35	40	80
36	1	90
36	2	80
36	3	130
36	4	80
36	5	60
36	6	60
36	7	40
36	8	50
36	9	70
36	10	50
36	11	100
36	12	50
36	13	130
36	14	50
36	15	70
36	16	80
36	17	140
36	18	100
36	19	110
36	20	100
36	21	100
36	22	100
36	23	120
36	24	70
36	25	110
36	26	140
36	27	70
36	28	70
36	29	30
36	30	100
36	31	70
36	32	80
36	33	40
36	34	80
36	35	80
36	36	60
36	37	120
36	38	80
36	39	80
36	40	100
37	1	70
37	2	60
37	3	50
37	4	50
37	5	20
37	6	60
37	7	50
37	8	50
37	9	50
37	10	70
37	11	60
37	12	80
37	13	50
37	14	80
37	15	60
37	16	50
37	17	50
37	18	60
37	19	50
37	20	70
37	21	70
37	22	50
37	23	80
37	24	70
37	25	70
37	26	0
37	27	70
37	28	0
37	29	60
37	30	50
37	31	50
37	32	70
37	33	90
37	34	50
37	35	60
37	36	60
37	37	20
37	38	60
37	39	80
37	40	50
38	1	90
38	2	80
38	3	70
38	4	50
38	5	50
38	6	60
38	7	20
38	8	70
38	9	70
38	10	20
38	11	60
38	12	30
38	13	70
38	14	50
38	15	10
38	16	50
38	17	50
38	18	60
38	19	50
38	20	90
38	21	50
38	22	70
38	23	100
38	24	90
38	25	90
38	26	70
38	27	70
38	28	70
38	29	10
38	30	70
38	31	70
38	32	50
38	33	20
38	34	70
38	35	80
38	36	80
38	37	90
38	38	80
38	39	100
38	40	70
39	1	110
39	2	80
39	3	110
39	4	60
39	5	60
39	6	60
39	7	40
39	8	50
39	9	70
39	10	50
39	11	80
39	12	70
39	13	110
39	14	70
39	15	50
39	16	60
39	17	120
39	18	80
39	19	90
39	20	100
39	21	100
39	22	80
39	23	140
39	24	90
39	25	110
39	26	120
39	27	90
39	28	70
39	29	30
39	30	80
39	31	70
39	32	60
39	33	60
39	34	80
39	35	80
39	36	60
39	37	140
39	38	80
39	39	100
39	40	100
40	1	110
40	2	80
40	3	110
40	4	60
40	5	60
40	6	60
40	7	40
40	8	50
40	9	70
40	10	50
40	11	100
40	12	70
40	13	110
40	14	70
40	15	50
40	16	80
40	17	140
40	18	100
40	19	90
40	20	100
40	21	100
40	22	80
40	23	140
40	24	90
40	25	110
40	26	120
40	27	90
40	28	70
40	29	30
40	30	80
40	31	70
40	32	60
40	33	60
40	34	80
40	35	80
40	36	60
40	37	140
40	38	80
40	39	100
40	40	100
41	1	90
41	2	70
41	3	130
41	4	70
41	5	50
41	6	50
41	7	40
41	8	50
41	9	70
41	10	40
41	11	70
41	12	50
41	13	130
41	14	40
41	15	60
41	16	50
41	17	110
41	18	70
41	19	110
41	20	90
41	21	90
41	22	90
41	23	110
41	24	70
41	25	110
41	26	130
41	27	70
41	28	70
41	29	20
41	30	90
41	31	70
41	32	70
41	33	40
41	34	70
41	35	80
41	36	50
41	37	110
41	38	70
41	39	70
41	40	90
42	1	50
42	2	60
42	3	70
42	4	70
42	5	20
42	6	60
42	7	50
42	8	50
42	9	50
42	10	70
42	11	60
42	12	80
42	13	90
42	14	80
42	15	80
42	16	50
42	17	70
42	18	60
42	19	90
42	20	70
42	21	90
42	22	70
42	23	80
42	24	50
42	25	90
42	26	20
42	27	50
42	28	0
42	29	60
42	30	70
42	31	50
42	32	90
42	33	90
42	34	70
42	35	60
42	36	60
42	37	0
42	38	80
42	39	60
42	40	70
43	1	50
43	2	50
43	3	70
43	4	70
43	5	20
43	6	50
43	7	50
43	8	50
43	9	50
43	10	70
43	11	50
43	12	60
43	13	70
43	14	50
43	15	70
43	16	50
43	17	50
43	18	50
43	19	70
43	20	70
43	21	70
43	22	70
43	23	50
43	24	50
43	25	70
43	26	20
43	27	50
43	28	0
43	29	50
43	30	70
43	31	50
43	32	90
43	33	70
43	34	50
43	35	60
43	36	50
43	37	0
43	38	50
43	39	50
43	40	50
44	1	70
44	2	70
44	3	90
44	4	70
44	5	0
44	6	50
44	7	70
44	8	50
44	9	70
44	10	70
44	11	70
44	12	80
44	13	110
44	14	90
44	15	70
44	16	70
44	17	90
44	18	70
44	19	90
44	20	70
44	21	70
44	22	90
44	23	90
44	24	70
44	25	110
44	26	40
44	27	50
44	28	20
44	29	50
44	30	70
44	31	50
44	32	70
44	33	70
44	34	70
44	35	80
44	36	50
44	37	20
44	38	70
44	39	70
44	40	90
45	1	70
45	2	50
45	3	110
45	4	70
45	5	20
45	6	50
45	7	70
45	8	50
45	9	50
45	10	90
45	11	70
45	12	100
45	13	110
45	14	70
45	15	110
45	16	50
45	17	110
45	18	70
45	19	110
45	20	90
45	21	110
45	22	70
45	23	90
45	24	50
45	25	90
45	26	60
45	27	70
45	28	0
45	29	70
45	30	90
45	31	70
45	32	90
45	33	110
45	34	70
45	35	60
45	36	50
45	37	40
45	38	70
45	39	50
45	40	70
46	1	70
46	2	50
46	3	90
46	4	70
46	5	50
46	6	50
46	7	20
46	8	50
46	9	50
46	10	20
46	11	50
46	12	20
46	13	110
46	14	40
46	15	20
46	16	50
46	17	70
46	18	50
46	19	90
46	20	70
46	21	70
46	22	90
46	23	70
46	24	50
46	25	90
46	26	70
46	27	50
46	28	70
46	29	0
46	30	70
46	31	50
46	32	70
46	33	20
46	34	70
46	35	70
46	36	50
46	37	70
46	38	70
46	39	50
46	40	90
47	1	90
47	2	80
47	3	110
47	4	80
47	5	10
47	6	60
47	7	90
47	8	50
47	9	70
47	10	100
47	11	100
47	12	80
47	13	130
47	14	100
47	15	100
47	16	80
47	17	120
47	18	100
47	19	90
47	20	100
47	21	100
47	22	100
47	23	100
47	24	70
47	25	110
47	26	70
47	27	50
47	28	20
47	29	80
47	30	80
47	31	50
47	32	80
47	33	90
47	34	80
47	35	80
47	36	60
47	37	50
47	38	80
47	39	80
47	40	100
48	1	90
48	2	50
48	3	70
48	4	50
48	5	70
48	6	50
48	7	20
48	8	50
48	9	50
48	10	40
48	11	70
48	12	20
48	13	70
48	14	20
48	15	20
48	16	50
48	17	70
48	18	70
48	19	50
48	20	90
48	21	90
48	22	50
48	23	70
48	24	70
48	25	70
48	26	70
48	27	70
48	28	50
48	29	20
48	30	50
48	31	50
48	32	70
48	33	60
48	34	50
48	35	50
48	36	50
48	37	90
48	38	50
48	39	70
48	40	50
49	1	90
49	2	70
49	3	110
49	4	50
49	5	50
49	6	50
49	7	40
49	8	50
49	9	70
49	10	20
49	11	90
49	12	50
49	13	110
49	14	40
49	15	40
49	16	70
49	17	130
49	18	90
49	19	90
49	20	70
49	21	90
49	22	70
49	23	110
49	24	70
49	25	90
49	26	110
49	27	70
49	28	70
49	29	20
49	30	70
49	31	70
49	32	50
49	33	40
49	34	70
49	35	80
49	36	50
49	37	110
49	38	70
49	39	70
49	40	90
50	1	70
50	2	70
50	3	110
50	4	70
50	5	0
50	6	50
50	7	70
50	8	50
50	9	70
50	10	70
50	11	50
50	12	100
50	13	110
50	14	90
50	15	90
50	16	50
50	17	90
50	18	50
50	19	110
50	20	70
50	21	70
50	22	90
50	23	110
50	24	70
50	25	110
50	26	60
50	27	70
50	28	20
50	29	50
50	30	90
50	31	70
50	32	70
50	33	70
50	34	70
50	35	80
50	36	50
50	37	40
50	38	70
50	39	70
50	40	90
51	1	90
51	2	50
51	3	70
51	4	50
51	5	20
51	6	50
51	7	70
51	8	50
51	9	50
51	10	90
51	11	70
51	12	80
51	13	70
51	14	70
51	15	70
51	16	50
51	17	70
51	18	70
51	19	50
51	20	90
51	21	90
51	22	50
51	23	70
51	24	70
51	25	70
51	26	20
51	27	70
51	28	0
51	29	70
51	30	50
51	31	50
51	32	70
51	33	110
51	34	50
51	35	60
51	36	50
51	37	40
51	38	50
51	39	70
51	40	50
52	1	70
52	2	50
52	3	70
52	4	50
52	5	0
52	6	50
52	7	70
52	8	50
52	9	50
52	10	50
52	11	50
52	12	60
52	13	70
52	14	70
52	15	50
52	16	50
52	17	50
52	18	50
52	19	50
52	20	50
52	21	50
52	22	70
52	23	50
52	24	50
52	25	50
52	26	0
52	27	50
52	28	20
52	29	50
52	30	50
52	31	50
52	32	50
52	33	50
52	34	50
52	35	80
52	36	50
52	37	20
52	38	50
52	39	50
52	40	70
53	1	90
53	2	80
53	3	90
53	4	80
53	5	10
53	6	60
53	7	70
53	8	50
53	9	70
53	10	100
53	11	60
53	12	80
53	13	90
53	14	100
53	15	80
53	16	60
53	17	60
53	18	60
53	19	70
53	20	100
53	21	60
53	22	100
53	23	100
53	24	90
53	25	110
53	26	50
53	27	70
53	28	20
53	29	60
53	30	80
53	31	50
53	32	80
53	33	70
53	34	60
53	35	80
53	36	60
53	37	50
53	38	60
53	39	100
53	40	80
54	1	90
54	2	50
54	3	90
54	4	90
54	5	50
54	6	70
54	7	20
54	8	50
54	9	50
54	10	80
54	11	70
54	12	50
54	13	90
54	14	20
54	15	60
54	16	50
54	17	70
54	18	70
54	19	90
54	20	110
54	21	70
54	22	70
54	23	70
54	24	70
54	25	90
54	26	90
54	27	90
54	28	50
54	29	40
54	30	70
54	31	50
54	32	70
54	33	40
54	34	50
54	35	60
54	36	50
54	37	90
54	38	50
54	39	70
54	40	50
55	1	90
55	2	50
55	3	90
55	4	70
55	5	50
55	6	50
55	7	20
55	8	50
55	9	50
55	10	40
55	11	50
55	12	20
55	13	90
55	14	40
55	15	20
55	16	50
55	17	50
55	18	50
55	19	70
55	20	90
55	21	50
55	22	90
55	23	70
55	24	70
55	25	90
55	26	70
55	27	70
55	28	70
55	29	0
55	30	70
55	31	50
55	32	70
55	33	20
55	34	50
55	35	70
55	36	50
55	37	90
55	38	50
55	39	70
55	40	70
56	1	110
56	2	60
56	3	110
56	4	70
56	5	20
56	6	60
56	7	90
56	8	50
56	9	50
56	10	110
56	11	80
56	12	100
56	13	130
56	14	120
56	15	100
56	16	50
56	17	90
56	18	80
56	19	90
56	20	110
56	21	110
56	22	90
56	23	100
56	24	70
56	25	110
56	26	40
56	27	70
56	28	20
56	29	80
56	30	70
56	31	50
56	32	90
56	33	130
56	34	70
56	35	80
56	36	60
56	37	60
56	38	80
56	39	80
56	40	90
57	1	110
57	2	50
57	3	90
57	4	50
57	5	0
57	6	50
57	7	90
57	8	50
57	9	50
57	10	90
57	11	70
57	12	70
57	13	90
57	14	90
57	15	70
57	16	50
57	17	70
57	18	70
57	19	50
57	20	90
57	21	70
57	22	70
57	23	70
57	24	70
57	25	70
57	26	20
57	27	70
57	28	20
57	29	70
57	30	50
57	31	50
57	32	50
57	33	90
57	34	50
57	35	70
57	36	50
57	37	60
57	38	50
57	39	70
57	40	70
58	1	110
58	2	70
58	3	130
58	4	70
58	5	0
58	6	50
58	7	90
58	8	70
58	9	70
58	10	110
58	11	70
58	12	120
58	13	130
58	14	110
58	15	110
58	16	50
58	17	110
58	18	70
58	19	110
58	20	130
58	21	90
58	22	90
58	23	130
58	24	90
58	25	130
58	26	80
58	27	90
58	28	20
58	29	70
58	30	110
58	31	90
58	32	70
58	33	110
58	34	90
58	35	80
58	36	70
58	37	80
58	38	90
58	39	90
58	40	90
59	1	110
59	2	70
59	3	90
59	4	50
59	5	0
59	6	50
59	7	90
59	8	50
59	9	70
59	10	90
59	11	70
59	12	80
59	13	90
59	14	90
59	15	70
59	16	50
59	17	70
59	18	70
59	19	50
59	20	90
59	21	70
59	22	70
59	23	90
59	24	90
59	25	90
59	26	40
59	27	70
59	28	20
59	29	70
59	30	50
59	31	50
59	32	50
59	33	90
59	34	50
59	35	80
59	36	50
59	37	60
59	38	50
59	39	90
59	40	70
60	1	110
60	2	80
60	3	110
60	4	80
60	5	10
60	6	60
60	7	90
60	8	70
60	9	70
60	10	120
60	11	80
60	12	80
60	13	110
60	14	100
60	15	100
60	16	60
60	17	80
60	18	80
60	19	70
60	20	140
60	21	80
60	22	100
60	23	100
60	24	90
60	25	110
60	26	70
60	27	70
60	28	20
60	29	80
60	30	100
60	31	70
60	32	80
60	33	90
60	34	80
60	35	80
60	36	80
60	37	70
60	38	80
60	39	100
60	40	80
61	1	70
61	2	50
61	3	90
61	4	70
61	5	50
61	6	50
61	7	20
61	8	50
61	9	50
61	10	20
61	11	50
61	12	30
61	13	110
61	14	40
61	15	20
61	16	50
61	17	70
61	18	50
61	19	90
61	20	70
61	21	70
61	22	90
61	23	70
61	24	50
61	25	90
61	26	70
61	27	50
61	28	70
61	29	0
61	30	70
61	31	50
61	32	70
61	33	20
61	34	70
61	35	80
61	36	50
61	37	70
61	38	70
61	39	50
61	40	90
62	1	70
62	2	60
62	3	70
62	4	50
62	5	20
62	6	60
62	7	70
62	8	50
62	9	50
62	10	50
62	11	60
62	12	60
62	13	70
62	14	80
62	15	60
62	16	50
62	17	50
62	18	60
62	19	50
62	20	50
62	21	70
62	22	70
62	23	60
62	24	50
62	25	50
62	26	0
62	27	50
62	28	20
62	29	60
62	30	50
62	31	50
62	32	70
62	33	70
62	34	50
62	35	80
62	36	60
62	37	20
62	38	60
62	39	60
62	40	70
63	1	70
63	2	80
63	3	90
63	4	60
63	5	10
63	6	60
63	7	70
63	8	50
63	9	70
63	10	60
63	11	80
63	12	80
63	13	70
63	14	80
63	15	80
63	16	80
63	17	100
63	18	80
63	19	70
63	20	60
63	21	60
63	22	80
63	23	100
63	24	70
63	25	70
63	26	50
63	27	70
63	28	20
63	29	60
63	30	80
63	31	70
63	32	60
63	33	50
63	34	60
63	35	80
63	36	60
63	37	50
63	38	60
63	39	80
63	40	80
64	1	70
64	2	70
64	3	90
64	4	70
64	5	0
64	6	50
64	7	70
64	8	50
64	9	70
64	10	70
64	11	50
64	12	60
64	13	90
64	14	70
64	15	70
64	16	50
64	17	50
64	18	50
64	19	70
64	20	70
64	21	50
64	22	90
64	23	70
64	24	70
64	25	90
64	26	40
64	27	50
64	28	20
64	29	50
64	30	70
64	31	50
64	32	70
64	33	50
64	34	50
64	35	80
64	36	50
64	37	20
64	38	50
64	39	70
64	40	70
65	1	90
65	2	50
65	3	70
65	4	50
65	5	0
65	6	50
65	7	70
65	8	50
65	9	50
65	10	70
65	11	50
65	12	70
65	13	70
65	14	90
65	15	50
65	16	50
65	17	50
65	18	50
65	19	50
65	20	70
65	21	50
65	22	70
65	23	70
65	24	70
65	25	70
65	26	0
65	27	70
65	28	20
65	29	50
65	30	50
65	31	50
65	32	50
65	33	70
65	34	50
65	35	70
65	36	50
65	37	40
65	38	50
65	39	70
65	40	70
66	1	110
66	2	50
66	3	90
66	4	50
66	5	0
66	6	50
66	7	90
66	8	50
66	9	50
66	10	90
66	11	70
66	12	100
66	13	110
66	14	110
66	15	70
66	16	50
66	17	90
66	18	70
66	19	70
66	20	90
66	21	90
66	22	70
66	23	90
66	24	70
66	25	90
66	26	20
66	27	70
66	28	20
66	29	70
66	30	50
66	31	50
66	32	50
66	33	110
66	34	70
66	35	80
66	36	50
66	37	60
66	38	70
66	39	70
66	40	90
67	1	110
67	2	60
67	3	110
67	4	50
67	5	70
67	6	60
67	7	40
67	8	50
67	9	50
67	10	40
67	11	80
67	12	50
67	13	90
67	14	50
67	15	50
67	16	50
67	17	90
67	18	80
67	19	70
67	20	90
67	21	90
67	22	70
67	23	100
67	24	70
67	25	70
67	26	90
67	27	90
67	28	70
67	29	30
67	30	70
67	31	70
67	32	70
67	33	60
67	34	50
67	35	80
67	36	60
67	37	130
67	38	60
67	39	80
67	40	70
68	1	90
68	2	80
68	3	110
68	4	50
68	5	0
68	6	60
68	7	90
68	8	50
68	9	70
68	10	70
68	11	80
68	12	100
68	13	110
68	14	100
68	15	100
68	16	50
68	17	110
68	18	80
68	19	90
68	20	70
68	21	90
68	22	70
68	23	120
68	24	70
68	25	90
68	26	60
68	27	70
68	28	20
68	29	80
68	30	70
68	31	70
68	32	50
68	33	90
68	34	70
68	35	80
68	36	60
68	37	60
68	38	80
68	39	80
68	40	90
69	1	110
69	2	60
69	3	90
69	4	50
69	5	50
69	6	60
69	7	40
69	8	50
69	9	50
69	10	40
69	11	80
69	12	50
69	13	110
69	14	70
69	15	30
69	16	50
69	17	90
69	18	80
69	19	70
69	20	90
69	21	90
69	22	70
69	23	100
69	24	70
69	25	90
69	26	70
69	27	70
69	28	70
69	29	30
69	30	50
69	31	50
69	32	50
69	33	60
69	34	70
69	35	80
69	36	60
69	37	110
69	38	80
69	39	80
69	40	90
70	1	90
70	2	70
70	3	130
70	4	70
70	5	0
70	6	50
70	7	90
70	8	50
70	9	70
70	10	90
70	11	90
70	12	90
70	13	130
70	14	90
70	15	110
70	16	70
70	17	130
70	18	90
70	19	110
70	20	90
70	21	90
70	22	90
70	23	110
70	24	70
70	25	110
70	26	80
70	27	70
70	28	20
70	29	70
70	30	90
70	31	70
70	32	70
70	33	90
70	34	70
70	35	70
70	36	50
70	37	60
70	38	70
70	39	70
70	40	90
71	1	90
71	2	80
71	3	90
71	4	70
71	5	50
71	6	60
71	7	20
71	8	50
71	9	70
71	10	40
71	11	60
71	12	30
71	13	90
71	14	50
71	15	30
71	16	50
71	17	50
71	18	60
71	19	70
71	20	90
71	21	50
71	22	90
71	23	100
71	24	90
71	25	110
71	26	90
71	27	70
71	28	70
71	29	10
71	30	70
71	31	50
71	32	70
71	33	20
71	34	50
71	35	80
71	36	60
71	37	90
71	38	60
71	39	100
71	40	70
72	1	90
72	2	70
72	3	90
72	4	70
72	5	0
72	6	50
72	7	70
72	8	70
72	9	70
72	10	90
72	11	50
72	12	70
72	13	90
72	14	90
72	15	70
72	16	50
72	17	50
72	18	50
72	19	70
72	20	110
72	21	50
72	22	90
72	23	90
72	24	90
72	25	110
72	26	40
72	27	70
72	28	20
72	29	50
72	30	90
72	31	70
72	32	70
72	33	70
72	34	70
72	35	70
72	36	70
72	37	40
72	38	70
72	39	90
72	40	70
73	1	90
73	2	60
73	3	90
73	4	60
73	5	10
73	6	60
73	7	70
73	8	50
73	9	50
73	10	80
73	11	60
73	12	100
73	13	70
73	14	100
73	15	80
73	16	60
73	17	80
73	18	60
73	19	70
73	20	80
73	21	60
73	22	80
73	23	100
73	24	70
73	25	70
73	26	30
73	27	90
73	28	20
73	29	60
73	30	80
73	31	70
73	32	60
73	33	70
73	34	60
73	35	80
73	36	60
73	37	70
73	38	60
73	39	80
73	40	80
74	1	90
74	2	70
74	3	90
74	4	50
74	5	50
74	6	50
74	7	20
74	8	50
74	9	70
74	10	20
74	11	50
74	12	40
74	13	70
74	14	40
74	15	20
74	16	50
74	17	70
74	18	50
74	19	70
74	20	70
74	21	50
74	22	70
74	23	110
74	24	90
74	25	90
74	26	90
74	27	90
74	28	70
74	29	0
74	30	70
74	31	70
74	32	50
74	33	20
74	34	50
74	35	70
74	36	50
74	37	110
74	38	50
74	39	90
74	40	70
75	1	90
75	2	80
75	3	130
75	4	80
75	5	60
75	6	60
75	7	40
75	8	70
75	9	70
75	10	50
75	11	80
75	12	50
75	13	130
75	14	50
75	15	70
75	16	60
75	17	120
75	18	80
75	19	110
75	20	120
75	21	100
75	22	100
75	23	120
75	24	70
75	25	110
75	26	140
75	27	70
75	28	70
75	29	30
75	30	120
75	31	90
75	32	80
75	33	40
75	34	100
75	35	80
75	36	80
75	37	120
75	38	100
75	39	80
75	40	100
76	1	90
76	2	80
76	3	110
76	4	50
76	5	0
76	6	60
76	7	90
76	8	70
76	9	70
76	10	70
76	11	80
76	12	80
76	13	90
76	14	80
76	15	100
76	16	50
76	17	90
76	18	80
76	19	70
76	20	90
76	21	70
76	22	70
76	23	100
76	24	70
76	25	70
76	26	60
76	27	70
76	28	20
76	29	80
76	30	90
76	31	90
76	32	50
76	33	70
76	34	70
76	35	80
76	36	80
76	37	60
76	38	80
76	39	80
76	40	70
77	1	70
77	2	80
77	3	110
77	4	70
77	5	0
77	6	60
77	7	70
77	8	50
77	9	70
77	10	70
77	11	60
77	12	80
77	13	90
77	14	80
77	15	100
77	16	50
77	17	70
77	18	60
77	19	90
77	20	70
77	21	50
77	22	90
77	23	100
77	24	70
77	25	90
77	26	60
77	27	70
77	28	20
77	29	60
77	30	90
77	31	70
77	32	70
77	33	50
77	34	50
77	35	80
77	36	60
77	37	40
77	38	60
77	39	80
77	40	70
78	1	110
78	2	80
78	3	90
78	4	60
78	5	60
78	6	60
78	7	40
78	8	50
78	9	70
78	10	50
78	11	80
78	12	30
78	13	90
78	14	50
78	15	30
78	16	60
78	17	80
78	18	80
78	19	50
78	20	100
78	21	80
78	22	80
78	23	100
78	24	90
78	25	90
78	26	100
78	27	70
78	28	70
78	29	30
78	30	60
78	31	50
78	32	60
78	33	40
78	34	60
78	35	80
78	36	60
78	37	120
78	38	60
78	39	100
78	40	80
79	1	90
79	2	80
79	3	90
79	4	60
79	5	10
79	6	60
79	7	90
79	8	50
79	9	70
79	10	80
79	11	100
79	12	60
79	13	90
79	14	80
79	15	80
79	16	80
79	17	100
79	18	100
79	19	50
79	20	80
79	21	80
79	22	80
79	23	80
79	24	70
79	25	70
79	26	50
79	27	50
79	28	20
79	29	80
79	30	60
79	31	50
79	32	60
79	33	70
79	34	60
79	35	80
79	36	60
79	37	50
79	38	60
79	39	80
79	40	80
80	1	90
80	2	50
80	3	70
80	4	70
80	5	50
80	6	70
80	7	20
80	8	50
80	9	50
80	10	60
80	11	70
80	12	40
80	13	70
80	14	20
80	15	40
80	16	50
80	17	70
80	18	70
80	19	70
80	20	90
80	21	70
80	22	50
80	23	70
80	24	70
80	25	70
80	26	70
80	27	90
80	28	50
80	29	40
80	30	50
80	31	50
80	32	50
80	33	40
80	34	50
80	35	50
80	36	50
80	37	90
80	38	50
80	39	70
80	40	50
81	1	70
81	2	70
81	3	90
81	4	50
81	5	0
81	6	50
81	7	70
81	8	50
81	9	70
81	10	50
81	11	50
81	12	90
81	13	90
81	14	90
81	15	70
81	16	50
81	17	90
81	18	50
81	19	90
81	20	50
81	21	70
81	22	70
81	23	110
81	24	70
81	25	90
81	26	40
81	27	70
81	28	20
81	29	50
81	30	70
81	31	70
81	32	50
81	33	70
81	34	70
81	35	70
81	36	50
81	37	40
81	38	70
81	39	70
81	40	90
82	1	110
82	2	50
82	3	90
82	4	50
82	5	70
82	6	50
82	7	40
82	8	50
82	9	50
82	10	40
82	11	70
82	12	40
82	13	110
82	14	60
82	15	20
82	16	50
82	17	90
82	18	70
82	19	70
82	20	90
82	21	110
82	22	70
82	23	90
82	24	70
82	25	90
82	26	70
82	27	70
82	28	70
82	29	20
82	30	50
82	31	50
82	32	70
82	33	80
82	34	70
82	35	70
82	36	50
82	37	110
82	38	70
82	39	70
82	40	90
83	1	90
83	2	50
83	3	130
83	4	70
83	5	70
83	6	50
83	7	40
83	8	50
83	9	50
83	10	40
83	11	70
83	12	30
83	13	110
83	14	20
83	15	60
83	16	50
83	17	90
83	18	70
83	19	90
83	20	90
83	21	90
83	22	90
83	23	70
83	24	50
83	25	70
83	26	110
83	27	70
83	28	70
83	29	20
83	30	90
83	31	70
83	32	90
83	33	40
83	34	50
83	35	80
83	36	50
83	37	110
83	38	50
83	39	50
83	40	70
84	1	90
84	2	80
84	3	110
84	4	50
84	5	50
84	6	60
84	7	40
84	8	50
84	9	70
84	10	20
84	11	80
84	12	30
84	13	90
84	14	30
84	15	50
84	16	50
84	17	90
84	18	80
84	19	70
84	20	70
84	21	70
84	22	70
84	23	100
84	24	70
84	25	70
84	26	110
84	27	70
84	28	70
84	29	30
84	30	70
84	31	70
84	32	50
84	33	20
84	34	50
84	35	80
84	36	60
84	37	110
84	38	60
84	39	80
84	40	70
85	1	110
85	2	80
85	3	130
85	4	70
85	5	50
85	6	60
85	7	40
85	8	70
85	9	70
85	10	60
85	11	80
85	12	50
85	13	110
85	14	50
85	15	70
85	16	50
85	17	90
85	18	80
85	19	90
85	20	130
85	21	70
85	22	90
85	23	120
85	24	90
85	25	110
85	26	130
85	27	90
85	28	70
85	29	30
85	30	110
85	31	90
85	32	70
85	33	40
85	34	70
85	35	80
85	36	80
85	37	130
85	38	80
85	39	100
85	40	70
86	1	110
86	2	70
86	3	130
86	4	70
86	5	0
86	6	50
86	7	90
86	8	50
86	9	70
86	10	110
86	11	70
86	12	110
86	13	130
86	14	110
86	15	110
86	16	50
86	17	110
86	18	70
86	19	110
86	20	110
86	21	90
86	22	90
86	23	130
86	24	90
86	25	130
86	26	80
86	27	90
86	28	20
86	29	70
86	30	90
86	31	70
86	32	70
86	33	110
86	34	70
86	35	70
86	36	50
86	37	80
86	38	70
86	39	90
86	40	90
87	1	70
87	2	50
87	3	70
87	4	70
87	5	50
87	6	70
87	7	20
87	8	50
87	9	50
87	10	40
87	11	70
87	12	50
87	13	90
87	14	20
87	15	40
87	16	50
87	17	90
87	18	70
87	19	90
87	20	70
87	21	90
87	22	50
87	23	70
87	24	50
87	25	70
87	26	70
87	27	70
87	28	50
87	29	40
87	30	50
87	31	50
87	32	50
87	33	40
87	34	70
87	35	60
87	36	50
87	37	70
87	38	70
87	39	50
87	40	70
88	1	90
88	2	80
88	3	90
88	4	50
88	5	50
88	6	60
88	7	20
88	8	50
88	9	70
88	10	20
88	11	60
88	12	70
88	13	90
88	14	70
88	15	30
88	16	50
88	17	90
88	18	60
88	19	90
88	20	70
88	21	70
88	22	70
88	23	140
88	24	90
88	25	110
88	26	90
88	27	90
88	28	70
88	29	10
88	30	70
88	31	70
88	32	50
88	33	40
88	34	70
88	35	80
88	36	60
88	37	110
88	38	80
88	39	100
88	40	90
89	1	110
89	2	80
89	3	110
89	4	70
89	5	50
89	6	60
89	7	40
89	8	50
89	9	70
89	10	60
89	11	80
89	12	50
89	13	130
89	14	70
89	15	50
89	16	50
89	17	90
89	18	80
89	19	90
89	20	110
89	21	90
89	22	90
89	23	120
89	24	90
89	25	130
89	26	110
89	27	70
89	28	70
89	29	30
89	30	70
89	31	50
89	32	70
89	33	60
89	34	70
89	35	80
89	36	60
89	37	110
89	38	80
89	39	100
89	40	90
90	1	90
90	2	80
90	3	110
90	4	70
90	5	0
90	6	60
90	7	70
90	8	50
90	9	70
90	10	90
90	11	80
90	12	100
90	13	90
90	14	100
90	15	100
90	16	70
90	17	90
90	18	80
90	19	90
90	20	90
90	21	50
90	22	90
90	23	120
90	24	90
90	25	110
90	26	60
90	27	90
90	28	20
90	29	60
90	30	90
90	31	70
90	32	70
90	33	70
90	34	50
90	35	80
90	36	60
90	37	60
90	38	60
90	39	100
90	40	70
91	1	90
91	2	60
91	3	70
91	4	60
91	5	60
91	6	60
91	7	20
91	8	50
91	9	50
91	10	30
91	11	60
91	12	30
91	13	70
91	14	50
91	15	10
91	16	60
91	17	60
91	18	60
91	19	50
91	20	80
91	21	60
91	22	80
91	23	80
91	24	70
91	25	70
91	26	60
91	27	70
91	28	70
91	29	10
91	30	60
91	31	50
91	32	60
91	33	20
91	34	60
91	35	80
91	36	60
91	37	100
91	38	60
91	39	80
91	40	80
92	1	70
92	2	50
92	3	90
92	4	70
92	5	0
92	6	50
92	7	70
92	8	50
92	9	50
92	10	70
92	11	50
92	12	80
92	13	110
92	14	90
92	15	70
92	16	50
92	17	70
92	18	50
92	19	90
92	20	70
92	21	70
92	22	90
92	23	70
92	24	50
92	25	90
92	26	20
92	27	50
92	28	20
92	29	50
92	30	70
92	31	50
92	32	70
92	33	70
92	34	70
92	35	80
92	36	50
92	37	20
92	38	70
92	39	50
92	40	90
93	1	90
93	2	60
93	3	90
93	4	70
93	5	20
93	6	60
93	7	70
93	8	50
93	9	50
93	10	110
93	11	80
93	12	100
93	13	110
93	14	100
93	15	100
93	16	50
93	17	90
93	18	80
93	19	90
93	20	110
93	21	110
93	22	70
93	23	100
93	24	70
93	25	110
93	26	40
93	27	70
93	28	0
93	29	80
93	30	70
93	31	50
93	32	90
93	33	130
93	34	70
93	35	60
93	36	60
93	37	40
93	38	80
93	39	80
93	40	70
94	1	90
94	2	80
94	3	90
94	4	50
94	5	50
94	6	60
94	7	40
94	8	50
94	9	70
94	10	20
94	11	80
94	12	10
94	13	90
94	14	30
94	15	30
94	16	50
94	17	70
94	18	80
94	19	50
94	20	70
94	21	70
94	22	70
94	23	80
94	24	70
94	25	70
94	26	90
94	27	50
94	28	70
94	29	30
94	30	50
94	31	50
94	32	50
94	33	20
94	34	50
94	35	80
94	36	60
94	37	90
94	38	60
94	39	80
94	40	70
95	1	90
95	2	70
95	3	130
95	4	70
95	5	50
95	6	50
95	7	40
95	8	70
95	9	70
95	10	40
95	11	70
95	12	40
95	13	130
95	14	40
95	15	60
95	16	50
95	17	110
95	18	70
95	19	110
95	20	110
95	21	90
95	22	90
95	23	110
95	24	70
95	25	110
95	26	130
95	27	70
95	28	70
95	29	20
95	30	110
95	31	90
95	32	70
95	33	40
95	34	90
95	35	70
95	36	70
95	37	110
95	38	90
95	39	70
95	40	90
96	1	90
96	2	60
96	3	110
96	4	90
96	5	0
96	6	80
96	7	70
96	8	50
96	9	50
96	10	130
96	11	80
96	12	140
96	13	110
96	14	100
96	15	140
96	16	50
96	17	110
96	18	80
96	19	130
96	20	110
96	21	90
96	22	70
96	23	120
96	24	70
96	25	110
96	26	60
96	27	110
96	28	0
96	29	100
96	30	90
96	31	70
96	32	70
96	33	110
96	34	70
96	35	60
96	36	60
96	37	60
96	38	80
96	39	80
96	40	70
97	1	50
97	2	60
97	3	50
97	4	50
97	5	70
97	6	60
97	7	0
97	8	50
97	9	50
97	10	0
97	11	60
97	12	10
97	13	50
97	14	10
97	15	10
97	16	50
97	17	50
97	18	60
97	19	50
97	20	50
97	21	70
97	22	50
97	23	60
97	24	50
97	25	50
97	26	50
97	27	50
97	28	50
97	29	10
97	30	50
97	31	50
97	32	70
97	33	20
97	34	50
97	35	60
97	36	60
97	37	50
97	38	60
97	39	60
97	40	50
98	1	70
98	2	60
98	3	90
98	4	60
98	5	80
98	6	60
98	7	20
98	8	50
98	9	50
98	10	30
98	11	80
98	12	30
98	13	70
98	14	10
98	15	50
98	16	60
98	17	100
98	18	80
98	19	70
98	20	80
98	21	100
98	22	60
98	23	80
98	24	50
98	25	50
98	26	100
98	27	70
98	28	50
98	29	30
98	30	80
98	31	70
98	32	80
98	33	40
98	34	60
98	35	60
98	36	60
98	37	100
98	38	60
98	39	60
98	40	60
99	1	110
99	2	50
99	3	110
99	4	50
99	5	0
99	6	50
99	7	90
99	8	50
99	9	50
99	10	90
99	11	70
99	12	120
99	13	110
99	14	110
99	15	90
99	16	50
99	17	110
99	18	70
99	19	90
99	20	90
99	21	90
99	22	70
99	23	110
99	24	70
99	25	90
99	26	40
99	27	90
99	28	20
99	29	70
99	30	70
99	31	70
99	32	50
99	33	110
99	34	70
99	35	80
99	36	50
99	37	80
99	38	70
99	39	70
99	40	90
100	1	110
100	2	80
100	3	110
100	4	80
100	5	10
100	6	60
100	7	90
100	8	50
100	9	70
100	10	120
100	11	100
100	12	80
100	13	110
100	14	100
100	15	100
100	16	80
100	17	100
100	18	100
100	19	70
100	20	120
100	21	80
100	22	100
100	23	100
100	24	90
100	25	110
100	26	70
100	27	70
100	28	20
100	29	80
100	30	80
100	31	50
100	32	80
100	33	90
100	34	60
100	35	80
100	36	60
100	37	70
100	38	60
100	39	100
100	40	80
101	1	90
101	2	70
101	3	90
101	4	50
101	5	0
101	6	50
101	7	70
101	8	70
101	9	70
101	10	70
101	11	50
101	12	100
101	13	70
101	14	90
101	15	70
101	16	50
101	17	70
101	18	50
101	19	70
101	20	90
101	21	50
101	22	70
101	23	110
101	24	90
101	25	90
101	26	40
101	27	90
101	28	20
101	29	50
101	30	90
101	31	90
101	32	50
101	33	70
101	34	70
101	35	80
101	36	70
101	37	60
101	38	70
101	39	90
101	40	70
102	1	70
102	2	80
102	3	110
102	4	70
102	5	0
102	6	60
102	7	70
102	8	70
102	9	70
102	10	70
102	11	60
102	12	100
102	13	110
102	14	100
102	15	100
102	16	50
102	17	90
102	18	60
102	19	110
102	20	90
102	21	70
102	22	90
102	23	120
102	24	70
102	25	110
102	26	60
102	27	70
102	28	20
102	29	60
102	30	110
102	31	90
102	32	70
102	33	70
102	34	90
102	35	80
102	36	80
102	37	40
102	38	100
102	39	80
102	40	90
103	1	90
103	2	70
103	3	90
103	4	70
103	5	50
103	6	50
103	7	20
103	8	50
103	9	70
103	10	40
103	11	50
103	12	20
103	13	90
103	14	40
103	15	20
103	16	50
103	17	50
103	18	50
103	19	70
103	20	90
103	21	50
103	22	90
103	23	90
103	24	90
103	25	110
103	26	90
103	27	70
103	28	70
103	29	0
103	30	70
103	31	50
103	32	70
103	33	20
103	34	50
103	35	70
103	36	50
103	37	90
103	38	50
103	39	90
103	40	70
104	1	90
104	2	60
104	3	110
104	4	70
104	5	70
104	6	60
104	7	20
104	8	50
104	9	50
104	10	40
104	11	60
104	12	50
104	13	90
104	14	50
104	15	50
104	16	50
104	17	70
104	18	60
104	19	90
104	20	90
104	21	70
104	22	90
104	23	100
104	24	70
104	25	90
104	26	90
104	27	90
104	28	70
104	29	10
104	30	90
104	31	70
104	32	90
104	33	40
104	34	50
104	35	80
104	36	60
104	37	110
104	38	60
104	39	80
104	40	70
105	1	50
105	2	60
105	3	50
105	4	50
105	5	70
105	6	60
105	7	0
105	8	50
105	9	50
105	10	0
105	11	60
105	12	10
105	13	50
105	14	10
105	15	10
105	16	50
105	17	50
105	18	60
105	19	50
105	20	50
105	21	70
105	22	50
105	23	60
105	24	50
105	25	50
105	26	50
105	27	50
105	28	50
105	29	10
105	30	50
105	31	50
105	32	70
105	33	20
105	34	50
105	35	60
105	36	60
105	37	50
105	38	60
105	39	60
105	40	50
106	1	110
106	2	80
106	3	130
106	4	80
106	5	60
106	6	60
106	7	40
106	8	50
106	9	70
106	10	70
106	11	80
106	12	70
106	13	130
106	14	70
106	15	70
106	16	60
106	17	120
106	18	80
106	19	110
106	20	120
106	21	100
106	22	100
106	23	140
106	24	90
106	25	130
106	26	140
106	27	90
106	28	70
106	29	30
106	30	100
106	31	70
106	32	80
106	33	60
106	34	80
106	35	80
106	36	60
106	37	140
106	38	80
106	39	100
106	40	100
107	1	110
107	2	50
107	3	130
107	4	70
107	5	70
107	6	50
107	7	40
107	8	50
107	9	50
107	10	60
107	11	70
107	12	50
107	13	110
107	14	40
107	15	60
107	16	50
107	17	90
107	18	70
107	19	90
107	20	110
107	21	90
107	22	90
107	23	90
107	24	70
107	25	90
107	26	110
107	27	90
107	28	70
107	29	20
107	30	90
107	31	70
107	32	90
107	33	60
107	34	50
107	35	80
107	36	50
107	37	130
107	38	50
107	39	70
107	40	70
108	1	70
108	2	80
108	3	110
108	4	70
108	5	50
108	6	60
108	7	20
108	8	50
108	9	70
108	10	20
108	11	80
108	12	50
108	13	110
108	14	50
108	15	50
108	16	70
108	17	110
108	18	80
108	19	110
108	20	70
108	21	70
108	22	90
108	23	120
108	24	70
108	25	110
108	26	110
108	27	70
108	28	70
108	29	10
108	30	90
108	31	70
108	32	70
108	33	20
108	34	70
108	35	80
108	36	60
108	37	90
108	38	80
108	39	80
108	40	90
109	1	110
109	2	70
109	3	130
109	4	70
109	5	0
109	6	50
109	7	90
109	8	70
109	9	70
109	10	110
109	11	70
109	12	100
109	13	110
109	14	90
109	15	110
109	16	50
109	17	90
109	18	70
109	19	90
109	20	130
109	21	70
109	22	90
109	23	110
109	24	90
109	25	110
109	26	80
109	27	90
109	28	20
109	29	70
109	30	110
109	31	90
109	32	70
109	33	90
109	34	70
109	35	80
109	36	70
109	37	80
109	38	70
109	39	90
109	40	70
110	1	70
110	2	50
110	3	50
110	4	50
110	5	20
110	6	50
110	7	50
110	8	50
110	9	50
110	10	70
110	11	50
110	12	80
110	13	50
110	14	70
110	15	50
110	16	50
110	17	50
110	18	50
110	19	50
110	20	70
110	21	70
110	22	50
110	23	70
110	24	70
110	25	70
110	26	0
110	27	70
110	28	0
110	29	50
110	30	50
110	31	50
110	32	70
110	33	90
110	34	50
110	35	60
110	36	50
110	37	20
110	38	50
110	39	70
110	40	50
111	1	70
111	2	50
111	3	50
111	4	70
111	5	50
111	6	70
111	7	0
111	8	50
111	9	50
111	10	40
111	11	50
111	12	40
111	13	50
111	14	20
111	15	20
111	16	50
111	17	50
111	18	50
111	19	70
111	20	70
111	21	50
111	22	50
111	23	70
111	24	70
111	25	70
111	26	50
111	27	90
111	28	50
111	29	20
111	30	50
111	31	50
111	32	50
111	33	20
111	34	50
111	35	50
111	36	50
111	37	70
111	38	50
111	39	70
111	40	50
112	1	90
112	2	70
112	3	90
112	4	50
112	5	0
112	6	50
112	7	70
112	8	50
112	9	70
112	10	70
112	11	50
112	12	120
112	13	90
112	14	110
112	15	70
112	16	50
112	17	90
112	18	50
112	19	90
112	20	70
112	21	70
112	22	70
112	23	130
112	24	90
112	25	110
112	26	40
112	27	90
112	28	20
112	29	50
112	30	70
112	31	70
112	32	50
112	33	90
112	34	70
112	35	80
112	36	50
112	37	60
112	38	70
112	39	90
112	40	90
113	1	110
113	2	70
113	3	130
113	4	70
113	5	50
113	6	50
113	7	40
113	8	50
113	9	70
113	10	60
113	11	70
113	12	40
113	13	110
113	14	40
113	15	60
113	16	50
113	17	90
113	18	70
113	19	90
113	20	110
113	21	70
113	22	90
113	23	110
113	24	90
113	25	110
113	26	130
113	27	90
113	28	70
113	29	20
113	30	90
113	31	70
113	32	70
113	33	40
113	34	50
113	35	70
113	36	50
113	37	130
113	38	50
113	39	90
113	40	70
114	1	90
114	2	80
114	3	90
114	4	50
114	5	0
114	6	60
114	7	90
114	8	50
114	9	70
114	10	70
114	11	80
114	12	80
114	13	110
114	14	100
114	15	80
114	16	50
114	17	90
114	18	80
114	19	70
114	20	70
114	21	90
114	22	70
114	23	100
114	24	70
114	25	90
114	26	40
114	27	50
114	28	20
114	29	80
114	30	50
114	31	50
114	32	50
114	33	90
114	34	70
114	35	80
114	36	60
114	37	40
114	38	80
114	39	80
114	40	90
115	1	110
115	2	60
115	3	110
115	4	50
115	5	20
115	6	60
115	7	90
115	8	50
115	9	50
115	10	90
115	11	80
115	12	100
115	13	90
115	14	100
115	15	100
115	16	50
115	17	90
115	18	80
115	19	70
115	20	90
115	21	90
115	22	70
115	23	100
115	24	70
115	25	70
115	26	40
115	27	90
115	28	20
115	29	80
115	30	70
115	31	70
115	32	70
115	33	110
115	34	50
115	35	80
115	36	60
115	37	80
115	38	60
115	39	80
115	40	70
116	1	110
116	2	70
116	3	130
116	4	70
116	5	50
116	6	50
116	7	40
116	8	70
116	9	70
116	10	60
116	11	70
116	12	50
116	13	110
116	14	40
116	15	60
116	16	50
116	17	90
116	18	70
116	19	90
116	20	130
116	21	70
116	22	90
116	23	110
116	24	90
116	25	110
116	26	130
116	27	90
116	28	70
116	29	20
116	30	110
116	31	90
116	32	70
116	33	40
116	34	70
116	35	80
116	36	70
116	37	130
116	38	70
116	39	90
116	40	70
117	1	70
117	2	80
117	3	90
117	4	80
117	5	60
117	6	60
117	7	20
117	8	50
117	9	70
117	10	30
117	11	60
117	12	10
117	13	90
117	14	30
117	15	30
117	16	60
117	17	60
117	18	60
117	19	70
117	20	80
117	21	60
117	22	100
117	23	80
117	24	70
117	25	90
117	26	100
117	27	50
117	28	70
117	29	10
117	30	80
117	31	50
117	32	80
117	33	0
117	34	60
117	35	80
117	36	60
117	37	80
117	38	60
117	39	80
117	40	80
118	1	90
118	2	60
118	3	90
118	4	60
118	5	80
118	6	60
118	7	20
118	8	50
118	9	50
118	10	30
118	11	60
118	12	70
118	13	90
118	14	70
118	15	30
118	16	60
118	17	100
118	18	60
118	19	90
118	20	80
118	21	100
118	22	80
118	23	120
118	24	70
118	25	90
118	26	80
118	27	90
118	28	70
118	29	10
118	30	80
118	31	70
118	32	80
118	33	60
118	34	80
118	35	80
118	36	60
118	37	120
118	38	80
118	39	80
118	40	100
119	1	70
119	2	50
119	3	110
119	4	70
119	5	20
119	6	50
119	7	70
119	8	50
119	9	50
119	10	90
119	11	70
119	12	100
119	13	110
119	14	70
119	15	110
119	16	50
119	17	110
119	18	70
119	19	110
119	20	90
119	21	110
119	22	70
119	23	90
119	24	50
119	25	90
119	26	60
119	27	70
119	28	0
119	29	70
119	30	90
119	31	70
119	32	90
119	33	110
119	34	70
119	35	60
119	36	50
119	37	40
119	38	70
119	39	50
119	40	70
120	1	70
120	2	70
120	3	90
120	4	50
120	5	0
120	6	50
120	7	70
120	8	50
120	9	70
120	10	50
120	11	50
120	12	70
120	13	70
120	14	70
120	15	70
120	16	50
120	17	70
120	18	50
120	19	70
120	20	50
120	21	50
120	22	70
120	23	90
120	24	70
120	25	70
120	26	40
120	27	70
120	28	20
120	29	50
120	30	70
120	31	70
120	32	50
120	33	50
120	34	50
120	35	70
120	36	50
120	37	40
120	38	50
120	39	70
120	40	70
121	1	90
121	2	80
121	3	130
121	4	70
121	5	0
121	6	60
121	7	90
121	8	50
121	9	70
121	10	90
121	11	100
121	12	80
121	13	110
121	14	80
121	15	120
121	16	70
121	17	110
121	18	100
121	19	90
121	20	90
121	21	70
121	22	90
121	23	100
121	24	70
121	25	90
121	26	80
121	27	70
121	28	20
121	29	80
121	30	90
121	31	70
121	32	70
121	33	70
121	34	50
121	35	80
121	36	60
121	37	60
121	38	60
121	39	80
121	40	70
122	1	70
122	2	70
122	3	70
122	4	50
122	5	50
122	6	50
122	7	20
122	8	50
122	9	70
122	10	0
122	11	50
122	12	10
122	13	70
122	14	20
122	15	0
122	16	50
122	17	50
122	18	50
122	19	50
122	20	50
122	21	50
122	22	70
122	23	70
122	24	70
122	25	70
122	26	70
122	27	50
122	28	70
122	29	0
122	30	50
122	31	50
122	32	50
122	33	0
122	34	50
122	35	80
122	36	50
122	37	70
122	38	50
122	39	70
122	40	70
123	1	110
123	2	70
123	3	110
123	4	50
123	5	50
123	6	50
123	7	40
123	8	50
123	9	70
123	10	40
123	11	70
123	12	70
123	13	110
123	14	60
123	15	40
123	16	50
123	17	110
123	18	70
123	19	90
123	20	90
123	21	90
123	22	70
123	23	130
123	24	90
123	25	110
123	26	110
123	27	90
123	28	70
123	29	20
123	30	70
123	31	70
123	32	50
123	33	60
123	34	70
123	35	80
123	36	50
123	37	130
123	38	70
123	39	90
123	40	90
124	1	90
124	2	50
124	3	90
124	4	50
124	5	70
124	6	50
124	7	20
124	8	50
124	9	50
124	10	20
124	11	50
124	12	70
124	13	90
124	14	60
124	15	20
124	16	50
124	17	90
124	18	50
124	19	90
124	20	70
124	21	90
124	22	70
124	23	110
124	24	70
124	25	90
124	26	70
124	27	90
124	28	70
124	29	0
124	30	70
124	31	70
124	32	70
124	33	60
124	34	70
124	35	80
124	36	50
124	37	110
124	38	70
124	39	70
124	40	90
125	1	90
125	2	80
125	3	130
125	4	80
125	5	10
125	6	60
125	7	90
125	8	50
125	9	70
125	10	100
125	11	80
125	12	100
125	13	130
125	14	100
125	15	120
125	16	60
125	17	120
125	18	80
125	19	110
125	20	100
125	21	100
125	22	100
125	23	120
125	24	70
125	25	110
125	26	90
125	27	70
125	28	20
125	29	80
125	30	100
125	31	70
125	32	80
125	33	90
125	34	80
125	35	80
125	36	60
125	37	70
125	38	80
125	39	80
125	40	100
126	1	90
126	2	80
126	3	110
126	4	70
126	5	50
126	6	60
126	7	20
126	8	70
126	9	70
126	10	40
126	11	60
126	12	70
126	13	110
126	14	70
126	15	50
126	16	50
126	17	90
126	18	60
126	19	110
126	20	110
126	21	70
126	22	90
126	23	140
126	24	90
126	25	130
126	26	110
126	27	90
126	28	70
126	29	10
126	30	110
126	31	90
126	32	70
126	33	40
126	34	90
126	35	80
126	36	80
126	37	110
126	38	100
126	39	100
126	40	90
127	1	90
127	2	60
127	3	70
127	4	60
127	5	60
127	6	60
127	7	20
127	8	50
127	9	50
127	10	30
127	11	60
127	12	30
127	13	70
127	14	50
127	15	10
127	16	60
127	17	60
127	18	60
127	19	50
127	20	80
127	21	60
127	22	80
127	23	80
127	24	70
127	25	70
127	26	60
127	27	70
127	28	70
127	29	10
127	30	60
127	31	50
127	32	60
127	33	20
127	34	60
127	35	80
127	36	60
127	37	100
127	38	60
127	39	80
127	40	80
128	1	90
128	2	50
128	3	110
128	4	90
128	5	0
128	6	70
128	7	70
128	8	50
128	9	50
128	10	130
128	11	70
128	12	110
128	13	90
128	14	70
128	15	130
128	16	50
128	17	90
128	18	70
128	19	110
128	20	110
128	21	70
128	22	70
128	23	90
128	24	70
128	25	90
128	26	60
128	27	110
128	28	0
128	29	90
128	30	90
128	31	70
128	32	70
128	33	90
128	34	50
128	35	50
128	36	50
128	37	60
128	38	50
128	39	70
128	40	50
129	1	50
129	2	60
129	3	50
129	4	50
129	5	70
129	6	60
129	7	0
129	8	50
129	9	50
129	10	0
129	11	60
129	12	10
129	13	50
129	14	10
129	15	10
129	16	50
129	17	50
129	18	60
129	19	50
129	20	50
129	21	70
129	22	50
129	23	60
129	24	50
129	25	50
129	26	50
129	27	50
129	28	50
129	29	10
129	30	50
129	31	50
129	32	70
129	33	20
129	34	50
129	35	60
129	36	60
129	37	50
129	38	60
129	39	60
129	40	50
130	1	90
130	2	60
130	3	90
130	4	80
130	5	30
130	6	60
130	7	70
130	8	50
130	9	50
130	10	120
130	11	80
130	12	100
130	13	110
130	14	100
130	15	100
130	16	60
130	17	100
130	18	80
130	19	90
130	20	120
130	21	120
130	22	80
130	23	100
130	24	70
130	25	110
130	26	50
130	27	70
130	28	0
130	29	80
130	30	80
130	31	50
130	32	100
130	33	130
130	34	80
130	35	60
130	36	60
130	37	50
130	38	80
130	39	80
130	40	80
131	1	90
131	2	80
131	3	90
131	4	50
131	5	0
131	6	60
131	7	90
131	8	50
131	9	70
131	10	70
131	11	80
131	12	60
131	13	90
131	14	80
131	15	80
131	16	50
131	17	70
131	18	80
131	19	50
131	20	70
131	21	70
131	22	70
131	23	80
131	24	70
131	25	70
131	26	40
131	27	50
131	28	20
131	29	80
131	30	50
131	31	50
131	32	50
131	33	70
131	34	50
131	35	80
131	36	60
131	37	40
131	38	60
131	39	80
131	40	70
132	1	110
132	2	70
132	3	110
132	4	50
132	5	0
132	6	50
132	7	90
132	8	50
132	9	70
132	10	90
132	11	70
132	12	110
132	13	110
132	14	110
132	15	90
132	16	50
132	17	110
132	18	70
132	19	90
132	20	90
132	21	90
132	22	70
132	23	130
132	24	90
132	25	110
132	26	60
132	27	90
132	28	20
132	29	70
132	30	70
132	31	70
132	32	50
132	33	110
132	34	70
132	35	70
132	36	50
132	37	80
132	38	70
132	39	90
132	40	90
133	1	90
133	2	80
133	3	130
133	4	80
133	5	60
133	6	60
133	7	40
133	8	70
133	9	70
133	10	50
133	11	80
133	12	30
133	13	110
133	14	30
133	15	70
133	16	60
133	17	100
133	18	80
133	19	90
133	20	120
133	21	80
133	22	100
133	23	100
133	24	70
133	25	90
133	26	140
133	27	70
133	28	70
133	29	30
133	30	120
133	31	90
133	32	80
133	33	20
133	34	80
133	35	80
133	36	80
133	37	120
133	38	80
133	39	80
133	40	80
134	1	90
134	2	70
134	3	130
134	4	70
134	5	50
134	6	50
134	7	40
134	8	50
134	9	70
134	10	40
134	11	70
134	12	40
134	13	130
134	14	40
134	15	60
134	16	50
134	17	110
134	18	70
134	19	110
134	20	90
134	21	90
134	22	90
134	23	110
134	24	70
134	25	110
134	26	130
134	27	70
134	28	70
134	29	20
134	30	90
134	31	70
134	32	70
134	33	40
134	34	70
134	35	70
134	36	50
134	37	110
134	38	70
134	39	70
134	40	90
135	1	70
135	2	50
135	3	70
135	4	50
135	5	50
135	6	50
135	7	20
135	8	50
135	9	50
135	10	0
135	11	50
135	12	30
135	13	90
135	14	40
135	15	0
135	16	50
135	17	70
135	18	50
135	19	70
135	20	50
135	21	70
135	22	70
135	23	70
135	24	50
135	25	70
135	26	50
135	27	50
135	28	70
135	29	0
135	30	50
135	31	50
135	32	50
135	33	20
135	34	70
135	35	80
135	36	50
135	37	70
135	38	70
135	39	50
135	40	90
136	1	110
136	2	70
136	3	110
136	4	70
136	5	0
136	6	50
136	7	90
136	8	70
136	9	70
136	10	110
136	11	70
136	12	70
136	13	110
136	14	90
136	15	90
136	16	50
136	17	70
136	18	70
136	19	70
136	20	130
136	21	70
136	22	90
136	23	90
136	24	90
136	25	110
136	26	60
136	27	70
136	28	20
136	29	70
136	30	90
136	31	70
136	32	70
136	33	90
136	34	70
136	35	70
136	36	70
136	37	60
136	38	70
136	39	90
136	40	70
137	1	90
137	2	50
137	3	90
137	4	50
137	5	20
137	6	50
137	7	70
137	8	50
137	9	50
137	10	70
137	11	50
137	12	100
137	13	70
137	14	90
137	15	70
137	16	50
137	17	70
137	18	50
137	19	70
137	20	70
137	21	70
137	22	70
137	23	90
137	24	70
137	25	70
137	26	20
137	27	90
137	28	20
137	29	50
137	30	70
137	31	70
137	32	70
137	33	90
137	34	50
137	35	80
137	36	50
137	37	60
137	38	50
137	39	70
137	40	70
138	1	90
138	2	80
138	3	130
138	4	70
138	5	0
138	6	60
138	7	90
138	8	50
138	9	70
138	10	90
138	11	80
138	12	80
138	13	110
138	14	80
138	15	120
138	16	50
138	17	90
138	18	80
138	19	90
138	20	90
138	21	70
138	22	90
138	23	100
138	24	70
138	25	90
138	26	80
138	27	70
138	28	20
138	29	80
138	30	90
138	31	70
138	32	70
138	33	70
138	34	50
138	35	80
138	36	60
138	37	60
138	38	60
138	39	80
138	40	70
139	1	90
139	2	50
139	3	90
139	4	90
139	5	50
139	6	70
139	7	20
139	8	50
139	9	50
139	10	80
139	11	70
139	12	70
139	13	110
139	14	40
139	15	60
139	16	50
139	17	90
139	18	70
139	19	110
139	20	110
139	21	90
139	22	70
139	23	90
139	24	70
139	25	110
139	26	90
139	27	90
139	28	50
139	29	40
139	30	70
139	31	50
139	32	70
139	33	60
139	34	70
139	35	60
139	36	50
139	37	90
139	38	70
139	39	70
139	40	70
140	1	70
140	2	80
140	3	70
140	4	60
140	5	10
140	6	60
140	7	70
140	8	50
140	9	70
140	10	60
140	11	60
140	12	60
140	13	70
140	14	80
140	15	60
140	16	60
140	17	60
140	18	60
140	19	50
140	20	60
140	21	60
140	22	80
140	23	80
140	24	70
140	25	70
140	26	30
140	27	50
140	28	20
140	29	60
140	30	60
140	31	50
140	32	60
140	33	50
140	34	60
140	35	80
140	36	60
140	37	30
140	38	60
140	39	80
140	40	80
141	1	70
141	2	60
141	3	70
141	4	50
141	5	70
141	6	60
141	7	0
141	8	50
141	9	50
141	10	20
141	11	60
141	12	50
141	13	50
141	14	30
141	15	30
141	16	50
141	17	70
141	18	60
141	19	70
141	20	70
141	21	70
141	22	50
141	23	100
141	24	70
141	25	70
141	26	70
141	27	90
141	28	50
141	29	10
141	30	70
141	31	70
141	32	70
141	33	40
141	34	50
141	35	60
141	36	60
141	37	90
141	38	60
141	39	80
141	40	50
142	1	90
142	2	60
142	3	70
142	4	60
142	5	30
142	6	60
142	7	70
142	8	50
142	9	50
142	10	100
142	11	80
142	12	80
142	13	70
142	14	80
142	15	80
142	16	60
142	17	80
142	18	80
142	19	50
142	20	100
142	21	100
142	22	60
142	23	80
142	24	70
142	25	70
142	26	30
142	27	70
142	28	0
142	29	80
142	30	60
142	31	50
142	32	80
142	33	110
142	34	60
142	35	60
142	36	60
142	37	50
142	38	60
142	39	80
142	40	60
143	1	90
143	2	80
143	3	70
143	4	50
143	5	0
143	6	60
143	7	70
143	8	50
143	9	70
143	10	70
143	11	60
143	12	80
143	13	70
143	14	100
143	15	60
143	16	50
143	17	50
143	18	60
143	19	50
143	20	70
143	21	50
143	22	70
143	23	100
143	24	90
143	25	90
143	26	20
143	27	70
143	28	20
143	29	60
143	30	50
143	31	50
143	32	50
143	33	70
143	34	50
143	35	80
143	36	60
143	37	40
143	38	60
143	39	100
143	40	70
144	1	90
144	2	50
144	3	90
144	4	90
144	5	50
144	6	70
144	7	20
144	8	50
144	9	50
144	10	80
144	11	70
144	12	70
144	13	110
144	14	40
144	15	60
144	16	50
144	17	90
144	18	70
144	19	110
144	20	110
144	21	90
144	22	70
144	23	90
144	24	70
144	25	110
144	26	90
144	27	90
144	28	50
144	29	40
144	30	70
144	31	50
144	32	70
144	33	60
144	34	70
144	35	60
144	36	50
144	37	90
144	38	70
144	39	70
144	40	70
145	1	90
145	2	60
145	3	110
145	4	60
145	5	80
145	6	60
145	7	40
145	8	50
145	9	50
145	10	30
145	11	80
145	12	50
145	13	110
145	14	50
145	15	50
145	16	60
145	17	120
145	18	80
145	19	90
145	20	80
145	21	120
145	22	80
145	23	100
145	24	50
145	25	70
145	26	100
145	27	70
145	28	70
145	29	30
145	30	80
145	31	70
145	32	80
145	33	60
145	34	80
145	35	80
145	36	60
145	37	120
145	38	80
145	39	60
145	40	100
146	1	90
146	2	60
146	3	130
146	4	70
146	5	0
146	6	60
146	7	90
146	8	50
146	9	50
146	10	90
146	11	80
146	12	80
146	13	110
146	14	80
146	15	120
146	16	50
146	17	90
146	18	80
146	19	90
146	20	90
146	21	70
146	22	90
146	23	80
146	24	50
146	25	70
146	26	60
146	27	70
146	28	20
146	29	80
146	30	90
146	31	70
146	32	70
146	33	70
146	34	50
146	35	80
146	36	60
146	37	60
146	38	60
146	39	60
146	40	70
147	1	110
147	2	50
147	3	110
147	4	70
147	5	20
147	6	50
147	7	90
147	8	50
147	9	50
147	10	110
147	11	70
147	12	100
147	13	130
147	14	110
147	15	90
147	16	50
147	17	90
147	18	70
147	19	90
147	20	110
147	21	110
147	22	90
147	23	90
147	24	70
147	25	110
147	26	40
147	27	70
147	28	20
147	29	70
147	30	70
147	31	50
147	32	90
147	33	130
147	34	70
147	35	80
147	36	50
147	37	60
147	38	70
147	39	70
147	40	90
148	1	50
148	2	50
148	3	70
148	4	70
148	5	50
148	6	70
148	7	0
148	8	50
148	9	50
148	10	20
148	11	50
148	12	40
148	13	50
148	14	0
148	15	40
148	16	50
148	17	70
148	18	50
148	19	90
148	20	50
148	21	50
148	22	50
148	23	70
148	24	50
148	25	50
148	26	70
148	27	90
148	28	50
148	29	20
148	30	70
148	31	70
148	32	50
148	33	0
148	34	50
148	35	50
148	36	50
148	37	70
148	38	50
148	39	50
148	40	50
149	1	90
149	2	60
149	3	130
149	4	70
149	5	0
149	6	60
149	7	90
149	8	50
149	9	50
149	10	90
149	11	80
149	12	100
149	13	130
149	14	100
149	15	120
149	16	50
149	17	110
149	18	80
149	19	110
149	20	90
149	21	90
149	22	90
149	23	100
149	24	50
149	25	90
149	26	60
149	27	70
149	28	20
149	29	80
149	30	90
149	31	70
149	32	70
149	33	90
149	34	70
149	35	80
149	36	60
149	37	60
149	38	80
149	39	60
149	40	90
150	1	110
150	2	70
150	3	130
150	4	70
150	5	50
150	6	50
150	7	40
150	8	50
150	9	70
150	10	60
150	11	70
150	12	50
150	13	110
150	14	40
150	15	60
150	16	50
150	17	90
150	18	70
150	19	90
150	20	110
150	21	70
150	22	90
150	23	110
150	24	90
150	25	110
150	26	130
150	27	90
150	28	70
150	29	20
150	30	90
150	31	70
150	32	70
150	33	40
150	34	50
150	35	80
150	36	50
150	37	130
150	38	50
150	39	90
150	40	70
151	1	50
151	2	50
151	3	90
151	4	90
151	5	50
151	6	70
151	7	0
151	8	50
151	9	50
151	10	40
151	11	50
151	12	40
151	13	70
151	14	0
151	15	60
151	16	50
151	17	70
151	18	50
151	19	110
151	20	70
151	21	50
151	22	70
151	23	70
151	24	50
151	25	70
151	26	90
151	27	90
151	28	50
151	29	20
151	30	90
151	31	70
151	32	70
151	33	0
151	34	50
151	35	50
151	36	50
151	37	70
151	38	50
151	39	50
151	40	50
152	1	70
152	2	70
152	3	110
152	4	70
152	5	0
152	6	50
152	7	70
152	8	70
152	9	70
152	10	70
152	11	50
152	12	90
152	13	110
152	14	90
152	15	90
152	16	50
152	17	90
152	18	50
152	19	110
152	20	90
152	21	70
152	22	90
152	23	110
152	24	70
152	25	110
152	26	60
152	27	70
152	28	20
152	29	50
152	30	110
152	31	90
152	32	70
152	33	70
152	34	90
152	35	70
152	36	70
152	37	40
152	38	90
152	39	70
152	40	90
153	1	90
153	2	70
153	3	110
153	4	70
153	5	50
153	6	50
153	7	20
153	8	50
153	9	70
153	10	40
153	11	50
153	12	60
153	13	110
153	14	60
153	15	40
153	16	50
153	17	90
153	18	50
153	19	110
153	20	90
153	21	70
153	22	90
153	23	130
153	24	90
153	25	130
153	26	110
153	27	90
153	28	70
153	29	0
153	30	90
153	31	70
153	32	70
153	33	40
153	34	70
153	35	70
153	36	50
153	37	110
153	38	70
153	39	90
153	40	90
154	1	90
154	2	60
154	3	90
154	4	60
154	5	80
154	6	60
154	7	20
154	8	50
154	9	50
154	10	50
154	11	80
154	12	70
154	13	90
154	14	50
154	15	50
154	16	60
154	17	120
154	18	80
154	19	90
154	20	100
154	21	120
154	22	60
154	23	120
154	24	70
154	25	90
154	26	100
154	27	90
154	28	50
154	29	30
154	30	80
154	31	70
154	32	80
154	33	80
154	34	80
154	35	60
154	36	60
154	37	120
154	38	80
154	39	80
154	40	80
155	1	90
155	2	80
155	3	110
155	4	70
155	5	50
155	6	60
155	7	20
155	8	50
155	9	70
155	10	40
155	11	60
155	12	70
155	13	110
155	14	70
155	15	50
155	16	50
155	17	90
155	18	60
155	19	110
155	20	90
155	21	70
155	22	90
155	23	140
155	24	90
155	25	130
155	26	110
155	27	90
155	28	70
155	29	10
155	30	90
155	31	70
155	32	70
155	33	40
155	34	70
155	35	80
155	36	60
155	37	110
155	38	80
155	39	100
155	40	90
156	1	70
156	2	60
156	3	70
156	4	60
156	5	30
156	6	60
156	7	50
156	8	50
156	9	50
156	10	80
156	11	60
156	12	100
156	13	50
156	14	80
156	15	80
156	16	60
156	17	80
156	18	60
156	19	70
156	20	80
156	21	80
156	22	60
156	23	100
156	24	70
156	25	70
156	26	30
156	27	90
156	28	0
156	29	60
156	30	80
156	31	70
156	32	80
156	33	90
156	34	60
156	35	60
156	36	60
156	37	50
156	38	60
156	39	80
156	40	60
157	1	90
157	2	70
157	3	110
157	4	70
157	5	50
157	6	50
157	7	40
157	8	50
157	9	70
157	10	40
157	11	70
157	12	30
157	13	130
157	14	40
157	15	40
157	16	50
157	17	90
157	18	70
157	19	90
157	20	90
157	21	90
157	22	90
157	23	90
157	24	70
157	25	110
157	26	110
157	27	50
157	28	70
157	29	20
157	30	70
157	31	50
157	32	70
157	33	40
157	34	70
157	35	80
157	36	50
157	37	90
157	38	70
157	39	70
157	40	90
158	1	50
158	2	60
158	3	70
158	4	90
158	5	50
158	6	80
158	7	0
158	8	50
158	9	50
158	10	40
158	11	60
158	12	50
158	13	90
158	14	30
158	15	50
158	16	50
158	17	70
158	18	60
158	19	110
158	20	70
158	21	70
158	22	70
158	23	80
158	24	50
158	25	90
158	26	70
158	27	70
158	28	50
158	29	30
158	30	70
158	31	50
158	32	70
158	33	20
158	34	70
158	35	60
158	36	60
158	37	50
158	38	80
158	39	60
158	40	70
159	1	70
159	2	70
159	3	110
159	4	70
159	5	50
159	6	50
159	7	20
159	8	70
159	9	70
159	10	20
159	11	50
159	12	40
159	13	110
159	14	40
159	15	40
159	16	50
159	17	90
159	18	50
159	19	110
159	20	90
159	21	70
159	22	90
159	23	110
159	24	70
159	25	110
159	26	110
159	27	70
159	28	70
159	29	0
159	30	110
159	31	90
159	32	70
159	33	20
159	34	90
159	35	70
159	36	70
159	37	90
159	38	90
159	39	70
159	40	90
160	1	90
160	2	70
160	3	110
160	4	70
160	5	50
160	6	50
160	7	20
160	8	50
160	9	70
160	10	40
160	11	50
160	12	40
160	13	90
160	14	40
160	15	40
160	16	50
160	17	70
160	18	50
160	19	90
160	20	90
160	21	50
160	22	90
160	23	110
160	24	90
160	25	110
160	26	110
160	27	90
160	28	70
160	29	0
160	30	90
160	31	70
160	32	70
160	33	20
160	34	50
160	35	70
160	36	50
160	37	110
160	38	50
160	39	90
160	40	70
161	1	70
161	2	80
161	3	90
161	4	80
161	5	60
161	6	60
161	7	20
161	8	50
161	9	70
161	10	30
161	11	60
161	12	10
161	13	90
161	14	30
161	15	30
161	16	60
161	17	60
161	18	60
161	19	70
161	20	80
161	21	60
161	22	100
161	23	80
161	24	70
161	25	90
161	26	100
161	27	50
161	28	70
161	29	10
161	30	80
161	31	50
161	32	80
161	33	0
161	34	60
161	35	80
161	36	60
161	37	80
161	38	60
161	39	80
161	40	80
162	1	90
162	2	70
162	3	110
162	4	50
162	5	50
162	6	50
162	7	40
162	8	70
162	9	70
162	10	20
162	11	70
162	12	40
162	13	110
162	14	40
162	15	40
162	16	50
162	17	110
162	18	70
162	19	90
162	20	90
162	21	90
162	22	70
162	23	110
162	24	70
162	25	90
162	26	110
162	27	70
162	28	70
162	29	20
162	30	90
162	31	90
162	32	50
162	33	40
162	34	90
162	35	70
162	36	70
162	37	110
162	38	90
162	39	70
162	40	90
163	1	70
163	2	50
163	3	70
163	4	50
163	5	70
163	6	50
163	7	0
163	8	50
163	9	50
163	10	20
163	11	50
163	12	40
163	13	50
163	14	20
163	15	20
163	16	50
163	17	70
163	18	50
163	19	70
163	20	70
163	21	70
163	22	50
163	23	90
163	24	70
163	25	70
163	26	70
163	27	90
163	28	50
163	29	0
163	30	70
163	31	70
163	32	70
163	33	40
163	34	50
163	35	50
163	36	50
163	37	90
163	38	50
163	39	70
163	40	50
164	1	70
164	2	60
164	3	50
164	4	70
164	5	50
164	6	80
164	7	0
164	8	50
164	9	50
164	10	40
164	11	60
164	12	70
164	13	70
164	14	50
164	15	30
164	16	50
164	17	70
164	18	60
164	19	90
164	20	70
164	21	70
164	22	50
164	23	100
164	24	70
164	25	90
164	26	50
164	27	90
164	28	50
164	29	30
164	30	50
164	31	50
164	32	50
164	33	40
164	34	70
164	35	60
164	36	60
164	37	70
164	38	80
164	39	80
164	40	70
165	1	70
165	2	70
165	3	70
165	4	50
165	5	0
165	6	50
165	7	70
165	8	70
165	9	70
165	10	50
165	11	50
165	12	60
165	13	70
165	14	70
165	15	50
165	16	50
165	17	50
165	18	50
165	19	50
165	20	70
165	21	50
165	22	70
165	23	70
165	24	70
165	25	70
165	26	20
165	27	50
165	28	20
165	29	50
165	30	70
165	31	70
165	32	50
165	33	50
165	34	70
165	35	80
165	36	70
165	37	20
165	38	70
165	39	70
165	40	70
166	1	90
166	2	60
166	3	110
166	4	70
166	5	50
166	6	60
166	7	40
166	8	50
166	9	50
166	10	40
166	11	80
166	12	10
166	13	110
166	14	30
166	15	50
166	16	50
166	17	70
166	18	80
166	19	70
166	20	90
166	21	70
166	22	90
166	23	60
166	24	50
166	25	70
166	26	90
166	27	50
166	28	70
166	29	30
166	30	70
166	31	50
166	32	70
166	33	20
166	34	50
166	35	80
166	36	60
166	37	90
166	38	60
166	39	60
166	40	70
167	1	70
167	2	80
167	3	90
167	4	70
167	5	0
167	6	60
167	7	70
167	8	50
167	9	70
167	10	70
167	11	80
167	12	60
167	13	90
167	14	80
167	15	80
167	16	70
167	17	70
167	18	80
167	19	70
167	20	70
167	21	50
167	22	90
167	23	80
167	24	70
167	25	90
167	26	40
167	27	50
167	28	20
167	29	60
167	30	70
167	31	50
167	32	70
167	33	50
167	34	50
167	35	80
167	36	60
167	37	20
167	38	60
167	39	80
167	40	70
168	1	90
168	2	70
168	3	130
168	4	70
168	5	0
168	6	50
168	7	90
168	8	50
168	9	70
168	10	90
168	11	70
168	12	100
168	13	130
168	14	90
168	15	110
168	16	50
168	17	110
168	18	70
168	19	110
168	20	90
168	21	90
168	22	90
168	23	110
168	24	70
168	25	110
168	26	80
168	27	70
168	28	20
168	29	70
168	30	90
168	31	70
168	32	70
168	33	90
168	34	70
168	35	80
168	36	50
168	37	60
168	38	70
168	39	70
168	40	90
169	1	90
169	2	70
169	3	90
169	4	50
169	5	50
169	6	50
169	7	40
169	8	50
169	9	70
169	10	20
169	11	70
169	12	30
169	13	110
169	14	40
169	15	20
169	16	50
169	17	90
169	18	70
169	19	70
169	20	70
169	21	90
169	22	70
169	23	90
169	24	70
169	25	90
169	26	90
169	27	50
169	28	70
169	29	20
169	30	50
169	31	50
169	32	50
169	33	40
169	34	70
169	35	80
169	36	50
169	37	90
169	38	70
169	39	70
169	40	90
170	1	110
170	2	70
170	3	110
170	4	70
170	5	50
170	6	50
170	7	40
170	8	50
170	9	70
170	10	60
170	11	70
170	12	40
170	13	130
170	14	60
170	15	40
170	16	50
170	17	90
170	18	70
170	19	90
170	20	110
170	21	90
170	22	90
170	23	110
170	24	90
170	25	130
170	26	110
170	27	70
170	28	70
170	29	20
170	30	70
170	31	50
170	32	70
170	33	60
170	34	70
170	35	70
170	36	50
170	37	110
170	38	70
170	39	90
170	40	90
171	1	90
171	2	70
171	3	110
171	4	70
171	5	50
171	6	50
171	7	20
171	8	50
171	9	70
171	10	40
171	11	50
171	12	60
171	13	110
171	14	60
171	15	40
171	16	50
171	17	90
171	18	50
171	19	110
171	20	90
171	21	70
171	22	90
171	23	130
171	24	90
171	25	130
171	26	110
171	27	90
171	28	70
171	29	0
171	30	90
171	31	70
171	32	70
171	33	40
171	34	70
171	35	70
171	36	50
171	37	110
171	38	70
171	39	90
171	40	90
172	1	110
172	2	60
172	3	110
172	4	50
172	5	20
172	6	60
172	7	90
172	8	50
172	9	50
172	10	90
172	11	80
172	12	100
172	13	90
172	14	100
172	15	100
172	16	50
172	17	90
172	18	80
172	19	70
172	20	90
172	21	90
172	22	70
172	23	100
172	24	70
172	25	70
172	26	40
172	27	90
172	28	20
172	29	80
172	30	70
172	31	70
172	32	70
172	33	110
172	34	50
172	35	80
172	36	60
172	37	80
172	38	60
172	39	80
172	40	70
173	1	110
173	2	70
173	3	90
173	4	50
173	5	0
173	6	50
173	7	90
173	8	50
173	9	70
173	10	90
173	11	70
173	12	90
173	13	110
173	14	110
173	15	70
173	16	50
173	17	90
173	18	70
173	19	70
173	20	90
173	21	90
173	22	70
173	23	110
173	24	90
173	25	110
173	26	40
173	27	70
173	28	20
173	29	70
173	30	50
173	31	50
173	32	50
173	33	110
173	34	70
173	35	70
173	36	50
173	37	60
173	38	70
173	39	90
173	40	90
174	1	90
174	2	60
174	3	130
174	4	80
174	5	60
174	6	60
174	7	40
174	8	50
174	9	50
174	10	50
174	11	80
174	12	50
174	13	130
174	14	50
174	15	70
174	16	60
174	17	120
174	18	80
174	19	110
174	20	100
174	21	100
174	22	100
174	23	100
174	24	50
174	25	90
174	26	120
174	27	70
174	28	70
174	29	30
174	30	100
174	31	70
174	32	80
174	33	40
174	34	80
174	35	80
174	36	60
174	37	120
174	38	80
174	39	60
174	40	100
175	1	50
175	2	50
175	3	70
175	4	50
175	5	70
175	6	50
175	7	0
175	8	50
175	9	50
175	10	0
175	11	50
175	12	30
175	13	50
175	14	0
175	15	20
175	16	50
175	17	70
175	18	50
175	19	70
175	20	50
175	21	70
175	22	50
175	23	70
175	24	50
175	25	50
175	26	70
175	27	70
175	28	50
175	29	0
175	30	70
175	31	70
175	32	70
175	33	20
175	34	50
175	35	60
175	36	50
175	37	70
175	38	50
175	39	50
175	40	50
176	1	70
176	2	70
176	3	90
176	4	70
176	5	0
176	6	50
176	7	70
176	8	50
176	9	70
176	10	70
176	11	50
176	12	80
176	13	110
176	14	90
176	15	70
176	16	50
176	17	70
176	18	50
176	19	90
176	20	70
176	21	70
176	22	90
176	23	90
176	24	70
176	25	110
176	26	40
176	27	50
176	28	20
176	29	50
176	30	70
176	31	50
176	32	70
176	33	70
176	34	70
176	35	80
176	36	50
176	37	20
176	38	70
176	39	70
176	40	90
177	1	90
177	2	80
177	3	110
177	4	70
177	5	0
177	6	60
177	7	70
177	8	70
177	9	70
177	10	90
177	11	60
177	12	100
177	13	90
177	14	100
177	15	100
177	16	50
177	17	70
177	18	60
177	19	90
177	20	110
177	21	50
177	22	90
177	23	120
177	24	90
177	25	110
177	26	60
177	27	90
177	28	20
177	29	60
177	30	110
177	31	90
177	32	70
177	33	70
177	34	70
177	35	80
177	36	80
177	37	60
177	38	80
177	39	100
177	40	70
178	1	90
178	2	70
178	3	90
178	4	70
178	5	50
178	6	50
178	7	20
178	8	70
178	9	70
178	10	40
178	11	50
178	12	30
178	13	90
178	14	40
178	15	20
178	16	50
178	17	50
178	18	50
178	19	70
178	20	110
178	21	50
178	22	90
178	23	90
178	24	90
178	25	110
178	26	90
178	27	70
178	28	70
178	29	0
178	30	90
178	31	70
178	32	70
178	33	20
178	34	70
178	35	80
178	36	70
178	37	90
178	38	70
178	39	90
178	40	70
179	1	110
179	2	80
179	3	110
179	4	60
179	5	60
179	6	60
179	7	40
179	8	50
179	9	70
179	10	50
179	11	100
179	12	50
179	13	90
179	14	50
179	15	50
179	16	80
179	17	120
179	18	100
179	19	70
179	20	100
179	21	80
179	22	80
179	23	120
179	24	90
179	25	90
179	26	120
179	27	90
179	28	70
179	29	30
179	30	80
179	31	70
179	32	60
179	33	40
179	34	60
179	35	80
179	36	60
179	37	140
179	38	60
179	39	100
179	40	80
180	1	70
180	2	80
180	3	90
180	4	80
180	5	10
180	6	60
180	7	70
180	8	50
180	9	70
180	10	80
180	11	60
180	12	80
180	13	110
180	14	100
180	15	80
180	16	60
180	17	80
180	18	60
180	19	90
180	20	80
180	21	80
180	22	100
180	23	100
180	24	70
180	25	110
180	26	50
180	27	50
180	28	20
180	29	60
180	30	80
180	31	50
180	32	80
180	33	70
180	34	80
180	35	80
180	36	60
180	37	30
180	38	80
180	39	80
180	40	100
181	1	90
181	2	70
181	3	90
181	4	50
181	5	50
181	6	50
181	7	40
181	8	50
181	9	70
181	10	20
181	11	70
181	12	0
181	13	90
181	14	20
181	15	20
181	16	50
181	17	70
181	18	70
181	19	50
181	20	70
181	21	70
181	22	70
181	23	70
181	24	70
181	25	70
181	26	90
181	27	50
181	28	70
181	29	20
181	30	50
181	31	50
181	32	50
181	33	20
181	34	50
181	35	70
181	36	50
181	37	90
181	38	50
181	39	70
181	40	70
182	1	70
182	2	60
182	3	90
182	4	50
182	5	70
182	6	60
182	7	20
182	8	50
182	9	50
182	10	20
182	11	80
182	12	50
182	13	90
182	14	30
182	15	50
182	16	50
182	17	110
182	18	80
182	19	90
182	20	70
182	21	110
182	22	50
182	23	100
182	24	50
182	25	70
182	26	90
182	27	70
182	28	50
182	29	30
182	30	70
182	31	70
182	32	70
182	33	60
182	34	70
182	35	60
182	36	60
182	37	90
182	38	80
182	39	60
182	40	70
183	1	70
183	2	50
183	3	110
183	4	70
183	5	20
183	6	50
183	7	70
183	8	50
183	9	50
183	10	90
183	11	70
183	12	100
183	13	110
183	14	70
183	15	110
183	16	50
183	17	110
183	18	70
183	19	110
183	20	90
183	21	110
183	22	70
183	23	90
183	24	50
183	25	90
183	26	60
183	27	70
183	28	0
183	29	70
183	30	90
183	31	70
183	32	90
183	33	110
183	34	70
183	35	60
183	36	50
183	37	40
183	38	70
183	39	50
183	40	70
184	1	70
184	2	50
184	3	90
184	4	70
184	5	0
184	6	70
184	7	70
184	8	50
184	9	50
184	10	90
184	11	70
184	12	90
184	13	70
184	14	50
184	15	110
184	16	50
184	17	90
184	18	70
184	19	90
184	20	70
184	21	70
184	22	50
184	23	70
184	24	50
184	25	50
184	26	40
184	27	90
184	28	0
184	29	90
184	30	70
184	31	70
184	32	50
184	33	70
184	34	50
184	35	50
184	36	50
184	37	40
184	38	50
184	39	50
184	40	50
185	1	50
185	2	60
185	3	90
185	4	90
185	5	50
185	6	80
185	7	0
185	8	50
185	9	50
185	10	40
185	11	60
185	12	50
185	13	70
185	14	10
185	15	70
185	16	50
185	17	70
185	18	60
185	19	110
185	20	70
185	21	50
185	22	70
185	23	80
185	24	50
185	25	70
185	26	90
185	27	90
185	28	50
185	29	30
185	30	90
185	31	70
185	32	70
185	33	0
185	34	50
185	35	60
185	36	60
185	37	70
185	38	60
185	39	60
185	40	50
186	1	90
186	2	70
186	3	90
186	4	50
186	5	50
186	6	50
186	7	20
186	8	50
186	9	70
186	10	20
186	11	50
186	12	70
186	13	90
186	14	60
186	15	20
186	16	50
186	17	90
186	18	50
186	19	90
186	20	70
186	21	70
186	22	70
186	23	130
186	24	90
186	25	110
186	26	90
186	27	90
186	28	70
186	29	0
186	30	70
186	31	70
186	32	50
186	33	40
186	34	70
186	35	80
186	36	50
186	37	110
186	38	70
186	39	90
186	40	90
187	1	70
187	2	60
187	3	110
187	4	90
187	5	0
187	6	80
187	7	70
187	8	50
187	9	50
187	10	110
187	11	80
187	12	120
187	13	110
187	14	80
187	15	140
187	16	50
187	17	110
187	18	80
187	19	130
187	20	90
187	21	90
187	22	70
187	23	100
187	24	50
187	25	90
187	26	60
187	27	90
187	28	0
187	29	100
187	30	90
187	31	70
187	32	70
187	33	90
187	34	70
187	35	60
187	36	60
187	37	40
187	38	80
187	39	60
187	40	70
188	1	90
188	2	80
188	3	110
188	4	70
188	5	0
188	6	60
188	7	90
188	8	50
188	9	70
188	10	90
188	11	80
188	12	80
188	13	130
188	14	100
188	15	100
188	16	50
188	17	90
188	18	80
188	19	90
188	20	90
188	21	90
188	22	90
188	23	100
188	24	70
188	25	110
188	26	60
188	27	50
188	28	20
188	29	80
188	30	70
188	31	50
188	32	70
188	33	90
188	34	70
188	35	80
188	36	60
188	37	40
188	38	80
188	39	80
188	40	90
189	1	110
189	2	70
189	3	130
189	4	70
189	5	0
189	6	50
189	7	90
189	8	50
189	9	70
189	10	110
189	11	70
189	12	100
189	13	110
189	14	90
189	15	110
189	16	50
189	17	90
189	18	70
189	19	90
189	20	110
189	21	70
189	22	90
189	23	110
189	24	90
189	25	110
189	26	80
189	27	90
189	28	20
189	29	70
189	30	90
189	31	70
189	32	70
189	33	90
189	34	50
189	35	80
189	36	50
189	37	80
189	38	50
189	39	90
189	40	70
190	1	90
190	2	70
190	3	90
190	4	50
190	5	0
190	6	50
190	7	70
190	8	50
190	9	70
190	10	70
190	11	50
190	12	120
190	13	90
190	14	110
190	15	70
190	16	50
190	17	90
190	18	50
190	19	90
190	20	70
190	21	70
190	22	70
190	23	130
190	24	90
190	25	110
190	26	40
190	27	90
190	28	20
190	29	50
190	30	70
190	31	70
190	32	50
190	33	90
190	34	70
190	35	80
190	36	50
190	37	60
190	38	70
190	39	90
190	40	90
191	1	70
191	2	60
191	3	70
191	4	80
191	5	30
191	6	60
191	7	50
191	8	50
191	9	50
191	10	100
191	11	60
191	12	100
191	13	90
191	14	100
191	15	80
191	16	60
191	17	80
191	18	60
191	19	90
191	20	100
191	21	100
191	22	80
191	23	100
191	24	70
191	25	110
191	26	30
191	27	70
191	28	0
191	29	60
191	30	80
191	31	50
191	32	100
191	33	110
191	34	80
191	35	60
191	36	60
191	37	30
191	38	80
191	39	80
191	40	80
192	1	110
192	2	70
192	3	110
192	4	70
192	5	50
192	6	50
192	7	40
192	8	50
192	9	70
192	10	60
192	11	70
192	12	20
192	13	110
192	14	40
192	15	40
192	16	50
192	17	70
192	18	70
192	19	70
192	20	110
192	21	70
192	22	90
192	23	90
192	24	90
192	25	110
192	26	110
192	27	70
192	28	70
192	29	20
192	30	70
192	31	50
192	32	70
192	33	40
192	34	50
192	35	70
192	36	50
192	37	110
192	38	50
192	39	90
192	40	70
193	1	70
193	2	60
193	3	70
193	4	90
193	5	0
193	6	80
193	7	50
193	8	50
193	9	50
193	10	110
193	11	60
193	12	100
193	13	70
193	14	80
193	15	100
193	16	50
193	17	50
193	18	60
193	19	90
193	20	90
193	21	50
193	22	70
193	23	80
193	24	70
193	25	90
193	26	20
193	27	90
193	28	0
193	29	80
193	30	70
193	31	50
193	32	70
193	33	70
193	34	50
193	35	60
193	36	60
193	37	20
193	38	60
193	39	80
193	40	50
194	1	70
194	2	70
194	3	70
194	4	50
194	5	50
194	6	50
194	7	20
194	8	50
194	9	70
194	10	0
194	11	70
194	12	20
194	13	90
194	14	40
194	15	0
194	16	70
194	17	90
194	18	70
194	19	70
194	20	50
194	21	70
194	22	70
194	23	90
194	24	70
194	25	90
194	26	70
194	27	50
194	28	70
194	29	0
194	30	50
194	31	50
194	32	50
194	33	20
194	34	70
194	35	70
194	36	50
194	37	70
194	38	70
194	39	70
194	40	90
195	1	70
195	2	60
195	3	70
195	4	80
195	5	10
195	6	80
195	7	70
195	8	50
195	9	50
195	10	100
195	11	80
195	12	100
195	13	90
195	14	80
195	15	100
195	16	60
195	17	100
195	18	80
195	19	90
195	20	80
195	21	100
195	22	60
195	23	80
195	24	50
195	25	70
195	26	30
195	27	70
195	28	0
195	29	100
195	30	60
195	31	50
195	32	60
195	33	90
195	34	80
195	35	60
195	36	60
195	37	30
195	38	80
195	39	60
195	40	80
196	1	90
196	2	50
196	3	90
196	4	50
196	5	50
196	6	50
196	7	20
196	8	50
196	9	50
196	10	20
196	11	50
196	12	60
196	13	90
196	14	60
196	15	20
196	16	50
196	17	90
196	18	50
196	19	90
196	20	70
196	21	70
196	22	70
196	23	110
196	24	70
196	25	90
196	26	70
196	27	90
196	28	70
196	29	0
196	30	70
196	31	70
196	32	50
196	33	40
196	34	70
196	35	70
196	36	50
196	37	110
196	38	70
196	39	70
196	40	90
197	1	70
197	2	70
197	3	110
197	4	70
197	5	50
197	6	50
197	7	20
197	8	50
197	9	70
197	10	20
197	11	50
197	12	50
197	13	110
197	14	40
197	15	40
197	16	50
197	17	90
197	18	50
197	19	110
197	20	70
197	21	70
197	22	90
197	23	110
197	24	70
197	25	110
197	26	110
197	27	70
197	28	70
197	29	0
197	30	90
197	31	70
197	32	70
197	33	20
197	34	70
197	35	80
197	36	50
197	37	90
197	38	70
197	39	70
197	40	90
198	1	50
198	2	60
198	3	50
198	4	50
198	5	70
198	6	60
198	7	0
198	8	50
198	9	50
198	10	0
198	11	60
198	12	10
198	13	50
198	14	10
198	15	10
198	16	50
198	17	50
198	18	60
198	19	50
198	20	50
198	21	70
198	22	50
198	23	60
198	24	50
198	25	50
198	26	50
198	27	50
198	28	50
198	29	10
198	30	50
198	31	50
198	32	70
198	33	20
198	34	50
198	35	60
198	36	60
198	37	50
198	38	60
198	39	60
198	40	50
199	1	70
199	2	70
199	3	70
199	4	50
199	5	0
199	6	50
199	7	70
199	8	50
199	9	70
199	10	50
199	11	50
199	12	60
199	13	70
199	14	70
199	15	50
199	16	50
199	17	50
199	18	50
199	19	50
199	20	50
199	21	50
199	22	70
199	23	70
199	24	70
199	25	70
199	26	20
199	27	50
199	28	20
199	29	50
199	30	50
199	31	50
199	32	50
199	33	50
199	34	50
199	35	80
199	36	50
199	37	20
199	38	50
199	39	70
199	40	70
200	1	70
200	2	60
200	3	110
200	4	70
200	5	20
200	6	60
200	7	70
200	8	50
200	9	50
200	10	90
200	11	80
200	12	100
200	13	110
200	14	80
200	15	120
200	16	50
200	17	110
200	18	80
200	19	110
200	20	90
200	21	110
200	22	70
200	23	100
200	24	50
200	25	90
200	26	60
200	27	70
200	28	0
200	29	80
200	30	90
200	31	70
200	32	90
200	33	110
200	34	70
200	35	60
200	36	60
200	37	40
200	38	80
200	39	60
200	40	70
201	1	90
201	2	70
201	3	70
201	4	50
201	5	50
201	6	50
201	7	20
201	8	50
201	9	70
201	10	20
201	11	50
201	12	40
201	13	90
201	14	60
201	15	0
201	16	50
201	17	70
201	18	50
201	19	70
201	20	70
201	21	70
201	22	70
201	23	110
201	24	90
201	25	110
201	26	70
201	27	70
201	28	70
201	29	0
201	30	50
201	31	50
201	32	50
201	33	40
201	34	70
201	35	70
201	36	50
201	37	90
201	38	70
201	39	90
201	40	90
202	1	70
202	2	50
202	3	70
202	4	50
202	5	20
202	6	50
202	7	70
202	8	50
202	9	50
202	10	70
202	11	70
202	12	50
202	13	70
202	14	50
202	15	70
202	16	50
202	17	70
202	18	70
202	19	50
202	20	70
202	21	90
202	22	50
202	23	50
202	24	50
202	25	50
202	26	20
202	27	50
202	28	0
202	29	70
202	30	50
202	31	50
202	32	70
202	33	90
202	34	50
202	35	50
202	36	50
202	37	20
202	38	50
202	39	50
202	40	50
203	1	50
203	2	50
203	3	70
203	4	50
203	5	70
203	6	50
203	7	0
203	8	50
203	9	50
203	10	0
203	11	50
203	12	30
203	13	50
203	14	0
203	15	20
203	16	50
203	17	70
203	18	50
203	19	70
203	20	50
203	21	70
203	22	50
203	23	70
203	24	50
203	25	50
203	26	70
203	27	70
203	28	50
203	29	0
203	30	70
203	31	70
203	32	70
203	33	20
203	34	50
203	35	60
203	36	50
203	37	70
203	38	50
203	39	50
203	40	50
204	1	90
204	2	60
204	3	110
204	4	80
204	5	80
204	6	60
204	7	20
204	8	50
204	9	50
204	10	50
204	11	60
204	12	50
204	13	90
204	14	50
204	15	50
204	16	60
204	17	80
204	18	60
204	19	90
204	20	100
204	21	80
204	22	100
204	23	100
204	24	70
204	25	90
204	26	100
204	27	90
204	28	70
204	29	10
204	30	100
204	31	70
204	32	100
204	33	40
204	34	60
204	35	80
204	36	60
204	37	120
204	38	60
204	39	80
204	40	80
205	1	110
205	2	60
205	3	110
205	4	80
205	5	80
205	6	60
205	7	40
205	8	50
205	9	50
205	10	70
205	11	80
205	12	30
205	13	110
205	14	50
205	15	50
205	16	60
205	17	80
205	18	80
205	19	70
205	20	120
205	21	100
205	22	100
205	23	80
205	24	70
205	25	90
205	26	100
205	27	70
205	28	70
205	29	30
205	30	80
205	31	50
205	32	100
205	33	60
205	34	60
205	35	80
205	36	60
205	37	120
205	38	60
205	39	80
205	40	80
206	1	70
206	2	50
206	3	110
206	4	70
206	5	20
206	6	50
206	7	70
206	8	50
206	9	50
206	10	90
206	11	70
206	12	70
206	13	90
206	14	50
206	15	110
206	16	50
206	17	90
206	18	70
206	19	90
206	20	90
206	21	90
206	22	70
206	23	70
206	24	50
206	25	70
206	26	60
206	27	70
206	28	0
206	29	70
206	30	90
206	31	70
206	32	90
206	33	90
206	34	50
206	35	50
206	36	50
206	37	40
206	38	50
206	39	50
206	40	50
207	1	90
207	2	80
207	3	130
207	4	70
207	5	0
207	6	60
207	7	90
207	8	50
207	9	70
207	10	90
207	11	80
207	12	100
207	13	130
207	14	100
207	15	120
207	16	50
207	17	110
207	18	80
207	19	110
207	20	90
207	21	90
207	22	90
207	23	120
207	24	70
207	25	110
207	26	80
207	27	70
207	28	20
207	29	80
207	30	90
207	31	70
207	32	70
207	33	90
207	34	70
207	35	80
207	36	60
207	37	60
207	38	80
207	39	80
207	40	90
208	1	110
208	2	70
208	3	130
208	4	70
208	5	50
208	6	50
208	7	40
208	8	50
208	9	70
208	10	60
208	11	70
208	12	50
208	13	110
208	14	40
208	15	60
208	16	50
208	17	90
208	18	70
208	19	90
208	20	110
208	21	70
208	22	90
208	23	110
208	24	90
208	25	110
208	26	130
208	27	90
208	28	70
208	29	20
208	30	90
208	31	70
208	32	70
208	33	40
208	34	50
208	35	80
208	36	50
208	37	130
208	38	50
208	39	90
208	40	70
209	1	110
209	2	80
209	3	110
209	4	80
209	5	10
209	6	60
209	7	90
209	8	70
209	9	70
209	10	120
209	11	80
209	12	80
209	13	110
209	14	100
209	15	100
209	16	60
209	17	80
209	18	80
209	19	70
209	20	140
209	21	80
209	22	100
209	23	100
209	24	90
209	25	110
209	26	70
209	27	70
209	28	20
209	29	80
209	30	100
209	31	70
209	32	80
209	33	90
209	34	80
209	35	80
209	36	80
209	37	70
209	38	80
209	39	100
209	40	80
210	1	70
210	2	50
210	3	90
210	4	90
210	5	50
210	6	70
210	7	0
210	8	50
210	9	50
210	10	60
210	11	50
210	12	90
210	13	90
210	14	40
210	15	60
210	16	50
210	17	90
210	18	50
210	19	130
210	20	90
210	21	70
210	22	70
210	23	110
210	24	70
210	25	110
210	26	90
210	27	110
210	28	50
210	29	20
210	30	90
210	31	70
210	32	70
210	33	40
210	34	70
210	35	60
210	36	50
210	37	90
210	38	70
210	39	70
210	40	70
211	1	90
211	2	60
211	3	90
211	4	80
211	5	60
211	6	60
211	7	20
211	8	50
211	9	50
211	10	50
211	11	60
211	12	50
211	13	110
211	14	70
211	15	30
211	16	60
211	17	80
211	18	60
211	19	90
211	20	100
211	21	80
211	22	100
211	23	100
211	24	70
211	25	110
211	26	80
211	27	70
211	28	70
211	29	10
211	30	80
211	31	50
211	32	80
211	33	40
211	34	80
211	35	80
211	36	60
211	37	100
211	38	80
211	39	80
211	40	100
212	1	70
212	2	70
212	3	70
212	4	50
212	5	0
212	6	50
212	7	70
212	8	50
212	9	70
212	10	50
212	11	50
212	12	50
212	13	70
212	14	70
212	15	50
212	16	50
212	17	50
212	18	50
212	19	50
212	20	50
212	21	50
212	22	70
212	23	70
212	24	70
212	25	70
212	26	20
212	27	50
212	28	20
212	29	50
212	30	50
212	31	50
212	32	50
212	33	50
212	34	50
212	35	70
212	36	50
212	37	20
212	38	50
212	39	70
212	40	70
213	1	70
213	2	50
213	3	90
213	4	70
213	5	50
213	6	70
213	7	20
213	8	50
213	9	50
213	10	40
213	11	70
213	12	50
213	13	70
213	14	0
213	15	60
213	16	50
213	17	90
213	18	70
213	19	90
213	20	70
213	21	70
213	22	50
213	23	70
213	24	50
213	25	50
213	26	90
213	27	90
213	28	50
213	29	40
213	30	70
213	31	70
213	32	50
213	33	20
213	34	50
213	35	60
213	36	50
213	37	90
213	38	50
213	39	50
213	40	50
214	1	90
214	2	80
214	3	110
214	4	70
214	5	50
214	6	60
214	7	20
214	8	50
214	9	70
214	10	40
214	11	60
214	12	70
214	13	110
214	14	70
214	15	50
214	16	50
214	17	90
214	18	60
214	19	110
214	20	90
214	21	70
214	22	90
214	23	140
214	24	90
214	25	130
214	26	110
214	27	90
214	28	70
214	29	10
214	30	90
214	31	70
214	32	70
214	33	40
214	34	70
214	35	80
214	36	60
214	37	110
214	38	80
214	39	100
214	40	90
215	1	50
215	2	50
215	3	90
215	4	70
215	5	70
215	6	50
215	7	0
215	8	50
215	9	50
215	10	20
215	11	50
215	12	20
215	13	70
215	14	0
215	15	40
215	16	50
215	17	70
215	18	50
215	19	90
215	20	70
215	21	70
215	22	70
215	23	70
215	24	50
215	25	70
215	26	90
215	27	70
215	28	50
215	29	0
215	30	90
215	31	70
215	32	90
215	33	20
215	34	50
215	35	50
215	36	50
215	37	70
215	38	50
215	39	50
215	40	50
216	1	70
216	2	70
216	3	90
216	4	50
216	5	0
216	6	50
216	7	70
216	8	50
216	9	70
216	10	50
216	11	50
216	12	90
216	13	90
216	14	90
216	15	70
216	16	50
216	17	90
216	18	50
216	19	90
216	20	50
216	21	70
216	22	70
216	23	110
216	24	70
216	25	90
216	26	40
216	27	70
216	28	20
216	29	50
216	30	70
216	31	70
216	32	50
216	33	70
216	34	70
216	35	70
216	36	50
216	37	40
216	38	70
216	39	70
216	40	90
217	1	70
217	2	50
217	3	110
217	4	90
217	5	50
217	6	70
217	7	20
217	8	50
217	9	50
217	10	60
217	11	70
217	12	70
217	13	110
217	14	20
217	15	80
217	16	50
217	17	110
217	18	70
217	19	130
217	20	90
217	21	90
217	22	70
217	23	90
217	24	50
217	25	90
217	26	110
217	27	90
217	28	50
217	29	40
217	30	90
217	31	70
217	32	70
217	33	40
217	34	70
217	35	60
217	36	50
217	37	90
217	38	70
217	39	50
217	40	70
218	1	50
218	2	50
218	3	90
218	4	70
218	5	70
218	6	50
218	7	0
218	8	50
218	9	50
218	10	20
218	11	50
218	12	30
218	13	70
218	14	0
218	15	40
218	16	50
218	17	70
218	18	50
218	19	90
218	20	70
218	21	70
218	22	70
218	23	70
218	24	50
218	25	70
218	26	90
218	27	70
218	28	50
218	29	0
218	30	90
218	31	70
218	32	90
218	33	20
218	34	50
218	35	60
218	36	50
218	37	70
218	38	50
218	39	50
218	40	50
219	1	90
219	2	80
219	3	130
219	4	70
219	5	0
219	6	60
219	7	90
219	8	50
219	9	70
219	10	90
219	11	100
219	12	80
219	13	110
219	14	80
219	15	120
219	16	70
219	17	110
219	18	100
219	19	90
219	20	90
219	21	70
219	22	90
219	23	100
219	24	70
219	25	90
219	26	80
219	27	70
219	28	20
219	29	80
219	30	90
219	31	70
219	32	70
219	33	70
219	34	50
219	35	80
219	36	60
219	37	60
219	38	60
219	39	80
219	40	70
220	1	70
220	2	70
220	3	70
220	4	50
220	5	0
220	6	50
220	7	70
220	8	50
220	9	70
220	10	50
220	11	50
220	12	50
220	13	70
220	14	70
220	15	50
220	16	50
220	17	50
220	18	50
220	19	50
220	20	50
220	21	50
220	22	70
220	23	70
220	24	70
220	25	70
220	26	20
220	27	50
220	28	20
220	29	50
220	30	50
220	31	50
220	32	50
220	33	50
220	34	50
220	35	70
220	36	50
220	37	20
220	38	50
220	39	70
220	40	70
221	1	90
221	2	50
221	3	110
221	4	70
221	5	20
221	6	50
221	7	70
221	8	50
221	9	50
221	10	90
221	11	50
221	12	110
221	13	110
221	14	110
221	15	90
221	16	50
221	17	90
221	18	50
221	19	110
221	20	90
221	21	90
221	22	90
221	23	110
221	24	70
221	25	110
221	26	40
221	27	90
221	28	20
221	29	50
221	30	90
221	31	70
221	32	90
221	33	110
221	34	70
221	35	70
221	36	50
221	37	60
221	38	70
221	39	70
221	40	90
222	1	90
222	2	80
222	3	90
222	4	80
222	5	10
222	6	60
222	7	70
222	8	50
222	9	70
222	10	100
222	11	60
222	12	100
222	13	110
222	14	120
222	15	80
222	16	60
222	17	80
222	18	60
222	19	90
222	20	100
222	21	80
222	22	100
222	23	120
222	24	90
222	25	130
222	26	50
222	27	70
222	28	20
222	29	60
222	30	80
222	31	50
222	32	80
222	33	90
222	34	80
222	35	80
222	36	60
222	37	50
222	38	80
222	39	100
222	40	100
223	1	90
223	2	80
223	3	110
223	4	50
223	5	50
223	6	60
223	7	40
223	8	70
223	9	70
223	10	20
223	11	80
223	12	30
223	13	90
223	14	30
223	15	50
223	16	50
223	17	90
223	18	80
223	19	70
223	20	90
223	21	70
223	22	70
223	23	100
223	24	70
223	25	70
223	26	110
223	27	70
223	28	70
223	29	30
223	30	90
223	31	90
223	32	50
223	33	20
223	34	70
223	35	80
223	36	80
223	37	110
223	38	80
223	39	80
223	40	70
224	1	70
224	2	70
224	3	70
224	4	50
224	5	50
224	6	50
224	7	20
224	8	50
224	9	70
224	10	0
224	11	50
224	12	0
224	13	70
224	14	20
224	15	0
224	16	50
224	17	50
224	18	50
224	19	50
224	20	50
224	21	50
224	22	70
224	23	70
224	24	70
224	25	70
224	26	70
224	27	50
224	28	70
224	29	0
224	30	50
224	31	50
224	32	50
224	33	0
224	34	50
224	35	70
224	36	50
224	37	70
224	38	50
224	39	70
224	40	70
225	1	70
225	2	60
225	3	90
225	4	70
225	5	70
225	6	60
225	7	20
225	8	50
225	9	50
225	10	20
225	11	60
225	12	10
225	13	90
225	14	30
225	15	30
225	16	50
225	17	50
225	18	60
225	19	70
225	20	70
225	21	70
225	22	90
225	23	60
225	24	50
225	25	70
225	26	70
225	27	50
225	28	70
225	29	10
225	30	70
225	31	50
225	32	90
225	33	20
225	34	50
225	35	80
225	36	60
225	37	70
225	38	60
225	39	60
225	40	70
226	1	90
226	2	60
226	3	90
226	4	70
226	5	70
226	6	60
226	7	20
226	8	50
226	9	50
226	10	40
226	11	60
226	12	30
226	13	90
226	14	50
226	15	30
226	16	50
226	17	50
226	18	60
226	19	70
226	20	90
226	21	70
226	22	90
226	23	80
226	24	70
226	25	90
226	26	70
226	27	70
226	28	70
226	29	10
226	30	70
226	31	50
226	32	90
226	33	40
226	34	50
226	35	80
226	36	60
226	37	90
226	38	60
226	39	80
226	40	70
227	1	70
227	2	80
227	3	90
227	4	60
227	5	60
227	6	60
227	7	20
227	8	50
227	9	70
227	10	10
227	11	80
227	12	50
227	13	90
227	14	50
227	15	30
227	16	80
227	17	120
227	18	80
227	19	90
227	20	60
227	21	80
227	22	80
227	23	120
227	24	70
227	25	90
227	26	100
227	27	70
227	28	70
227	29	10
227	30	80
227	31	70
227	32	60
227	33	20
227	34	80
227	35	80
227	36	60
227	37	100
227	38	80
227	39	80
227	40	100
228	1	70
228	2	60
228	3	90
228	4	60
228	5	30
228	6	60
228	7	70
228	8	50
228	9	50
228	10	80
228	11	80
228	12	80
228	13	70
228	14	60
228	15	100
228	16	60
228	17	100
228	18	80
228	19	70
228	20	80
228	21	100
228	22	60
228	23	80
228	24	50
228	25	50
228	26	50
228	27	70
228	28	0
228	29	80
228	30	80
228	31	70
228	32	80
228	33	90
228	34	60
228	35	60
228	36	60
228	37	50
228	38	60
228	39	60
228	40	60
229	1	90
229	2	80
229	3	110
229	4	50
229	5	50
229	6	60
229	7	40
229	8	50
229	9	70
229	10	20
229	11	80
229	12	30
229	13	90
229	14	30
229	15	50
229	16	50
229	17	90
229	18	80
229	19	70
229	20	70
229	21	70
229	22	70
229	23	100
229	24	70
229	25	70
229	26	110
229	27	70
229	28	70
229	29	30
229	30	70
229	31	70
229	32	50
229	33	20
229	34	50
229	35	80
229	36	60
229	37	110
229	38	60
229	39	80
229	40	70
230	1	90
230	2	80
230	3	110
230	4	70
230	5	50
230	6	60
230	7	20
230	8	70
230	9	70
230	10	40
230	11	60
230	12	70
230	13	110
230	14	70
230	15	50
230	16	50
230	17	90
230	18	60
230	19	110
230	20	110
230	21	70
230	22	90
230	23	140
230	24	90
230	25	130
230	26	110
230	27	90
230	28	70
230	29	10
230	30	110
230	31	90
230	32	70
230	33	40
230	34	90
230	35	80
230	36	80
230	37	110
230	38	100
230	39	100
230	40	90
231	1	70
231	2	50
231	3	70
231	4	50
231	5	70
231	6	50
231	7	0
231	8	50
231	9	50
231	10	20
231	11	50
231	12	60
231	13	70
231	14	40
231	15	20
231	16	50
231	17	90
231	18	50
231	19	90
231	20	70
231	21	90
231	22	50
231	23	110
231	24	70
231	25	90
231	26	70
231	27	90
231	28	50
231	29	0
231	30	70
231	31	70
231	32	70
231	33	60
231	34	70
231	35	50
231	36	50
231	37	90
231	38	70
231	39	70
231	40	70
232	1	50
232	2	50
232	3	50
232	4	50
232	5	70
232	6	50
232	7	0
232	8	50
232	9	50
232	10	0
232	11	50
232	12	0
232	13	50
232	14	0
232	15	0
232	16	50
232	17	50
232	18	50
232	19	50
232	20	50
232	21	70
232	22	50
232	23	50
232	24	50
232	25	50
232	26	50
232	27	50
232	28	50
232	29	0
232	30	50
232	31	50
232	32	70
232	33	20
232	34	50
232	35	50
232	36	50
232	37	50
232	38	50
232	39	50
232	40	50
233	1	90
233	2	70
233	3	90
233	4	50
233	5	0
233	6	50
233	7	70
233	8	50
233	9	70
233	10	70
233	11	50
233	12	120
233	13	90
233	14	110
233	15	70
233	16	50
233	17	90
233	18	50
233	19	90
233	20	70
233	21	70
233	22	70
233	23	130
233	24	90
233	25	110
233	26	40
233	27	90
233	28	20
233	29	50
233	30	70
233	31	70
233	32	50
233	33	90
233	34	70
233	35	80
233	36	50
233	37	60
233	38	70
233	39	90
233	40	90
234	1	70
234	2	60
234	3	70
234	4	60
234	5	80
234	6	60
234	7	0
234	8	50
234	9	50
234	10	30
234	11	60
234	12	50
234	13	50
234	14	30
234	15	30
234	16	60
234	17	80
234	18	60
234	19	70
234	20	80
234	21	80
234	22	60
234	23	100
234	24	70
234	25	70
234	26	80
234	27	90
234	28	50
234	29	10
234	30	80
234	31	70
234	32	80
234	33	40
234	34	60
234	35	60
234	36	60
234	37	100
234	38	60
234	39	80
234	40	60
235	1	70
235	2	70
235	3	70
235	4	50
235	5	0
235	6	50
235	7	70
235	8	50
235	9	70
235	10	50
235	11	50
235	12	50
235	13	70
235	14	70
235	15	50
235	16	50
235	17	50
235	18	50
235	19	50
235	20	50
235	21	50
235	22	70
235	23	70
235	24	70
235	25	70
235	26	20
235	27	50
235	28	20
235	29	50
235	30	50
235	31	50
235	32	50
235	33	50
235	34	50
235	35	70
235	36	50
235	37	20
235	38	50
235	39	70
235	40	70
236	1	110
236	2	70
236	3	110
236	4	70
236	5	50
236	6	50
236	7	40
236	8	70
236	9	70
236	10	60
236	11	70
236	12	20
236	13	110
236	14	40
236	15	40
236	16	50
236	17	70
236	18	70
236	19	70
236	20	130
236	21	70
236	22	90
236	23	90
236	24	90
236	25	110
236	26	110
236	27	70
236	28	70
236	29	20
236	30	90
236	31	70
236	32	70
236	33	40
236	34	70
236	35	70
236	36	70
236	37	110
236	38	70
236	39	90
236	40	70
237	1	50
237	2	60
237	3	90
237	4	100
237	5	60
237	6	80
237	7	0
237	8	50
237	9	50
237	10	50
237	11	60
237	12	50
237	13	70
237	14	10
237	15	70
237	16	60
237	17	80
237	18	60
237	19	110
237	20	80
237	21	60
237	22	80
237	23	80
237	24	50
237	25	70
237	26	100
237	27	90
237	28	50
237	29	30
237	30	100
237	31	70
237	32	80
237	33	0
237	34	60
237	35	60
237	36	60
237	37	80
237	38	60
237	39	60
237	40	60
238	1	90
238	2	80
238	3	90
238	4	80
238	5	60
238	6	60
238	7	20
238	8	50
238	9	70
238	10	50
238	11	60
238	12	50
238	13	110
238	14	70
238	15	30
238	16	60
238	17	80
238	18	60
238	19	90
238	20	100
238	21	80
238	22	100
238	23	120
238	24	90
238	25	130
238	26	100
238	27	70
238	28	70
238	29	10
238	30	80
238	31	50
238	32	80
238	33	40
238	34	80
238	35	80
238	36	60
238	37	100
238	38	80
238	39	100
238	40	100
239	1	90
239	2	80
239	3	110
239	4	70
239	5	0
239	6	60
239	7	90
239	8	50
239	9	70
239	10	90
239	11	80
239	12	60
239	13	110
239	14	80
239	15	100
239	16	50
239	17	70
239	18	80
239	19	70
239	20	90
239	21	70
239	22	90
239	23	80
239	24	70
239	25	90
239	26	60
239	27	50
239	28	20
239	29	80
239	30	70
239	31	50
239	32	70
239	33	70
239	34	50
239	35	80
239	36	60
239	37	40
239	38	60
239	39	80
239	40	70
240	1	90
240	2	50
240	3	70
240	4	50
240	5	70
240	6	50
240	7	20
240	8	50
240	9	50
240	10	40
240	11	70
240	12	40
240	13	90
240	14	40
240	15	20
240	16	50
240	17	90
240	18	70
240	19	70
240	20	90
240	21	110
240	22	50
240	23	90
240	24	70
240	25	90
240	26	70
240	27	70
240	28	50
240	29	20
240	30	50
240	31	50
240	32	70
240	33	80
240	34	70
240	35	50
240	36	50
240	37	90
240	38	70
240	39	70
240	40	70
241	1	70
241	2	60
241	3	110
241	4	90
241	5	50
241	6	80
241	7	20
241	8	50
241	9	50
241	10	60
241	11	80
241	12	70
241	13	110
241	14	30
241	15	90
241	16	50
241	17	110
241	18	80
241	19	130
241	20	90
241	21	90
241	22	70
241	23	100
241	24	50
241	25	90
241	26	110
241	27	90
241	28	50
241	29	50
241	30	90
241	31	70
241	32	70
241	33	40
241	34	70
241	35	60
241	36	60
241	37	90
241	38	80
241	39	60
241	40	70
242	1	110
242	2	50
242	3	130
242	4	70
242	5	0
242	6	50
242	7	90
242	8	50
242	9	50
242	10	110
242	11	70
242	12	90
242	13	110
242	14	90
242	15	110
242	16	50
242	17	90
242	18	70
242	19	90
242	20	110
242	21	70
242	22	90
242	23	90
242	24	70
242	25	90
242	26	60
242	27	90
242	28	20
242	29	70
242	30	90
242	31	70
242	32	70
242	33	90
242	34	50
242	35	70
242	36	50
242	37	80
242	38	50
242	39	70
242	40	70
243	1	70
243	2	60
243	3	90
243	4	60
243	5	30
243	6	60
243	7	70
243	8	50
243	9	50
243	10	80
243	11	80
243	12	100
243	13	90
243	14	80
243	15	100
243	16	60
243	17	120
243	18	80
243	19	90
243	20	80
243	21	120
243	22	60
243	23	100
243	24	50
243	25	70
243	26	50
243	27	70
243	28	0
243	29	80
243	30	80
243	31	70
243	32	80
243	33	110
243	34	80
243	35	60
243	36	60
243	37	50
243	38	80
243	39	60
243	40	80
244	1	90
244	2	50
244	3	90
244	4	70
244	5	70
244	6	50
244	7	20
244	8	50
244	9	50
244	10	60
244	11	70
244	12	30
244	13	90
244	14	20
244	15	40
244	16	50
244	17	70
244	18	70
244	19	70
244	20	110
244	21	90
244	22	70
244	23	70
244	24	70
244	25	90
244	26	90
244	27	70
244	28	50
244	29	20
244	30	70
244	31	50
244	32	90
244	33	60
244	34	50
244	35	60
244	36	50
244	37	90
244	38	50
244	39	70
244	40	50
245	1	90
245	2	80
245	3	70
245	4	60
245	5	10
245	6	60
245	7	70
245	8	70
245	9	70
245	10	80
245	11	60
245	12	80
245	13	70
245	14	100
245	15	60
245	16	60
245	17	60
245	18	60
245	19	50
245	20	100
245	21	60
245	22	80
245	23	100
245	24	90
245	25	90
245	26	30
245	27	70
245	28	20
245	29	60
245	30	80
245	31	70
245	32	60
245	33	70
245	34	80
245	35	80
245	36	80
245	37	50
245	38	80
245	39	100
245	40	80
246	1	70
246	2	60
246	3	70
246	4	50
246	5	20
246	6	60
246	7	50
246	8	50
246	9	50
246	10	70
246	11	60
246	12	100
246	13	50
246	14	80
246	15	80
246	16	50
246	17	70
246	18	60
246	19	70
246	20	70
246	21	70
246	22	50
246	23	100
246	24	70
246	25	70
246	26	20
246	27	90
246	28	0
246	29	60
246	30	70
246	31	70
246	32	70
246	33	90
246	34	50
246	35	60
246	36	60
246	37	40
246	38	60
246	39	80
246	40	50
247	1	90
247	2	80
247	3	110
247	4	60
247	5	60
247	6	60
247	7	40
247	8	50
247	9	70
247	10	30
247	11	100
247	12	50
247	13	110
247	14	50
247	15	50
247	16	80
247	17	140
247	18	100
247	19	90
247	20	80
247	21	100
247	22	80
247	23	120
247	24	70
247	25	90
247	26	120
247	27	70
247	28	70
247	29	30
247	30	80
247	31	70
247	32	60
247	33	40
247	34	80
247	35	80
247	36	60
247	37	120
247	38	80
247	39	80
247	40	100
248	1	90
248	2	80
248	3	110
248	4	80
248	5	10
248	6	60
248	7	90
248	8	50
248	9	70
248	10	100
248	11	100
248	12	80
248	13	130
248	14	100
248	15	100
248	16	80
248	17	120
248	18	100
248	19	90
248	20	100
248	21	100
248	22	100
248	23	100
248	24	70
248	25	110
248	26	70
248	27	50
248	28	20
248	29	80
248	30	80
248	31	50
248	32	80
248	33	90
248	34	80
248	35	80
248	36	60
248	37	50
248	38	80
248	39	80
248	40	100
249	1	70
249	2	60
249	3	90
249	4	80
249	5	60
249	6	60
249	7	20
249	8	50
249	9	50
249	10	30
249	11	60
249	12	10
249	13	90
249	14	30
249	15	30
249	16	60
249	17	60
249	18	60
249	19	70
249	20	80
249	21	60
249	22	100
249	23	60
249	24	50
249	25	70
249	26	80
249	27	50
249	28	70
249	29	10
249	30	80
249	31	50
249	32	80
249	33	0
249	34	60
249	35	80
249	36	60
249	37	80
249	38	60
249	39	60
249	40	80
250	1	70
250	2	70
250	3	90
250	4	70
250	5	50
250	6	50
250	7	20
250	8	50
250	9	70
250	10	20
250	11	70
250	12	20
250	13	110
250	14	40
250	15	20
250	16	70
250	17	90
250	18	70
250	19	90
250	20	70
250	21	70
250	22	90
250	23	90
250	24	70
250	25	110
250	26	90
250	27	50
250	28	70
250	29	0
250	30	70
250	31	50
250	32	70
250	33	20
250	34	70
250	35	70
250	36	50
250	37	70
250	38	70
250	39	70
250	40	90
