p	d	Pr(p,d)
1	1	1.00
1	2	0.64
2	1	1.00
2	2	1.00
2	3	0.50
3	1	1.00
3	2	1.00
3	3	0.12
4	1	1.00
4	2	1.00
4	3	0.68
5	1	1.00
5	2	0.69
6	1	1.00
6	2	1.00
6	3	1.00
6	4	1.00
6	5	0.64
7	1	1.00
7	2	1.00
7	3	1.00
7	4	1.00
7	5	0.36
8	1	1.00
8	2	1.00
8	3	0.97
9	1	1.00
9	2	1.00
9	3	1.00
9	4	1.00
9	5	1.00
9	6	0.90
10	1	1.00
10	2	0.15
11	1	1.00
11	2	1.00
11	3	1.00
11	4	0.45
12	1	1.00
12	2	0.65
13	1	1.00
13	2	1.00
13	3	1.00
13	4	0.29
14	1	1.00
14	2	1.00
14	3	0.50
15	1	1.00
15	2	0.07
16	1	1.00
16	2	1.00
16	3	0.91
17	1	1.00
17	2	0.53
18	1	1.00
18	2	1.00
18	3	1.00
18	4	1.00
18	5	1.00
18	6	1.00
18	7	1.00
18	8	0.88
19	1	1.00
19	2	1.00
19	3	1.00
19	4	0.43
20	1	1.00
20	2	1.00
20	3	1.00
20	4	1.00
20	5	1.00
20	6	1.00
20	7	0.88
21	1	1.00
21	2	1.00
21	3	1.00
21	4	1.00
21	5	1.00
21	6	0.26
22	1	1.00
22	2	1.00
22	3	1.00
22	4	0.45
23	1	1.00
23	2	1.00
23	3	0.80
24	1	1.00
24	2	1.00
24	3	0.93
25	1	1.00
25	2	1.00
25	3	1.00
25	4	1.00
25	5	1.00
25	6	0.26
26	1	1.00
26	2	1.00
26	3	0.07
27	1	1.00
27	2	1.00
27	3	1.00
27	4	1.00
27	5	1.00
27	6	0.22
28	1	1.00
28	2	1.00
28	3	1.00
28	4	1.00
28	5	1.00
28	6	0.24
29	1	1.00
29	2	1.00
29	3	1.00
29	4	0.87
30	1	1.00
30	2	1.00
30	3	0.20
31	1	1.00
31	2	0.45
32	1	1.00
32	2	1.00
32	3	0.20
33	1	1.00
33	2	1.00
34	1	1.00
34	2	1.00
34	3	0.86
35	1	1.00
35	2	1.00
35	3	1.00
35	4	1.00
35	5	1.00
35	6	1.00
35	7	1.00
35	8	1.00
35	9	1.00
35	10	0.21
36	1	1.00
36	2	0.10
37	1	1.00
37	2	0.65
38	1	1.00
38	2	1.00
38	3	0.31
39	1	1.00
39	2	1.00
39	3	1.00
39	4	1.00
39	5	1.00
39	6	0.05
40	1	1.00
40	2	1.00
40	3	1.00
40	4	1.00
40	5	1.00
40	6	1.00
40	7	0.58
41	1	1.00
41	2	1.00
41	3	1.00
41	4	1.00
41	5	0.20
42	1	1.00
42	2	1.00
42	3	1.00
42	4	1.00
42	5	1.00
42	6	1.00
42	7	0.96
43	1	1.00
43	2	1.00
43	3	0.19
44	1	1.00
44	2	1.00
44	3	1.00
44	4	1.00
44	5	1.00
44	6	1.00
44	7	1.00
44	8	0.98
45	1	1.00
45	2	1.00
45	3	1.00
45	4	1.00
45	5	1.00
45	6	1.00
45	7	0.03
46	1	1.00
46	2	1.00
46	3	1.00
46	4	0.21
47	1	1.00
47	2	1.00
47	3	1.00
47	4	1.00
47	5	1.00
47	6	1.00
48	1	1.00
48	2	1.00
48	3	0.04
49	1	1.00
49	2	1.00
49	3	1.00
49	4	1.00
49	5	1.00
49	6	1.00
49	7	1.00
49	8	0.66
50	1	1.00
50	2	1.00
50	3	0.62
51	1	1.00
51	2	1.00
51	3	1.00
51	4	1.00
51	5	1.00
51	6	1.00
51	7	1.00
51	8	1.00
51	9	1.00
51	10	0.21
52	1	1.00
52	2	1.00
52	3	1.00
52	4	0.11
53	1	1.00
53	2	1.00
53	3	1.00
53	4	0.70
54	1	1.00
54	2	1.00
54	3	1.00
54	4	1.00
54	5	0.63
55	1	1.00
55	2	1.00
55	3	1.00
55	4	1.00
55	5	0.31
56	1	1.00
56	2	1.00
56	3	0.42
57	1	1.00
57	2	1.00
57	3	0.60
58	1	1.00
58	2	0.01
59	1	1.00
59	2	1.00
59	3	1.00
59	4	0.93
60	1	1.00
60	2	1.00
60	3	1.00
60	4	1.00
60	5	1.00
60	6	1.00
60	7	0.31
61	1	1.00
61	2	1.00
61	3	1.00
61	4	1.00
61	5	1.00
61	6	1.00
61	7	1.00
61	8	0.99
62	1	1.00
62	2	1.00
62	3	1.00
62	4	1.00
62	5	1.00
62	6	1.00
62	7	0.67
63	1	1.00
63	2	1.00
63	3	1.00
63	4	1.00
63	5	1.00
63	6	1.00
63	7	1.00
63	8	1.00
63	9	1.00
63	10	1.00
63	11	0.23
64	1	1.00
64	2	1.00
64	3	1.00
64	4	1.00
64	5	0.36
65	1	1.00
65	2	0.63
66	1	1.00
66	2	1.00
66	3	1.00
66	4	1.00
66	5	1.00
66	6	0.85
67	1	1.00
67	2	1.00
67	3	1.00
67	4	1.00
67	5	0.79
68	1	1.00
68	2	1.00
68	3	0.43
69	1	1.00
69	2	1.00
69	3	1.00
69	4	1.00
69	5	1.00
69	6	0.82
70	1	1.00
70	2	1.00
70	3	1.00
70	4	0.92
71	1	1.00
71	2	1.00
71	3	1.00
71	4	1.00
71	5	1.00
71	6	1.00
71	7	0.20
72	1	1.00
72	2	1.00
72	3	0.89
73	1	1.00
73	2	1.00
73	3	0.37
74	1	1.00
74	2	1.00
74	3	1.00
74	4	0.33
75	1	1.00
75	2	1.00
75	3	1.00
75	4	0.00
76	1	1.00
76	2	1.00
76	3	1.00
76	4	0.71
77	1	1.00
77	2	1.00
77	3	0.29
78	1	1.00
78	2	1.00
78	3	1.00
78	4	1.00
78	5	1.00
78	6	0.29
79	1	1.00
79	2	0.03
80	1	1.00
80	2	1.00
80	3	0.62
81	1	1.00
81	2	1.00
81	3	1.00
81	4	0.15
82	1	1.00
82	2	1.00
82	3	1.00
82	4	1.00
82	5	1.00
82	6	1.00
82	7	1.00
82	8	1.00
82	9	1.00
82	10	0.61
83	1	1.00
83	2	1.00
83	3	1.00
83	4	1.00
83	5	1.00
83	6	1.00
83	7	1.00
83	8	1.00
83	9	1.00
83	10	0.17
84	1	1.00
84	2	0.17
85	1	1.00
85	2	0.84
86	1	1.00
86	2	1.00
86	3	1.00
86	4	0.82
87	1	1.00
87	2	1.00
87	3	1.00
87	4	0.30
88	1	1.00
88	2	1.00
88	3	1.00
88	4	1.00
88	5	1.00
88	6	0.92
89	1	1.00
89	2	1.00
89	3	1.00
89	4	1.00
89	5	1.00
89	6	1.00
89	7	1.00
89	8	0.84
90	1	1.00
90	2	1.00
90	3	0.83
91	1	1.00
91	2	1.00
91	3	1.00
91	4	0.42
92	1	1.00
92	2	1.00
92	3	1.00
92	4	0.70
93	1	1.00
93	2	1.00
93	3	1.00
93	4	1.00
93	5	1.00
93	6	1.00
93	7	1.00
93	8	1.00
93	9	0.56
94	1	1.00
94	2	1.00
94	3	1.00
94	4	1.00
94	5	1.00
94	6	1.00
94	7	0.39
95	1	1.00
95	2	1.00
95	3	1.00
95	4	1.00
95	5	1.00
95	6	1.00
95	7	1.00
95	8	1.00
95	9	1.00
95	10	1.00
95	11	0.33
96	1	1.00
96	2	1.00
96	3	0.24
97	1	1.00
97	2	1.00
97	3	1.00
97	4	1.00
97	5	1.00
97	6	1.00
97	7	1.00
97	8	0.32
98	1	1.00
98	2	0.90
99	1	1.00
99	2	1.00
99	3	0.25
100	1	1.00
100	2	1.00
100	3	0.73
101	1	1.00
101	2	1.00
101	3	1.00
101	4	1.00
101	5	0.91
102	1	1.00
102	2	1.00
102	3	0.68
103	1	1.00
103	2	1.00
103	3	1.00
103	4	0.97
104	1	1.00
104	2	0.64
105	1	1.00
105	2	1.00
105	3	1.00
105	4	1.00
105	5	1.00
105	6	1.00
105	7	1.00
105	8	1.00
105	9	1.00
105	10	1.00
105	11	0.37
106	1	1.00
106	2	1.00
106	3	1.00
106	4	1.00
106	5	1.00
106	6	0.53
107	1	1.00
107	2	1.00
107	3	0.34
108	1	1.00
108	2	1.00
108	3	1.00
108	4	1.00
108	5	1.00
108	6	0.77
109	1	1.00
109	2	0.80
110	1	1.00
110	2	1.00
110	3	1.00
110	4	0.86
111	1	1.00
111	2	1.00
111	3	1.00
111	4	1.00
111	5	1.00
111	6	1.00
111	7	0.92
112	1	1.00
112	2	1.00
112	3	0.05
113	1	1.00
113	2	0.06
114	1	1.00
114	2	1.00
114	3	1.00
114	4	0.88
115	1	1.00
115	2	1.00
115	3	1.00
115	4	1.00
115	5	1.00
115	6	0.23
116	1	1.00
116	2	1.00
116	3	1.00
116	4	1.00
117	1	1.00
117	2	1.00
117	3	1.00
117	4	1.00
117	5	0.10
118	1	1.00
118	2	1.00
118	3	1.00
118	4	0.09
119	1	1.00
119	2	1.00
119	3	1.00
119	4	1.00
119	5	0.45
120	1	1.00
120	2	0.07
121	1	1.00
121	2	1.00
121	3	1.00
121	4	1.00
121	5	0.70
122	1	1.00
122	2	1.00
122	3	1.00
122	4	0.85
123	1	1.00
123	2	0.99
124	1	1.00
124	2	1.00
124	3	1.00
124	4	0.38
125	1	1.00
125	2	1.00
125	3	1.00
125	4	0.67
126	1	1.00
126	2	1.00
126	3	0.41
127	1	1.00
127	2	1.00
127	3	1.00
127	4	1.00
127	5	1.00
127	6	1.00
127	7	1.00
127	8	0.59
128	1	1.00
128	2	1.00
128	3	1.00
128	4	1.00
128	5	0.02
129	1	1.00
129	2	1.00
129	3	1.00
129	4	1.00
129	5	1.00
129	6	1.00
129	7	1.00
129	8	1.00
129	9	0.89
130	1	1.00
130	2	1.00
130	3	0.94
131	1	1.00
131	2	1.00
131	3	0.67
132	1	1.00
132	2	1.00
132	3	1.00
132	4	1.00
132	5	1.00
132	6	0.07
133	1	1.00
133	2	1.00
133	3	0.71
134	1	1.00
134	2	1.00
134	3	1.00
134	4	1.00
134	5	0.39
135	1	1.00
135	2	1.00
135	3	1.00
135	4	0.61
136	1	1.00
136	2	1.00
136	3	1.00
136	4	1.00
136	5	1.00
136	6	0.80
137	1	1.00
137	2	1.00
137	3	1.00
137	4	1.00
137	5	0.87
138	1	1.00
138	2	1.00
138	3	1.00
138	4	1.00
138	5	0.71
139	1	1.00
139	2	1.00
139	3	1.00
139	4	1.00
139	5	0.87
140	1	1.00
140	2	1.00
140	3	1.00
140	4	1.00
140	5	0.14
141	1	1.00
141	2	1.00
141	3	1.00
141	4	0.86
142	1	1.00
142	2	1.00
142	3	0.64
143	1	1.00
143	2	1.00
143	3	0.64
144	1	1.00
144	2	1.00
144	3	1.00
144	4	0.73
145	1	1.00
145	2	1.00
145	3	1.00
145	4	1.00
145	5	1.00
145	6	1.00
145	7	1.00
145	8	0.39
146	1	1.00
146	2	1.00
146	3	1.00
146	4	1.00
146	5	1.00
146	6	1.00
146	7	0.27
147	1	1.00
147	2	1.00
147	3	0.33
148	1	1.00
148	2	1.00
148	3	0.71
149	1	1.00
149	2	1.00
149	3	0.17
150	1	1.00
150	2	1.00
150	3	1.00
150	4	0.53
151	1	1.00
151	2	0.10
152	1	1.00
152	2	1.00
152	3	1.00
152	4	1.00
152	5	1.00
152	6	1.00
152	7	1.00
152	8	1.00
152	9	1.00
152	10	1.00
152	11	0.81
153	1	1.00
153	2	1.00
153	3	1.00
153	4	1.00
153	5	1.00
153	6	1.00
153	7	0.17
154	1	1.00
154	2	1.00
154	3	1.00
154	4	1.00
154	5	0.03
155	1	1.00
155	2	1.00
155	3	0.76
156	1	1.00
156	2	1.00
156	3	0.76
157	1	1.00
157	2	1.00
157	3	1.00
157	4	1.00
157	5	1.00
157	6	1.00
157	7	0.51
158	1	1.00
158	2	1.00
158	3	1.00
158	4	1.00
158	5	0.96
159	1	1.00
159	2	1.00
159	3	1.00
159	4	0.70
160	1	1.00
160	2	1.00
160	3	0.64
161	1	1.00
161	2	1.00
161	3	0.85
162	1	1.00
162	2	1.00
162	3	1.00
162	4	0.06
163	1	1.00
163	2	1.00
163	3	1.00
163	4	1.00
163	5	1.00
163	6	1.00
163	7	1.00
163	8	1.00
163	9	0.48
164	1	1.00
164	2	1.00
164	3	1.00
164	4	1.00
164	5	1.00
164	6	1.00
164	7	1.00
164	8	1.00
164	9	1.00
164	10	1.00
164	11	0.27
165	1	1.00
165	2	1.00
165	3	1.00
165	4	1.00
165	5	1.00
165	6	0.09
166	1	1.00
166	2	1.00
166	3	1.00
166	4	0.36
167	1	1.00
167	2	0.13
168	1	1.00
168	2	1.00
168	3	1.00
168	4	1.00
168	5	1.00
168	6	1.00
168	7	1.00
168	8	1.00
168	9	1.00
168	10	1.00
168	11	0.98
169	1	1.00
169	2	1.00
169	3	1.00
169	4	1.00
169	5	1.00
169	6	1.00
169	7	1.00
169	8	1.00
169	9	0.64
170	1	1.00
170	2	1.00
170	3	1.00
170	4	1.00
170	5	1.00
170	6	0.13
171	1	1.00
171	2	1.00
171	3	0.98
172	1	1.00
172	2	1.00
172	3	0.26
173	1	1.00
173	2	1.00
173	3	1.00
173	4	0.57
174	1	1.00
174	2	1.00
174	3	0.82
175	1	1.00
175	2	1.00
175	3	1.00
175	4	0.77
176	1	1.00
176	2	1.00
176	3	1.00
176	4	1.00
176	5	1.00
176	6	0.64
177	1	1.00
177	2	1.00
177	3	1.00
177	4	1.00
177	5	1.00
177	6	0.25
178	1	1.00
178	2	1.00
178	3	1.00
178	4	1.00
178	5	1.00
178	6	1.00
178	7	0.02
179	1	1.00
179	2	1.00
179	3	1.00
179	4	1.00
179	5	1.00
179	6	1.00
179	7	0.29
180	1	1.00
180	2	1.00
180	3	1.00
180	4	1.00
180	5	1.00
180	6	0.05
181	1	1.00
181	2	1.00
181	3	1.00
181	4	1.00
181	5	1.00
181	6	0.91
182	1	1.00
182	2	1.00
182	3	0.81
183	1	1.00
183	2	0.25
184	1	1.00
184	2	0.55
185	1	1.00
185	2	0.88
186	1	1.00
186	2	1.00
186	3	1.00
186	4	1.00
186	5	1.00
186	6	1.00
186	7	1.00
186	8	0.25
187	1	1.00
187	2	1.00
187	3	0.15
188	1	1.00
188	2	1.00
188	3	1.00
188	4	1.00
188	5	1.00
188	6	1.00
188	7	0.17
189	1	1.00
189	2	1.00
190	1	1.00
190	2	1.00
190	3	1.00
190	4	1.00
190	5	1.00
190	6	1.00
190	7	0.92
191	1	1.00
191	2	1.00
191	3	1.00
191	4	1.00
191	5	1.00
191	6	0.49
192	1	1.00
192	2	0.88
193	1	1.00
193	2	1.00
193	3	1.00
193	4	1.00
193	5	1.00
193	6	0.10
194	1	1.00
194	2	1.00
194	3	1.00
194	4	0.08
195	1	1.00
195	2	0.28
196	1	1.00
196	2	1.00
196	3	0.96
197	1	1.00
197	2	1.00
197	3	0.33
198	1	1.00
198	2	1.00
198	3	0.18
199	1	1.00
199	2	1.00
199	3	1.00
199	4	0.03
200	1	1.00
200	2	0.69
201	1	1.00
201	2	1.00
201	3	1.00
201	4	1.00
201	5	0.24
202	1	1.00
202	2	1.00
202	3	1.00
202	4	1.00
202	5	1.00
202	6	1.00
202	7	1.00
202	8	0.90
203	1	1.00
203	2	0.12
204	1	1.00
204	2	1.00
204	3	1.00
204	4	1.00
204	5	1.00
204	6	1.00
204	7	1.00
204	8	1.00
204	9	1.00
204	10	1.00
204	11	0.62
205	1	1.00
205	2	1.00
205	3	0.83
206	1	1.00
206	2	1.00
206	3	1.00
206	4	0.74
207	1	1.00
207	2	1.00
207	3	1.00
207	4	1.00
207	5	1.00
207	6	1.00
207	7	0.55
208	1	1.00
208	2	1.00
208	3	1.00
208	4	1.00
208	5	0.68
209	1	1.00
209	2	1.00
209	3	0.29
210	1	1.00
210	2	1.00
210	3	1.00
210	4	0.89
211	1	1.00
211	2	0.95
212	1	1.00
212	2	1.00
212	3	1.00
212	4	0.70
213	1	1.00
213	2	1.00
213	3	1.00
213	4	0.44
214	1	1.00
214	2	1.00
214	3	0.24
215	1	1.00
215	2	1.00
215	3	0.13
216	1	1.00
216	2	0.87
217	1	1.00
217	2	1.00
217	3	1.00
217	4	0.05
218	1	1.00
218	2	0.49
219	1	1.00
219	2	1.00
219	3	1.00
219	4	1.00
219	5	1.00
219	6	1.00
219	7	1.00
219	8	1.00
219	9	0.15
220	1	1.00
220	2	1.00
220	3	1.00
220	4	0.45
221	1	1.00
221	2	1.00
221	3	1.00
221	4	1.00
221	5	1.00
221	6	0.46
222	1	1.00
222	2	0.13
223	1	1.00
223	2	0.52
224	1	1.00
224	2	1.00
224	3	0.14
225	1	1.00
225	2	1.00
225	3	0.25
226	1	1.00
226	2	1.00
226	3	1.00
226	4	0.55
227	1	1.00
227	2	1.00
227	3	1.00
227	4	0.99
228	1	1.00
228	2	1.00
228	3	1.00
228	4	0.93
229	1	1.00
229	2	1.00
229	3	0.15
230	1	1.00
230	2	1.00
230	3	1.00
230	4	1.00
230	5	1.00
230	6	1.00
230	7	1.00
230	8	1.00
230	9	1.00
230	10	0.52
231	1	1.00
231	2	1.00
231	3	1.00
231	4	0.40
232	1	1.00
232	2	1.00
232	3	1.00
232	4	1.00
232	5	1.00
232	6	0.07
233	1	1.00
233	2	0.77
234	1	1.00
234	2	1.00
234	3	0.81
235	1	1.00
235	2	1.00
235	3	1.00
235	4	1.00
235	5	1.00
235	6	1.00
235	7	0.05
236	1	1.00
236	2	1.00
236	3	0.43
237	1	1.00
237	2	1.00
237	3	1.00
237	4	0.33
238	1	1.00
238	2	1.00
238	3	0.28
239	1	1.00
239	2	1.00
239	3	0.13
240	1	1.00
240	2	1.00
240	3	0.26
241	1	1.00
241	2	1.00
241	3	1.00
241	4	0.33
242	1	1.00
242	2	1.00
242	3	1.00
242	4	1.00
242	5	1.00
242	6	1.00
242	7	1.00
242	8	0.33
243	1	1.00
243	2	1.00
243	3	1.00
243	4	1.00
243	5	1.00
243	6	1.00
243	7	1.00
243	8	1.00
243	9	0.50
244	1	1.00
244	2	0.11
245	1	1.00
245	2	1.00
245	3	1.00
245	4	1.00
245	5	1.00
245	6	1.00
245	7	1.00
245	8	1.00
245	9	1.00
245	10	1.00
245	11	0.43
246	1	1.00
246	2	0.18
247	1	1.00
247	2	1.00
247	3	1.00
247	4	1.00
247	5	0.42
248	1	1.00
248	2	0.03
249	1	1.00
249	2	1.00
249	3	1.00
249	4	1.00
249	5	1.00
249	6	1.00
249	7	1.00
249	8	1.00
249	9	0.89
250	1	1.00
250	2	1.00
250	3	1.00
250	4	0.51
