p	r	R_p
1	1	1
1	2	1
1	3	0
1	4	0
1	5	1
1	6	1
1	7	1
1	8	1
1	9	0
1	10	0
1	11	1
1	12	1
1	13	0
1	14	1
1	15	1
1	16	1
1	17	1
1	18	1
1	19	1
1	20	0
1	21	1
1	22	1
1	23	1
1	24	0
1	25	1
1	26	1
1	27	1
1	28	0
1	29	1
1	30	0
1	31	1
1	32	0
1	33	1
1	34	1
1	35	0
1	36	1
1	37	1
1	38	1
1	39	1
1	40	0
2	1	0
2	2	0
2	3	0
2	4	0
2	5	1
2	6	0
2	7	1
2	8	1
2	9	0
2	10	0
2	11	1
2	12	1
2	13	0
2	14	0
2	15	0
2	16	0
2	17	0
2	18	0
2	19	1
2	20	0
2	21	1
2	22	0
2	23	0
2	24	0
2	25	0
2	26	0
2	27	0
2	28	0
2	29	0
2	30	0
2	31	0
2	32	0
2	33	0
2	34	0
2	35	0
2	36	1
2	37	0
2	38	1
2	39	0
2	40	0
3	1	1
3	2	0
3	3	1
3	4	1
3	5	0
3	6	1
3	7	0
3	8	0
3	9	1
3	10	1
3	11	0
3	12	0
3	13	1
3	14	1
3	15	0
3	16	1
3	17	1
3	18	1
3	19	0
3	20	1
3	21	0
3	22	1
3	23	0
3	24	1
3	25	0
3	26	0
3	27	1
3	28	1
3	29	0
3	30	1
3	31	1
3	32	1
3	33	0
3	34	1
3	35	1
3	36	0
3	37	1
3	38	0
3	39	1
3	40	1
4	1	1
4	2	0
4	3	0
4	4	0
4	5	0
4	6	0
4	7	0
4	8	0
4	9	0
4	10	0
4	11	0
4	12	0
4	13	0
4	14	1
4	15	0
4	16	1
4	17	1
4	18	1
4	19	0
4	20	0
4	21	0
4	22	0
4	23	0
4	24	0
4	25	0
4	26	0
4	27	1
4	28	0
4	29	0
4	30	0
4	31	1
4	32	0
4	33	0
4	34	0
4	35	0
4	36	0
4	37	1
4	38	0
4	39	1
4	40	0
5	1	1
5	2	0
5	3	1
5	4	0
5	5	1
5	6	0
5	7	1
5	8	0
5	9	1
5	10	0
5	11	1
5	12	1
5	13	0
5	14	1
5	15	0
5	16	0
5	17	1
5	18	1
5	19	1
5	20	1
5	21	0
5	22	0
5	23	0
5	24	1
5	25	0
5	26	0
5	27	1
5	28	0
5	29	0
5	30	1
5	31	1
5	32	1
5	33	0
5	34	0
5	35	1
5	36	1
5	37	0
5	38	0
5	39	0
5	40	1
6	1	1
6	2	0
6	3	0
6	4	0
6	5	1
6	6	0
6	7	1
6	8	0
6	9	0
6	10	0
6	11	1
6	12	1
6	13	0
6	14	1
6	15	0
6	16	1
6	17	1
6	18	1
6	19	1
6	20	0
6	21	1
6	22	0
6	23	0
6	24	0
6	25	0
6	26	0
6	27	1
6	28	0
6	29	0
6	30	0
6	31	1
6	32	0
6	33	0
6	34	0
6	35	0
6	36	1
6	37	1
6	38	1
6	39	1
6	40	0
7	1	1
7	2	0
7	3	0
7	4	0
7	5	0
7	6	1
7	7	0
7	8	0
7	9	0
7	10	0
7	11	0
7	12	0
7	13	0
7	14	1
7	15	0
7	16	1
7	17	1
7	18	1
7	19	0
7	20	0
7	21	0
7	22	1
7	23	0
7	24	0
7	25	0
7	26	0
7	27	1
7	28	0
7	29	0
7	30	0
7	31	1
7	32	0
7	33	0
7	34	1
7	35	0
7	36	0
7	37	1
7	38	0
7	39	1
7	40	0
8	1	1
8	2	1
8	3	0
8	4	0
8	5	1
8	6	1
8	7	1
8	8	1
8	9	0
8	10	0
8	11	1
8	12	1
8	13	0
8	14	1
8	15	1
8	16	1
8	17	1
8	18	1
8	19	1
8	20	0
8	21	1
8	22	1
8	23	1
8	24	0
8	25	1
8	26	1
8	27	1
8	28	0
8	29	1
8	30	0
8	31	1
8	32	0
8	33	1
8	34	1
8	35	0
8	36	1
8	37	1
8	38	1
8	39	1
8	40	0
9	1	1
9	2	0
9	3	0
9	4	0
9	5	1
9	6	1
9	7	1
9	8	1
9	9	0
9	10	0
9	11	1
9	12	1
9	13	0
9	14	1
9	15	0
9	16	1
9	17	1
9	18	1
9	19	1
9	20	0
9	21	1
9	22	1
9	23	0
9	24	0
9	25	0
9	26	0
9	27	1
9	28	0
9	29	0
9	30	0
9	31	1
9	32	0
9	33	0
9	34	1
9	35	0
9	36	1
9	37	1
9	38	1
9	39	1
9	40	0
10	1	1
10	2	1
10	3	0
10	4	0
10	5	1
10	6	1
10	7	0
10	8	1
10	9	0
10	10	0
10	11	1
10	12	1
10	13	0
10	14	1
10	15	1
10	16	0
10	17	1
10	18	0
10	19	1
10	20	0
10	21	0
10	22	0
10	23	0
10	24	0
10	25	1
10	26	1
10	27	0
10	28	0
10	29	0
10	30	0
10	31	1
10	32	0
10	33	0
10	34	0
10	35	0
10	36	1
10	37	1
10	38	1
10	39	1
10	40	0
11	1	1
11	2	0
11	3	1
11	4	1
11	5	0
11	6	1
11	7	0
11	8	0
11	9	1
11	10	1
11	11	0
11	12	0
11	13	1
11	14	1
11	15	0
11	16	1
11	17	1
11	18	1
11	19	0
11	20	1
11	21	0
11	22	1
11	23	0
11	24	1
11	25	0
11	26	0
11	27	1
11	28	1
11	29	0
11	30	1
11	31	1
11	32	1
11	33	0
11	34	1
11	35	1
11	36	0
11	37	1
11	38	0
11	39	1
11	40	1
12	1	1
12	2	0
12	3	0
12	4	0
12	5	1
12	6	1
12	7	1
12	8	1
12	9	0
12	10	0
12	11	1
12	12	1
12	13	0
12	14	1
12	15	0
12	16	0
12	17	1
12	18	1
12	19	1
12	20	0
12	21	0
12	22	1
12	23	0
12	24	0
12	25	0
12	26	0
12	27	1
12	28	0
12	29	0
12	30	0
12	31	1
12	32	0
12	33	0
12	34	0
12	35	0
12	36	1
12	37	0
12	38	0
12	39	0
12	40	0
13	1	0
13	2	0
13	3	0
13	4	0
13	5	1
13	6	0
13	7	1
13	8	1
13	9	0
13	10	0
13	11	1
13	12	1
13	13	0
13	14	0
13	15	0
13	16	0
13	17	0
13	18	0
13	19	1
13	20	0
13	21	1
13	22	0
13	23	0
13	24	0
13	25	0
13	26	0
13	27	0
13	28	0
13	29	0
13	30	0
13	31	0
13	32	0
13	33	0
13	34	0
13	35	0
13	36	1
13	37	0
13	38	1
13	39	0
13	40	0
14	1	1
14	2	1
14	3	1
14	4	0
14	5	1
14	6	1
14	7	1
14	8	1
14	9	0
14	10	1
14	11	1
14	12	1
14	13	1
14	14	1
14	15	1
14	16	1
14	17	1
14	18	1
14	19	1
14	20	0
14	21	1
14	22	1
14	23	1
14	24	1
14	25	1
14	26	1
14	27	1
14	28	1
14	29	1
14	30	1
14	31	1
14	32	0
14	33	1
14	34	1
14	35	1
14	36	1
14	37	1
14	38	1
14	39	1
14	40	1
15	1	1
15	2	1
15	3	1
15	4	0
15	5	0
15	6	1
15	7	0
15	8	0
15	9	0
15	10	1
15	11	0
15	12	0
15	13	1
15	14	1
15	15	1
15	16	1
15	17	1
15	18	1
15	19	0
15	20	0
15	21	0
15	22	1
15	23	1
15	24	1
15	25	1
15	26	1
15	27	1
15	28	1
15	29	1
15	30	1
15	31	1
15	32	0
15	33	1
15	34	1
15	35	1
15	36	0
15	37	1
15	38	0
15	39	1
15	40	1
16	1	1
16	2	1
16	3	1
16	4	0
16	5	1
16	6	1
16	7	1
16	8	1
16	9	0
16	10	1
16	11	1
16	12	1
16	13	1
16	14	1
16	15	1
16	16	1
16	17	1
16	18	1
16	19	1
16	20	0
16	21	1
16	22	1
16	23	1
16	24	1
16	25	1
16	26	1
16	27	1
16	28	1
16	29	1
16	30	1
16	31	1
16	32	0
16	33	1
16	34	1
16	35	1
16	36	1
16	37	1
16	38	1
16	39	1
16	40	1
17	1	1
17	2	0
17	3	0
17	4	0
17	5	0
17	6	0
17	7	0
17	8	0
17	9	0
17	10	0
17	11	0
17	12	1
17	13	0
17	14	1
17	15	0
17	16	1
17	17	1
17	18	1
17	19	1
17	20	0
17	21	0
17	22	1
17	23	0
17	24	0
17	25	0
17	26	0
17	27	1
17	28	0
17	29	0
17	30	0
17	31	1
17	32	0
17	33	0
17	34	1
17	35	0
17	36	0
17	37	1
17	38	1
17	39	0
17	40	0
18	1	1
18	2	0
18	3	0
18	4	0
18	5	1
18	6	1
18	7	1
18	8	1
18	9	0
18	10	0
18	11	1
18	12	1
18	13	0
18	14	1
18	15	0
18	16	1
18	17	1
18	18	1
18	19	1
18	20	0
18	21	1
18	22	1
18	23	0
18	24	0
18	25	0
18	26	0
18	27	1
18	28	0
18	29	0
18	30	0
18	31	1
18	32	0
18	33	0
18	34	1
18	35	0
18	36	1
18	37	1
18	38	1
18	39	1
18	40	0
19	1	1
19	2	0
19	3	0
19	4	0
19	5	0
19	6	1
19	7	0
19	8	0
19	9	0
19	10	0
19	11	0
19	12	0
19	13	0
19	14	1
19	15	0
19	16	1
19	17	1
19	18	1
19	19	0
19	20	0
19	21	0
19	22	1
19	23	0
19	24	0
19	25	0
19	26	0
19	27	1
19	28	0
19	29	0
19	30	0
19	31	1
19	32	0
19	33	0
19	34	1
19	35	0
19	36	0
19	37	1
19	38	0
19	39	1
19	40	0
20	1	1
20	2	1
20	3	0
20	4	0
20	5	1
20	6	1
20	7	1
20	8	1
20	9	0
20	10	0
20	11	1
20	12	1
20	13	0
20	14	1
20	15	1
20	16	1
20	17	1
20	18	1
20	19	1
20	20	0
20	21	1
20	22	1
20	23	1
20	24	0
20	25	1
20	26	1
20	27	1
20	28	0
20	29	1
20	30	0
20	31	1
20	32	0
20	33	1
20	34	1
20	35	0
20	36	1
20	37	1
20	38	1
20	39	1
20	40	0
21	1	1
21	2	0
21	3	1
21	4	1
21	5	1
21	6	1
21	7	1
21	8	1
21	9	1
21	10	1
21	11	1
21	12	1
21	13	1
21	14	1
21	15	0
21	16	1
21	17	1
21	18	1
21	19	1
21	20	1
21	21	1
21	22	1
21	23	0
21	24	1
21	25	0
21	26	0
21	27	1
21	28	1
21	29	0
21	30	1
21	31	1
21	32	1
21	33	0
21	34	1
21	35	1
21	36	1
21	37	1
21	38	1
21	39	1
21	40	1
22	1	1
22	2	0
22	3	0
22	4	0
22	5	0
22	6	0
22	7	0
22	8	0
22	9	0
22	10	0
22	11	0
22	12	0
22	13	0
22	14	1
22	15	0
22	16	1
22	17	1
22	18	1
22	19	0
22	20	0
22	21	0
22	22	1
22	23	0
22	24	0
22	25	0
22	26	0
22	27	1
22	28	0
22	29	0
22	30	0
22	31	1
22	32	0
22	33	0
22	34	1
22	35	0
22	36	0
22	37	1
22	38	0
22	39	0
22	40	0
23	1	1
23	2	1
23	3	0
23	4	0
23	5	1
23	6	1
23	7	1
23	8	1
23	9	0
23	10	0
23	11	1
23	12	1
23	13	0
23	14	1
23	15	1
23	16	1
23	17	1
23	18	1
23	19	1
23	20	0
23	21	1
23	22	1
23	23	1
23	24	0
23	25	1
23	26	1
23	27	1
23	28	0
23	29	1
23	30	0
23	31	1
23	32	0
23	33	1
23	34	1
23	35	0
23	36	1
23	37	1
23	38	1
23	39	1
23	40	0
24	1	1
24	2	0
24	3	0
24	4	0
24	5	1
24	6	0
24	7	1
24	8	0
24	9	0
24	10	0
24	11	1
24	12	1
24	13	0
24	14	1
24	15	0
24	16	1
24	17	1
24	18	1
24	19	1
24	20	0
24	21	1
24	22	0
24	23	0
24	24	0
24	25	0
24	26	0
24	27	1
24	28	0
24	29	0
24	30	0
24	31	1
24	32	0
24	33	0
24	34	0
24	35	0
24	36	1
24	37	1
24	38	1
24	39	1
24	40	0
25	1	1
25	2	1
25	3	0
25	4	1
25	5	1
25	6	1
25	7	0
25	8	1
25	9	1
25	10	0
25	11	1
25	12	1
25	13	1
25	14	1
25	15	1
25	16	0
25	17	1
25	18	0
25	19	1
25	20	1
25	21	0
25	22	0
25	23	0
25	24	1
25	25	1
25	26	1
25	27	0
25	28	1
25	29	0
25	30	1
25	31	1
25	32	1
25	33	0
25	34	0
25	35	1
25	36	1
25	37	1
25	38	1
25	39	1
25	40	0
26	1	1
26	2	0
26	3	0
26	4	0
26	5	0
26	6	0
26	7	1
26	8	1
26	9	0
26	10	0
26	11	0
26	12	1
26	13	0
26	14	1
26	15	0
26	16	1
26	17	1
26	18	1
26	19	1
26	20	0
26	21	1
26	22	1
26	23	0
26	24	0
26	25	0
26	26	0
26	27	1
26	28	0
26	29	0
26	30	0
26	31	1
26	32	0
26	33	0
26	34	1
26	35	0
26	36	1
26	37	1
26	38	1
26	39	0
26	40	0
27	1	1
27	2	0
27	3	0
27	4	0
27	5	1
27	6	1
27	7	1
27	8	1
27	9	0
27	10	0
27	11	1
27	12	1
27	13	0
27	14	1
27	15	0
27	16	1
27	17	1
27	18	1
27	19	1
27	20	0
27	21	1
27	22	1
27	23	0
27	24	0
27	25	0
27	26	0
27	27	1
27	28	0
27	29	0
27	30	0
27	31	1
27	32	0
27	33	0
27	34	1
27	35	0
27	36	1
27	37	1
27	38	1
27	39	1
27	40	0
28	1	1
28	2	1
28	3	0
28	4	0
28	5	1
28	6	1
28	7	1
28	8	1
28	9	0
28	10	0
28	11	1
28	12	1
28	13	0
28	14	1
28	15	1
28	16	1
28	17	1
28	18	1
28	19	1
28	20	0
28	21	1
28	22	1
28	23	1
28	24	0
28	25	1
28	26	1
28	27	1
28	28	0
28	29	1
28	30	0
28	31	1
28	32	0
28	33	1
28	34	1
28	35	0
28	36	1
28	37	1
28	38	1
28	39	1
28	40	0
29	1	1
29	2	0
29	3	0
29	4	0
29	5	1
29	6	1
29	7	1
29	8	1
29	9	0
29	10	0
29	11	1
29	12	1
29	13	0
29	14	1
29	15	0
29	16	1
29	17	1
29	18	1
29	19	1
29	20	0
29	21	1
29	22	1
29	23	0
29	24	0
29	25	0
29	26	0
29	27	1
29	28	0
29	29	0
29	30	0
29	31	1
29	32	0
29	33	0
29	34	1
29	35	0
29	36	1
29	37	1
29	38	1
29	39	1
29	40	0
30	1	1
30	2	0
30	3	0
30	4	0
30	5	1
30	6	1
30	7	0
30	8	0
30	9	0
30	10	0
30	11	1
30	12	1
30	13	0
30	14	1
30	15	0
30	16	1
30	17	1
30	18	1
30	19	1
30	20	0
30	21	0
30	22	1
30	23	0
30	24	0
30	25	0
30	26	0
30	27	1
30	28	0
30	29	0
30	30	0
30	31	1
30	32	0
30	33	0
30	34	1
30	35	0
30	36	0
30	37	1
30	38	1
30	39	1
30	40	0
31	1	1
31	2	1
31	3	1
31	4	0
31	5	0
31	6	1
31	7	0
31	8	0
31	9	0
31	10	1
31	11	0
31	12	0
31	13	1
31	14	1
31	15	1
31	16	1
31	17	1
31	18	1
31	19	0
31	20	0
31	21	0
31	22	1
31	23	1
31	24	1
31	25	1
31	26	1
31	27	1
31	28	1
31	29	1
31	30	1
31	31	1
31	32	0
31	33	1
31	34	1
31	35	1
31	36	0
31	37	1
31	38	0
31	39	1
31	40	1
32	1	1
32	2	1
32	3	1
32	4	0
32	5	1
32	6	1
32	7	1
32	8	1
32	9	0
32	10	1
32	11	1
32	12	1
32	13	1
32	14	1
32	15	1
32	16	1
32	17	1
32	18	1
32	19	1
32	20	0
32	21	1
32	22	1
32	23	1
32	24	1
32	25	1
32	26	1
32	27	1
32	28	1
32	29	1
32	30	1
32	31	1
32	32	0
32	33	1
32	34	1
32	35	1
32	36	1
32	37	1
32	38	1
32	39	1
32	40	1
33	1	1
33	2	1
33	3	0
33	4	0
33	5	1
33	6	1
33	7	1
33	8	1
33	9	0
33	10	0
33	11	1
33	12	1
33	13	0
33	14	1
33	15	1
33	16	1
33	17	1
33	18	1
33	19	1
33	20	0
33	21	1
33	22	1
33	23	1
33	24	0
33	25	1
33	26	1
33	27	1
33	28	0
33	29	1
33	30	0
33	31	1
33	32	0
33	33	1
33	34	1
33	35	0
33	36	1
33	37	1
33	38	1
33	39	1
33	40	0
34	1	1
34	2	1
34	3	1
34	4	0
34	5	1
34	6	1
34	7	1
34	8	1
34	9	0
34	10	1
34	11	1
34	12	1
34	13	1
34	14	1
34	15	1
34	16	1
34	17	1
34	18	1
34	19	1
34	20	0
34	21	1
34	22	1
34	23	1
34	24	1
34	25	1
34	26	1
34	27	1
34	28	1
34	29	1
34	30	1
34	31	1
34	32	0
34	33	1
34	34	1
34	35	1
34	36	1
34	37	1
34	38	1
34	39	1
34	40	1
35	1	1
35	2	0
35	3	0
35	4	0
35	5	1
35	6	1
35	7	1
35	8	1
35	9	0
35	10	0
35	11	1
35	12	1
35	13	0
35	14	1
35	15	0
35	16	1
35	17	1
35	18	1
35	19	1
35	20	0
35	21	1
35	22	1
35	23	0
35	24	0
35	25	0
35	26	0
35	27	1
35	28	0
35	29	0
35	30	0
35	31	1
35	32	0
35	33	0
35	34	1
35	35	0
35	36	1
35	37	1
35	38	1
35	39	1
35	40	0
36	1	0
36	2	0
36	3	1
36	4	0
36	5	1
36	6	0
36	7	1
36	8	1
36	9	0
36	10	1
36	11	1
36	12	1
36	13	1
36	14	0
36	15	0
36	16	0
36	17	0
36	18	0
36	19	1
36	20	0
36	21	1
36	22	0
36	23	0
36	24	1
36	25	0
36	26	0
36	27	0
36	28	1
36	29	0
36	30	1
36	31	0
36	32	0
36	33	0
36	34	0
36	35	1
36	36	1
36	37	0
36	38	1
36	39	0
36	40	1
37	1	1
37	2	0
37	3	0
37	4	0
37	5	1
37	6	1
37	7	0
37	8	0
37	9	0
37	10	0
37	11	1
37	12	1
37	13	0
37	14	1
37	15	0
37	16	1
37	17	1
37	18	1
37	19	1
37	20	0
37	21	0
37	22	1
37	23	0
37	24	0
37	25	0
37	26	0
37	27	1
37	28	0
37	29	0
37	30	0
37	31	1
37	32	0
37	33	0
37	34	1
37	35	0
37	36	0
37	37	1
37	38	1
37	39	1
37	40	0
38	1	1
38	2	1
38	3	0
38	4	0
38	5	1
38	6	0
38	7	1
38	8	0
38	9	0
38	10	0
38	11	1
38	12	1
38	13	0
38	14	1
38	15	1
38	16	1
38	17	1
38	18	1
38	19	1
38	20	0
38	21	1
38	22	0
38	23	1
38	24	0
38	25	1
38	26	0
38	27	1
38	28	0
38	29	1
38	30	0
38	31	1
38	32	0
38	33	1
38	34	0
38	35	0
38	36	1
38	37	1
38	38	1
38	39	1
38	40	0
39	1	1
39	2	1
39	3	0
39	4	1
39	5	1
39	6	1
39	7	0
39	8	1
39	9	1
39	10	0
39	11	1
39	12	1
39	13	1
39	14	1
39	15	1
39	16	0
39	17	1
39	18	0
39	19	1
39	20	1
39	21	0
39	22	0
39	23	0
39	24	1
39	25	1
39	26	1
39	27	0
39	28	1
39	29	0
39	30	1
39	31	1
39	32	1
39	33	0
39	34	0
39	35	1
39	36	1
39	37	1
39	38	1
39	39	1
39	40	0
40	1	1
40	2	1
40	3	0
40	4	0
40	5	0
40	6	0
40	7	1
40	8	1
40	9	0
40	10	1
40	11	0
40	12	1
40	13	0
40	14	1
40	15	1
40	16	1
40	17	1
40	18	1
40	19	1
40	20	1
40	21	1
40	22	1
40	23	1
40	24	1
40	25	1
40	26	0
40	27	1
40	28	1
40	29	0
40	30	1
40	31	1
40	32	0
40	33	0
40	34	1
40	35	1
40	36	1
40	37	1
40	38	1
40	39	0
40	40	1
41	1	1
41	2	0
41	3	1
41	4	1
41	5	0
41	6	1
41	7	1
41	8	1
41	9	1
41	10	1
41	11	0
41	12	0
41	13	1
41	14	1
41	15	0
41	16	1
41	17	1
41	18	1
41	19	0
41	20	1
41	21	1
41	22	1
41	23	0
41	24	1
41	25	0
41	26	0
41	27	1
41	28	1
41	29	0
41	30	1
41	31	1
41	32	1
41	33	0
41	34	1
41	35	1
41	36	1
41	37	1
41	38	0
41	39	1
41	40	1
42	1	1
42	2	0
42	3	0
42	4	0
42	5	1
42	6	0
42	7	1
42	8	0
42	9	0
42	10	0
42	11	1
42	12	1
42	13	0
42	14	1
42	15	0
42	16	1
42	17	1
42	18	1
42	19	1
42	20	0
42	21	1
42	22	0
42	23	0
42	24	0
42	25	0
42	26	0
42	27	1
42	28	0
42	29	0
42	30	0
42	31	1
42	32	0
42	33	0
42	34	0
42	35	0
42	36	1
42	37	1
42	38	1
42	39	1
42	40	0
43	1	1
43	2	1
43	3	0
43	4	0
43	5	1
43	6	1
43	7	1
43	8	1
43	9	0
43	10	0
43	11	1
43	12	1
43	13	0
43	14	1
43	15	1
43	16	1
43	17	1
43	18	1
43	19	1
43	20	0
43	21	1
43	22	1
43	23	1
43	24	0
43	25	1
43	26	1
43	27	1
43	28	0
43	29	1
43	30	0
43	31	1
43	32	0
43	33	1
43	34	1
43	35	0
43	36	1
43	37	1
43	38	1
43	39	1
43	40	0
44	1	1
44	2	0
44	3	0
44	4	0
44	5	0
44	6	0
44	7	0
44	8	0
44	9	0
44	10	0
44	11	0
44	12	0
44	13	0
44	14	1
44	15	0
44	16	0
44	17	1
44	18	0
44	19	0
44	20	0
44	21	0
44	22	0
44	23	0
44	24	0
44	25	0
44	26	0
44	27	0
44	28	0
44	29	0
44	30	0
44	31	1
44	32	0
44	33	0
44	34	0
44	35	0
44	36	0
44	37	1
44	38	0
44	39	1
44	40	0
45	1	1
45	2	1
45	3	0
45	4	0
45	5	1
45	6	1
45	7	1
45	8	1
45	9	0
45	10	0
45	11	1
45	12	1
45	13	0
45	14	1
45	15	1
45	16	1
45	17	1
45	18	1
45	19	1
45	20	0
45	21	1
45	22	1
45	23	1
45	24	0
45	25	1
45	26	1
45	27	1
45	28	0
45	29	1
45	30	0
45	31	1
45	32	0
45	33	1
45	34	1
45	35	0
45	36	1
45	37	1
45	38	1
45	39	1
45	40	0
46	1	1
46	2	0
46	3	0
46	4	1
46	5	1
46	6	1
46	7	0
46	8	1
46	9	1
46	10	0
46	11	1
46	12	1
46	13	1
46	14	1
46	15	0
46	16	0
46	17	1
46	18	0
46	19	1
46	20	1
46	21	0
46	22	0
46	23	0
46	24	1
46	25	0
46	26	0
46	27	0
46	28	1
46	29	0
46	30	1
46	31	1
46	32	1
46	33	0
46	34	0
46	35	1
46	36	1
46	37	1
46	38	1
46	39	1
46	40	0
47	1	1
47	2	1
47	3	0
47	4	0
47	5	1
47	6	1
47	7	1
47	8	1
47	9	0
47	10	0
47	11	1
47	12	1
47	13	0
47	14	1
47	15	1
47	16	1
47	17	1
47	18	1
47	19	1
47	20	0
47	21	1
47	22	1
47	23	1
47	24	0
47	25	1
47	26	1
47	27	1
47	28	0
47	29	1
47	30	0
47	31	1
47	32	0
47	33	1
47	34	1
47	35	0
47	36	1
47	37	1
47	38	1
47	39	1
47	40	0
48	1	1
48	2	0
48	3	0
48	4	0
48	5	0
48	6	1
48	7	1
48	8	1
48	9	0
48	10	0
48	11	0
48	12	0
48	13	0
48	14	1
48	15	0
48	16	1
48	17	1
48	18	1
48	19	0
48	20	0
48	21	1
48	22	1
48	23	0
48	24	0
48	25	0
48	26	0
48	27	1
48	28	0
48	29	0
48	30	0
48	31	1
48	32	0
48	33	0
48	34	1
48	35	0
48	36	1
48	37	1
48	38	0
48	39	1
48	40	0
49	1	1
49	2	0
49	3	1
49	4	0
49	5	0
49	6	1
49	7	1
49	8	1
49	9	0
49	10	1
49	11	0
49	12	1
49	13	0
49	14	1
49	15	0
49	16	0
49	17	1
49	18	1
49	19	1
49	20	0
49	21	0
49	22	0
49	23	1
49	24	0
49	25	1
49	26	0
49	27	1
49	28	0
49	29	1
49	30	1
49	31	1
49	32	0
49	33	1
49	34	1
49	35	1
49	36	1
49	37	1
49	38	1
49	39	1
49	40	1
50	1	0
50	2	0
50	3	0
50	4	0
50	5	1
50	6	0
50	7	1
50	8	1
50	9	0
50	10	0
50	11	1
50	12	1
50	13	0
50	14	0
50	15	0
50	16	0
50	17	0
50	18	0
50	19	1
50	20	0
50	21	1
50	22	0
50	23	0
50	24	0
50	25	0
50	26	0
50	27	0
50	28	0
50	29	0
50	30	0
50	31	0
50	32	0
50	33	0
50	34	0
50	35	0
50	36	1
50	37	0
50	38	1
50	39	0
50	40	0
51	1	1
51	2	1
51	3	1
51	4	0
51	5	1
51	6	1
51	7	1
51	8	1
51	9	0
51	10	1
51	11	1
51	12	1
51	13	1
51	14	1
51	15	1
51	16	1
51	17	1
51	18	1
51	19	1
51	20	0
51	21	1
51	22	1
51	23	1
51	24	1
51	25	1
51	26	1
51	27	1
51	28	1
51	29	1
51	30	1
51	31	1
51	32	0
51	33	1
51	34	1
51	35	1
51	36	1
51	37	1
51	38	1
51	39	1
51	40	1
52	1	1
52	2	1
52	3	0
52	4	0
52	5	1
52	6	1
52	7	1
52	8	1
52	9	0
52	10	0
52	11	1
52	12	1
52	13	0
52	14	1
52	15	1
52	16	1
52	17	1
52	18	1
52	19	1
52	20	0
52	21	1
52	22	1
52	23	1
52	24	0
52	25	1
52	26	1
52	27	1
52	28	0
52	29	1
52	30	0
52	31	1
52	32	0
52	33	1
52	34	1
52	35	0
52	36	1
52	37	1
52	38	1
52	39	1
52	40	0
53	1	1
53	2	0
53	3	0
53	4	0
53	5	1
53	6	1
53	7	0
53	8	0
53	9	0
53	10	0
53	11	1
53	12	1
53	13	0
53	14	1
53	15	0
53	16	1
53	17	1
53	18	1
53	19	1
53	20	0
53	21	0
53	22	1
53	23	0
53	24	0
53	25	0
53	26	0
53	27	1
53	28	0
53	29	0
53	30	0
53	31	1
53	32	0
53	33	0
53	34	1
53	35	0
53	36	0
53	37	1
53	38	1
53	39	1
53	40	0
54	1	1
54	2	0
54	3	0
54	4	0
54	5	0
54	6	1
54	7	1
54	8	1
54	9	0
54	10	0
54	11	0
54	12	0
54	13	0
54	14	1
54	15	0
54	16	1
54	17	1
54	18	1
54	19	0
54	20	0
54	21	1
54	22	1
54	23	0
54	24	0
54	25	0
54	26	0
54	27	1
54	28	0
54	29	0
54	30	0
54	31	1
54	32	0
54	33	0
54	34	1
54	35	0
54	36	1
54	37	1
54	38	0
54	39	1
54	40	0
55	1	1
55	2	0
55	3	0
55	4	0
55	5	0
55	6	1
55	7	0
55	8	0
55	9	0
55	10	0
55	11	0
55	12	0
55	13	0
55	14	1
55	15	0
55	16	1
55	17	1
55	18	1
55	19	0
55	20	0
55	21	0
55	22	1
55	23	0
55	24	0
55	25	0
55	26	0
55	27	1
55	28	0
55	29	0
55	30	0
55	31	1
55	32	0
55	33	0
55	34	1
55	35	0
55	36	0
55	37	1
55	38	0
55	39	1
55	40	0
56	1	1
56	2	0
56	3	0
56	4	0
56	5	0
56	6	1
56	7	1
56	8	1
56	9	0
56	10	0
56	11	0
56	12	0
56	13	0
56	14	1
56	15	0
56	16	1
56	17	1
56	18	1
56	19	0
56	20	0
56	21	1
56	22	1
56	23	0
56	24	0
56	25	0
56	26	0
56	27	1
56	28	0
56	29	0
56	30	0
56	31	1
56	32	0
56	33	0
56	34	1
56	35	0
56	36	1
56	37	1
56	38	0
56	39	1
56	40	0
57	1	1
57	2	0
57	3	0
57	4	0
57	5	1
57	6	1
57	7	1
57	8	1
57	9	0
57	10	0
57	11	1
57	12	1
57	13	0
57	14	1
57	15	0
57	16	1
57	17	1
57	18	1
57	19	1
57	20	0
57	21	1
57	22	1
57	23	0
57	24	0
57	25	0
57	26	0
57	27	1
57	28	0
57	29	0
57	30	0
57	31	1
57	32	0
57	33	0
57	34	1
57	35	0
57	36	1
57	37	1
57	38	1
57	39	1
57	40	0
58	1	1
58	2	1
58	3	0
58	4	0
58	5	1
58	6	1
58	7	1
58	8	1
58	9	0
58	10	0
58	11	1
58	12	1
58	13	0
58	14	1
58	15	1
58	16	1
58	17	1
58	18	1
58	19	1
58	20	0
58	21	1
58	22	1
58	23	1
58	24	0
58	25	1
58	26	1
58	27	1
58	28	0
58	29	1
58	30	0
58	31	1
58	32	0
58	33	1
58	34	1
58	35	0
58	36	1
58	37	1
58	38	1
58	39	1
58	40	0
59	1	1
59	2	1
59	3	0
59	4	0
59	5	0
59	6	1
59	7	0
59	8	0
59	9	0
59	10	0
59	11	0
59	12	0
59	13	0
59	14	1
59	15	1
59	16	1
59	17	1
59	18	1
59	19	0
59	20	0
59	21	0
59	22	1
59	23	1
59	24	0
59	25	1
59	26	1
59	27	1
59	28	0
59	29	1
59	30	0
59	31	1
59	32	0
59	33	1
59	34	1
59	35	0
59	36	0
59	37	1
59	38	0
59	39	1
59	40	0
60	1	1
60	2	0
60	3	0
60	4	0
60	5	1
60	6	1
60	7	0
60	8	0
60	9	0
60	10	0
60	11	1
60	12	1
60	13	0
60	14	1
60	15	0
60	16	1
60	17	1
60	18	1
60	19	1
60	20	0
60	21	0
60	22	1
60	23	0
60	24	0
60	25	0
60	26	0
60	27	1
60	28	0
60	29	0
60	30	0
60	31	1
60	32	0
60	33	0
60	34	1
60	35	0
60	36	0
60	37	1
60	38	1
60	39	1
60	40	0
61	1	1
61	2	0
61	3	1
61	4	1
61	5	1
61	6	1
61	7	1
61	8	1
61	9	1
61	10	1
61	11	1
61	12	1
61	13	1
61	14	1
61	15	0
61	16	1
61	17	1
61	18	1
61	19	1
61	20	1
61	21	1
61	22	1
61	23	0
61	24	1
61	25	0
61	26	0
61	27	1
61	28	1
61	29	0
61	30	1
61	31	1
61	32	1
61	33	0
61	34	1
61	35	1
61	36	1
61	37	1
61	38	1
61	39	1
61	40	1
62	1	1
62	2	0
62	3	0
62	4	0
62	5	0
62	6	0
62	7	1
62	8	0
62	9	0
62	10	0
62	11	0
62	12	0
62	13	0
62	14	1
62	15	0
62	16	1
62	17	1
62	18	1
62	19	0
62	20	0
62	21	1
62	22	0
62	23	0
62	24	0
62	25	0
62	26	0
62	27	1
62	28	0
62	29	0
62	30	0
62	31	1
62	32	0
62	33	0
62	34	0
62	35	0
62	36	1
62	37	1
62	38	0
62	39	1
62	40	0
63	1	1
63	2	1
63	3	0
63	4	0
63	5	1
63	6	1
63	7	1
63	8	1
63	9	0
63	10	0
63	11	1
63	12	1
63	13	0
63	14	1
63	15	1
63	16	1
63	17	1
63	18	1
63	19	1
63	20	0
63	21	1
63	22	1
63	23	1
63	24	0
63	25	1
63	26	1
63	27	1
63	28	0
63	29	1
63	30	0
63	31	1
63	32	0
63	33	1
63	34	1
63	35	0
63	36	1
63	37	1
63	38	1
63	39	1
63	40	0
64	1	0
64	2	0
64	3	0
64	4	0
64	5	1
64	6	0
64	7	1
64	8	1
64	9	0
64	10	0
64	11	1
64	12	1
64	13	0
64	14	0
64	15	0
64	16	0
64	17	0
64	18	0
64	19	1
64	20	0
64	21	1
64	22	0
64	23	0
64	24	0
64	25	0
64	26	0
64	27	0
64	28	0
64	29	0
64	30	0
64	31	0
64	32	0
64	33	0
64	34	0
64	35	0
64	36	1
64	37	0
64	38	1
64	39	0
64	40	0
65	1	1
65	2	1
65	3	0
65	4	0
65	5	1
65	6	1
65	7	1
65	8	1
65	9	0
65	10	0
65	11	1
65	12	1
65	13	0
65	14	1
65	15	1
65	16	1
65	17	1
65	18	1
65	19	1
65	20	0
65	21	1
65	22	1
65	23	1
65	24	0
65	25	1
65	26	1
65	27	1
65	28	0
65	29	1
65	30	0
65	31	1
65	32	0
65	33	1
65	34	1
65	35	0
65	36	1
65	37	1
65	38	1
65	39	1
65	40	0
66	1	1
66	2	0
66	3	0
66	4	0
66	5	1
66	6	1
66	7	0
66	8	0
66	9	0
66	10	0
66	11	1
66	12	1
66	13	0
66	14	1
66	15	0
66	16	1
66	17	1
66	18	1
66	19	1
66	20	0
66	21	0
66	22	1
66	23	0
66	24	0
66	25	0
66	26	0
66	27	1
66	28	0
66	29	0
66	30	0
66	31	1
66	32	0
66	33	0
66	34	1
66	35	0
66	36	0
66	37	1
66	38	1
66	39	1
66	40	0
67	1	1
67	2	0
67	3	0
67	4	0
67	5	0
67	6	1
67	7	0
67	8	0
67	9	0
67	10	0
67	11	0
67	12	0
67	13	0
67	14	1
67	15	0
67	16	1
67	17	1
67	18	1
67	19	0
67	20	0
67	21	0
67	22	1
67	23	0
67	24	0
67	25	0
67	26	0
67	27	1
67	28	0
67	29	0
67	30	0
67	31	1
67	32	0
67	33	0
67	34	1
67	35	0
67	36	0
67	37	1
67	38	0
67	39	1
67	40	0
68	1	0
68	2	0
68	3	1
68	4	0
68	5	1
68	6	0
68	7	1
68	8	1
68	9	0
68	10	1
68	11	1
68	12	1
68	13	1
68	14	0
68	15	0
68	16	0
68	17	0
68	18	0
68	19	1
68	20	0
68	21	1
68	22	0
68	23	0
68	24	1
68	25	0
68	26	0
68	27	0
68	28	1
68	29	0
68	30	1
68	31	0
68	32	0
68	33	0
68	34	0
68	35	1
68	36	1
68	37	0
68	38	1
68	39	0
68	40	1
69	1	1
69	2	0
69	3	0
69	4	0
69	5	0
69	6	0
69	7	1
69	8	0
69	9	0
69	10	0
69	11	0
69	12	0
69	13	0
69	14	1
69	15	0
69	16	1
69	17	1
69	18	1
69	19	0
69	20	0
69	21	1
69	22	0
69	23	0
69	24	0
69	25	0
69	26	0
69	27	1
69	28	0
69	29	0
69	30	0
69	31	1
69	32	0
69	33	0
69	34	0
69	35	0
69	36	1
69	37	1
69	38	0
69	39	1
69	40	0
70	1	1
70	2	0
70	3	0
70	4	0
70	5	1
70	6	1
70	7	1
70	8	1
70	9	0
70	10	0
70	11	1
70	12	1
70	13	0
70	14	1
70	15	0
70	16	1
70	17	1
70	18	1
70	19	1
70	20	0
70	21	1
70	22	1
70	23	0
70	24	0
70	25	0
70	26	0
70	27	1
70	28	0
70	29	0
70	30	0
70	31	1
70	32	0
70	33	0
70	34	1
70	35	0
70	36	1
70	37	1
70	38	1
70	39	1
70	40	0
71	1	1
71	2	1
71	3	1
71	4	1
71	5	1
71	6	1
71	7	1
71	8	1
71	9	1
71	10	1
71	11	1
71	12	1
71	13	1
71	14	1
71	15	1
71	16	1
71	17	1
71	18	1
71	19	1
71	20	1
71	21	1
71	22	1
71	23	1
71	24	1
71	25	1
71	26	1
71	27	1
71	28	1
71	29	1
71	30	1
71	31	1
71	32	1
71	33	1
71	34	1
71	35	1
71	36	1
71	37	1
71	38	1
71	39	1
71	40	1
72	1	1
72	2	1
72	3	0
72	4	0
72	5	0
72	6	1
72	7	0
72	8	0
72	9	0
72	10	0
72	11	0
72	12	0
72	13	0
72	14	1
72	15	1
72	16	1
72	17	1
72	18	1
72	19	0
72	20	0
72	21	0
72	22	1
72	23	1
72	24	0
72	25	1
72	26	1
72	27	1
72	28	0
72	29	1
72	30	0
72	31	1
72	32	0
72	33	1
72	34	1
72	35	0
72	36	0
72	37	1
72	38	0
72	39	1
72	40	0
73	1	1
73	2	1
73	3	0
73	4	0
73	5	0
73	6	0
73	7	0
73	8	0
73	9	0
73	10	0
73	11	0
73	12	0
73	13	0
73	14	1
73	15	1
73	16	1
73	17	1
73	18	1
73	19	0
73	20	0
73	21	0
73	22	1
73	23	1
73	24	0
73	25	1
73	26	0
73	27	1
73	28	0
73	29	0
73	30	0
73	31	1
73	32	0
73	33	0
73	34	1
73	35	0
73	36	0
73	37	1
73	38	0
73	39	0
73	40	0
74	1	1
74	2	1
74	3	0
74	4	0
74	5	1
74	6	1
74	7	1
74	8	1
74	9	0
74	10	0
74	11	1
74	12	1
74	13	0
74	14	1
74	15	1
74	16	1
74	17	1
74	18	1
74	19	1
74	20	0
74	21	1
74	22	1
74	23	1
74	24	0
74	25	1
74	26	1
74	27	1
74	28	0
74	29	1
74	30	0
74	31	1
74	32	0
74	33	1
74	34	1
74	35	0
74	36	1
74	37	1
74	38	1
74	39	1
74	40	0
75	1	0
75	2	0
75	3	1
75	4	0
75	5	1
75	6	0
75	7	1
75	8	1
75	9	0
75	10	1
75	11	1
75	12	1
75	13	1
75	14	0
75	15	0
75	16	0
75	17	0
75	18	0
75	19	1
75	20	0
75	21	1
75	22	0
75	23	0
75	24	1
75	25	0
75	26	0
75	27	0
75	28	1
75	29	0
75	30	1
75	31	0
75	32	0
75	33	0
75	34	0
75	35	1
75	36	1
75	37	0
75	38	1
75	39	0
75	40	1
76	1	0
76	2	0
76	3	0
76	4	0
76	5	1
76	6	0
76	7	0
76	8	1
76	9	0
76	10	0
76	11	1
76	12	1
76	13	0
76	14	0
76	15	0
76	16	0
76	17	0
76	18	0
76	19	1
76	20	0
76	21	0
76	22	0
76	23	0
76	24	0
76	25	0
76	26	0
76	27	0
76	28	0
76	29	0
76	30	0
76	31	0
76	32	0
76	33	0
76	34	0
76	35	0
76	36	1
76	37	0
76	38	1
76	39	0
76	40	0
77	1	1
77	2	0
77	3	0
77	4	0
77	5	1
77	6	0
77	7	1
77	8	0
77	9	0
77	10	0
77	11	1
77	12	1
77	13	0
77	14	1
77	15	1
77	16	0
77	17	1
77	18	1
77	19	1
77	20	0
77	21	0
77	22	0
77	23	1
77	24	0
77	25	1
77	26	0
77	27	1
77	28	0
77	29	1
77	30	0
77	31	1
77	32	0
77	33	0
77	34	0
77	35	0
77	36	1
77	37	0
77	38	0
77	39	0
77	40	0
78	1	1
78	2	0
78	3	1
78	4	0
78	5	1
78	6	1
78	7	1
78	8	1
78	9	0
78	10	1
78	11	1
78	12	1
78	13	1
78	14	1
78	15	0
78	16	1
78	17	1
78	18	1
78	19	1
78	20	0
78	21	1
78	22	1
78	23	0
78	24	1
78	25	0
78	26	0
78	27	1
78	28	1
78	29	0
78	30	1
78	31	1
78	32	0
78	33	0
78	34	1
78	35	1
78	36	1
78	37	1
78	38	1
78	39	1
78	40	1
79	1	1
79	2	0
79	3	0
79	4	0
79	5	1
79	6	1
79	7	0
79	8	0
79	9	0
79	10	0
79	11	1
79	12	1
79	13	0
79	14	1
79	15	0
79	16	1
79	17	1
79	18	1
79	19	1
79	20	0
79	21	0
79	22	1
79	23	0
79	24	0
79	25	0
79	26	0
79	27	1
79	28	0
79	29	0
79	30	0
79	31	1
79	32	0
79	33	0
79	34	1
79	35	0
79	36	0
79	37	1
79	38	1
79	39	1
79	40	0
80	1	1
80	2	0
80	3	1
80	4	1
80	5	0
80	6	1
80	7	0
80	8	0
80	9	1
80	10	1
80	11	0
80	12	0
80	13	1
80	14	1
80	15	0
80	16	1
80	17	1
80	18	1
80	19	0
80	20	1
80	21	0
80	22	1
80	23	0
80	24	1
80	25	0
80	26	0
80	27	1
80	28	1
80	29	0
80	30	1
80	31	1
80	32	1
80	33	0
80	34	1
80	35	1
80	36	0
80	37	1
80	38	0
80	39	1
80	40	1
81	1	1
81	2	0
81	3	0
81	4	0
81	5	1
81	6	1
81	7	1
81	8	1
81	9	0
81	10	0
81	11	1
81	12	1
81	13	0
81	14	1
81	15	0
81	16	1
81	17	1
81	18	1
81	19	1
81	20	0
81	21	1
81	22	1
81	23	0
81	24	0
81	25	0
81	26	0
81	27	1
81	28	0
81	29	0
81	30	0
81	31	1
81	32	0
81	33	0
81	34	1
81	35	0
81	36	1
81	37	1
81	38	1
81	39	1
81	40	0
82	1	1
82	2	1
82	3	0
82	4	0
82	5	0
82	6	0
82	7	0
82	8	0
82	9	0
82	10	0
82	11	0
82	12	0
82	13	0
82	14	1
82	15	1
82	16	1
82	17	1
82	18	1
82	19	0
82	20	0
82	21	0
82	22	0
82	23	1
82	24	0
82	25	1
82	26	0
82	27	1
82	28	0
82	29	1
82	30	0
82	31	1
82	32	0
82	33	1
82	34	0
82	35	0
82	36	0
82	37	1
82	38	0
82	39	1
82	40	0
83	1	1
83	2	0
83	3	0
83	4	0
83	5	1
83	6	1
83	7	0
83	8	0
83	9	0
83	10	0
83	11	1
83	12	1
83	13	0
83	14	1
83	15	0
83	16	1
83	17	1
83	18	1
83	19	1
83	20	0
83	21	0
83	22	1
83	23	0
83	24	0
83	25	0
83	26	0
83	27	1
83	28	0
83	29	0
83	30	0
83	31	1
83	32	0
83	33	0
83	34	1
83	35	0
83	36	0
83	37	1
83	38	1
83	39	1
83	40	0
84	1	1
84	2	1
84	3	1
84	4	0
84	5	1
84	6	1
84	7	1
84	8	1
84	9	0
84	10	1
84	11	1
84	12	1
84	13	1
84	14	1
84	15	1
84	16	1
84	17	1
84	18	1
84	19	1
84	20	0
84	21	1
84	22	1
84	23	1
84	24	1
84	25	1
84	26	1
84	27	1
84	28	1
84	29	1
84	30	1
84	31	1
84	32	0
84	33	1
84	34	1
84	35	1
84	36	1
84	37	1
84	38	1
84	39	1
84	40	1
85	1	1
85	2	0
85	3	0
85	4	0
85	5	0
85	6	0
85	7	0
85	8	0
85	9	0
85	10	0
85	11	0
85	12	0
85	13	0
85	14	1
85	15	0
85	16	1
85	17	1
85	18	1
85	19	0
85	20	0
85	21	0
85	22	0
85	23	0
85	24	0
85	25	0
85	26	0
85	27	1
85	28	0
85	29	0
85	30	0
85	31	1
85	32	0
85	33	0
85	34	0
85	35	0
85	36	0
85	37	1
85	38	0
85	39	1
85	40	0
86	1	1
86	2	1
86	3	0
86	4	0
86	5	0
86	6	1
86	7	0
86	8	0
86	9	0
86	10	0
86	11	0
86	12	0
86	13	0
86	14	1
86	15	1
86	16	1
86	17	1
86	18	1
86	19	0
86	20	0
86	21	0
86	22	1
86	23	1
86	24	0
86	25	1
86	26	1
86	27	1
86	28	0
86	29	1
86	30	0
86	31	1
86	32	0
86	33	1
86	34	1
86	35	0
86	36	0
86	37	1
86	38	0
86	39	1
86	40	0
87	1	1
87	2	0
87	3	0
87	4	0
87	5	1
87	6	1
87	7	1
87	8	1
87	9	0
87	10	0
87	11	1
87	12	1
87	13	0
87	14	1
87	15	0
87	16	1
87	17	1
87	18	1
87	19	1
87	20	0
87	21	1
87	22	1
87	23	0
87	24	0
87	25	0
87	26	0
87	27	1
87	28	0
87	29	0
87	30	0
87	31	1
87	32	0
87	33	0
87	34	1
87	35	0
87	36	1
87	37	1
87	38	1
87	39	1
87	40	0
88	1	1
88	2	1
88	3	0
88	4	0
88	5	1
88	6	1
88	7	1
88	8	1
88	9	0
88	10	0
88	11	1
88	12	1
88	13	0
88	14	1
88	15	1
88	16	1
88	17	1
88	18	1
88	19	1
88	20	0
88	21	1
88	22	1
88	23	1
88	24	0
88	25	1
88	26	1
88	27	1
88	28	0
88	29	1
88	30	0
88	31	1
88	32	0
88	33	1
88	34	1
88	35	0
88	36	1
88	37	1
88	38	1
88	39	1
88	40	0
89	1	1
89	2	0
89	3	0
89	4	0
89	5	1
89	6	1
89	7	1
89	8	1
89	9	0
89	10	0
89	11	1
89	12	1
89	13	0
89	14	1
89	15	0
89	16	1
89	17	1
89	18	1
89	19	1
89	20	0
89	21	1
89	22	1
89	23	0
89	24	0
89	25	0
89	26	0
89	27	1
89	28	0
89	29	0
89	30	0
89	31	1
89	32	0
89	33	0
89	34	1
89	35	0
89	36	1
89	37	1
89	38	1
89	39	1
89	40	0
90	1	1
90	2	0
90	3	1
90	4	1
90	5	1
90	6	1
90	7	1
90	8	1
90	9	1
90	10	1
90	11	1
90	12	1
90	13	1
90	14	1
90	15	0
90	16	1
90	17	1
90	18	1
90	19	1
90	20	1
90	21	1
90	22	1
90	23	0
90	24	1
90	25	0
90	26	0
90	27	1
90	28	1
90	29	0
90	30	1
90	31	1
90	32	1
90	33	0
90	34	1
90	35	1
90	36	1
90	37	1
90	38	1
90	39	1
90	40	1
91	1	1
91	2	0
91	3	1
91	4	1
91	5	1
91	6	1
91	7	1
91	8	1
91	9	1
91	10	1
91	11	1
91	12	1
91	13	1
91	14	1
91	15	0
91	16	1
91	17	1
91	18	1
91	19	1
91	20	1
91	21	1
91	22	1
91	23	0
91	24	1
91	25	0
91	26	0
91	27	1
91	28	1
91	29	0
91	30	1
91	31	1
91	32	1
91	33	0
91	34	1
91	35	1
91	36	1
91	37	1
91	38	1
91	39	1
91	40	1
92	1	1
92	2	1
92	3	1
92	4	1
92	5	1
92	6	1
92	7	1
92	8	1
92	9	1
92	10	1
92	11	1
92	12	1
92	13	1
92	14	1
92	15	1
92	16	1
92	17	1
92	18	1
92	19	1
92	20	1
92	21	1
92	22	1
92	23	1
92	24	1
92	25	1
92	26	1
92	27	1
92	28	1
92	29	1
92	30	1
92	31	1
92	32	1
92	33	1
92	34	1
92	35	1
92	36	1
92	37	1
92	38	1
92	39	1
92	40	1
93	1	1
93	2	0
93	3	0
93	4	0
93	5	0
93	6	0
93	7	1
93	8	1
93	9	0
93	10	1
93	11	0
93	12	1
93	13	0
93	14	1
93	15	0
93	16	1
93	17	1
93	18	1
93	19	1
93	20	1
93	21	1
93	22	1
93	23	0
93	24	1
93	25	0
93	26	0
93	27	1
93	28	1
93	29	0
93	30	1
93	31	1
93	32	0
93	33	0
93	34	1
93	35	1
93	36	1
93	37	1
93	38	1
93	39	0
93	40	1
94	1	1
94	2	1
94	3	0
94	4	0
94	5	0
94	6	1
94	7	0
94	8	0
94	9	0
94	10	0
94	11	0
94	12	0
94	13	0
94	14	1
94	15	1
94	16	1
94	17	1
94	18	1
94	19	0
94	20	0
94	21	0
94	22	1
94	23	1
94	24	0
94	25	1
94	26	1
94	27	1
94	28	0
94	29	1
94	30	0
94	31	1
94	32	0
94	33	1
94	34	1
94	35	0
94	36	0
94	37	1
94	38	0
94	39	1
94	40	0
95	1	1
95	2	0
95	3	0
95	4	0
95	5	1
95	6	1
95	7	1
95	8	1
95	9	0
95	10	0
95	11	1
95	12	1
95	13	0
95	14	1
95	15	0
95	16	1
95	17	1
95	18	1
95	19	1
95	20	0
95	21	1
95	22	1
95	23	0
95	24	0
95	25	0
95	26	0
95	27	1
95	28	0
95	29	0
95	30	0
95	31	1
95	32	0
95	33	0
95	34	1
95	35	0
95	36	1
95	37	1
95	38	1
95	39	1
95	40	0
96	1	1
96	2	1
96	3	0
96	4	0
96	5	0
96	6	1
96	7	0
96	8	0
96	9	0
96	10	0
96	11	0
96	12	0
96	13	0
96	14	1
96	15	1
96	16	1
96	17	1
96	18	1
96	19	0
96	20	0
96	21	0
96	22	1
96	23	1
96	24	0
96	25	1
96	26	1
96	27	1
96	28	0
96	29	1
96	30	0
96	31	1
96	32	0
96	33	1
96	34	1
96	35	0
96	36	0
96	37	1
96	38	0
96	39	1
96	40	0
97	1	0
97	2	0
97	3	0
97	4	0
97	5	1
97	6	0
97	7	1
97	8	1
97	9	0
97	10	0
97	11	1
97	12	1
97	13	0
97	14	0
97	15	0
97	16	0
97	17	0
97	18	0
97	19	1
97	20	0
97	21	1
97	22	0
97	23	0
97	24	0
97	25	0
97	26	0
97	27	0
97	28	0
97	29	0
97	30	0
97	31	0
97	32	0
97	33	0
97	34	0
97	35	0
97	36	1
97	37	0
97	38	1
97	39	0
97	40	0
98	1	1
98	2	1
98	3	1
98	4	1
98	5	1
98	6	1
98	7	1
98	8	1
98	9	1
98	10	1
98	11	1
98	12	1
98	13	1
98	14	1
98	15	1
98	16	1
98	17	1
98	18	1
98	19	1
98	20	1
98	21	1
98	22	1
98	23	1
98	24	1
98	25	1
98	26	1
98	27	1
98	28	1
98	29	1
98	30	1
98	31	1
98	32	1
98	33	1
98	34	1
98	35	1
98	36	1
98	37	1
98	38	1
98	39	1
98	40	1
99	1	1
99	2	0
99	3	0
99	4	0
99	5	0
99	6	1
99	7	0
99	8	0
99	9	0
99	10	0
99	11	0
99	12	0
99	13	0
99	14	1
99	15	0
99	16	1
99	17	1
99	18	1
99	19	0
99	20	0
99	21	0
99	22	1
99	23	0
99	24	0
99	25	0
99	26	0
99	27	1
99	28	0
99	29	0
99	30	0
99	31	1
99	32	0
99	33	0
99	34	1
99	35	0
99	36	0
99	37	1
99	38	0
99	39	1
99	40	0
100	1	0
100	2	0
100	3	0
100	4	0
100	5	0
100	6	0
100	7	0
100	8	0
100	9	0
100	10	0
100	11	0
100	12	1
100	13	0
100	14	0
100	15	0
100	16	0
100	17	0
100	18	0
100	19	1
100	20	0
100	21	0
100	22	0
100	23	0
100	24	0
100	25	0
100	26	0
100	27	0
100	28	0
100	29	0
100	30	0
100	31	0
100	32	0
100	33	0
100	34	0
100	35	0
100	36	1
100	37	0
100	38	1
100	39	0
100	40	0
101	1	1
101	2	0
101	3	0
101	4	0
101	5	1
101	6	1
101	7	0
101	8	1
101	9	0
101	10	0
101	11	1
101	12	1
101	13	0
101	14	1
101	15	0
101	16	0
101	17	1
101	18	0
101	19	1
101	20	0
101	21	0
101	22	0
101	23	0
101	24	0
101	25	0
101	26	0
101	27	0
101	28	0
101	29	0
101	30	0
101	31	1
101	32	0
101	33	0
101	34	0
101	35	0
101	36	1
101	37	1
101	38	1
101	39	1
101	40	0
102	1	1
102	2	0
102	3	0
102	4	0
102	5	0
102	6	1
102	7	0
102	8	0
102	9	0
102	10	0
102	11	0
102	12	0
102	13	0
102	14	1
102	15	0
102	16	1
102	17	1
102	18	1
102	19	0
102	20	0
102	21	0
102	22	1
102	23	0
102	24	0
102	25	0
102	26	0
102	27	1
102	28	0
102	29	0
102	30	0
102	31	1
102	32	0
102	33	0
102	34	1
102	35	0
102	36	0
102	37	1
102	38	0
102	39	1
102	40	0
103	1	1
103	2	0
103	3	0
103	4	0
103	5	1
103	6	1
103	7	0
103	8	0
103	9	0
103	10	0
103	11	1
103	12	1
103	13	0
103	14	1
103	15	0
103	16	1
103	17	1
103	18	1
103	19	1
103	20	0
103	21	0
103	22	1
103	23	0
103	24	0
103	25	0
103	26	0
103	27	1
103	28	0
103	29	0
103	30	0
103	31	1
103	32	0
103	33	0
103	34	1
103	35	0
103	36	0
103	37	1
103	38	1
103	39	1
103	40	0
104	1	0
104	2	0
104	3	1
104	4	0
104	5	1
104	6	0
104	7	1
104	8	1
104	9	0
104	10	1
104	11	1
104	12	1
104	13	1
104	14	0
104	15	0
104	16	0
104	17	0
104	18	0
104	19	1
104	20	0
104	21	1
104	22	0
104	23	0
104	24	1
104	25	0
104	26	0
104	27	0
104	28	1
104	29	0
104	30	1
104	31	0
104	32	0
104	33	0
104	34	0
104	35	1
104	36	1
104	37	0
104	38	1
104	39	0
104	40	1
105	1	1
105	2	1
105	3	0
105	4	0
105	5	1
105	6	1
105	7	1
105	8	1
105	9	0
105	10	0
105	11	1
105	12	1
105	13	0
105	14	1
105	15	1
105	16	1
105	17	1
105	18	1
105	19	1
105	20	0
105	21	1
105	22	1
105	23	1
105	24	0
105	25	1
105	26	1
105	27	1
105	28	0
105	29	1
105	30	0
105	31	1
105	32	0
105	33	1
105	34	1
105	35	0
105	36	1
105	37	1
105	38	1
105	39	1
105	40	0
106	1	1
106	2	1
106	3	0
106	4	0
106	5	0
106	6	1
106	7	0
106	8	0
106	9	0
106	10	0
106	11	0
106	12	0
106	13	0
106	14	1
106	15	1
106	16	1
106	17	1
106	18	1
106	19	0
106	20	0
106	21	0
106	22	1
106	23	1
106	24	0
106	25	1
106	26	1
106	27	1
106	28	0
106	29	1
106	30	0
106	31	1
106	32	0
106	33	1
106	34	1
106	35	0
106	36	0
106	37	1
106	38	0
106	39	1
106	40	0
107	1	1
107	2	1
107	3	0
107	4	0
107	5	0
107	6	1
107	7	0
107	8	0
107	9	0
107	10	0
107	11	0
107	12	0
107	13	0
107	14	1
107	15	1
107	16	1
107	17	1
107	18	1
107	19	0
107	20	0
107	21	0
107	22	1
107	23	1
107	24	0
107	25	1
107	26	1
107	27	1
107	28	0
107	29	1
107	30	0
107	31	1
107	32	0
107	33	1
107	34	1
107	35	0
107	36	0
107	37	1
107	38	0
107	39	1
107	40	0
108	1	0
108	2	0
108	3	0
108	4	0
108	5	1
108	6	0
108	7	1
108	8	1
108	9	0
108	10	0
108	11	1
108	12	1
108	13	0
108	14	0
108	15	0
108	16	0
108	17	0
108	18	0
108	19	1
108	20	0
108	21	1
108	22	0
108	23	0
108	24	0
108	25	0
108	26	0
108	27	0
108	28	0
108	29	0
108	30	0
108	31	0
108	32	0
108	33	0
108	34	0
108	35	0
108	36	1
108	37	0
108	38	1
108	39	0
108	40	0
109	1	1
109	2	1
109	3	0
109	4	0
109	5	1
109	6	1
109	7	0
109	8	1
109	9	0
109	10	0
109	11	1
109	12	1
109	13	0
109	14	1
109	15	1
109	16	0
109	17	1
109	18	0
109	19	1
109	20	0
109	21	0
109	22	0
109	23	0
109	24	0
109	25	1
109	26	1
109	27	0
109	28	0
109	29	0
109	30	0
109	31	1
109	32	0
109	33	0
109	34	0
109	35	0
109	36	1
109	37	1
109	38	1
109	39	1
109	40	0
110	1	0
110	2	0
110	3	0
110	4	0
110	5	1
110	6	0
110	7	1
110	8	1
110	9	0
110	10	0
110	11	1
110	12	1
110	13	0
110	14	0
110	15	0
110	16	0
110	17	0
110	18	0
110	19	1
110	20	0
110	21	1
110	22	0
110	23	0
110	24	0
110	25	0
110	26	0
110	27	0
110	28	0
110	29	0
110	30	0
110	31	0
110	32	0
110	33	0
110	34	0
110	35	0
110	36	1
110	37	0
110	38	1
110	39	0
110	40	0
111	1	1
111	2	0
111	3	0
111	4	0
111	5	0
111	6	1
111	7	1
111	8	1
111	9	0
111	10	0
111	11	0
111	12	1
111	13	0
111	14	1
111	15	0
111	16	0
111	17	1
111	18	1
111	19	1
111	20	0
111	21	0
111	22	0
111	23	1
111	24	0
111	25	1
111	26	0
111	27	1
111	28	0
111	29	1
111	30	0
111	31	1
111	32	0
111	33	1
111	34	1
111	35	0
111	36	1
111	37	1
111	38	1
111	39	1
111	40	0
112	1	1
112	2	1
112	3	0
112	4	0
112	5	1
112	6	1
112	7	1
112	8	1
112	9	0
112	10	0
112	11	1
112	12	1
112	13	0
112	14	1
112	15	1
112	16	1
112	17	1
112	18	1
112	19	1
112	20	0
112	21	1
112	22	1
112	23	1
112	24	0
112	25	1
112	26	1
112	27	1
112	28	0
112	29	1
112	30	0
112	31	1
112	32	0
112	33	1
112	34	1
112	35	0
112	36	1
112	37	1
112	38	1
112	39	1
112	40	0
113	1	1
113	2	1
113	3	1
113	4	0
113	5	1
113	6	1
113	7	1
113	8	1
113	9	0
113	10	1
113	11	1
113	12	1
113	13	1
113	14	1
113	15	1
113	16	1
113	17	1
113	18	1
113	19	1
113	20	0
113	21	1
113	22	1
113	23	1
113	24	1
113	25	1
113	26	1
113	27	1
113	28	1
113	29	1
113	30	1
113	31	1
113	32	0
113	33	1
113	34	1
113	35	1
113	36	1
113	37	1
113	38	1
113	39	1
113	40	1
114	1	1
114	2	0
114	3	0
114	4	0
114	5	0
114	6	1
114	7	0
114	8	0
114	9	0
114	10	0
114	11	0
114	12	0
114	13	0
114	14	1
114	15	0
114	16	0
114	17	1
114	18	1
114	19	0
114	20	0
114	21	0
114	22	0
114	23	0
114	24	0
114	25	0
114	26	0
114	27	1
114	28	0
114	29	0
114	30	0
114	31	1
114	32	0
114	33	0
114	34	1
114	35	0
114	36	0
114	37	1
114	38	0
114	39	1
114	40	0
115	1	1
115	2	0
115	3	1
115	4	1
115	5	0
115	6	1
115	7	0
115	8	0
115	9	1
115	10	1
115	11	0
115	12	0
115	13	1
115	14	1
115	15	0
115	16	1
115	17	1
115	18	1
115	19	0
115	20	1
115	21	0
115	22	1
115	23	0
115	24	1
115	25	0
115	26	0
115	27	1
115	28	1
115	29	0
115	30	1
115	31	1
115	32	1
115	33	0
115	34	1
115	35	1
115	36	0
115	37	1
115	38	0
115	39	1
115	40	1
116	1	1
116	2	0
116	3	0
116	4	0
116	5	0
116	6	1
116	7	0
116	8	0
116	9	0
116	10	0
116	11	0
116	12	0
116	13	0
116	14	1
116	15	0
116	16	0
116	17	1
116	18	1
116	19	0
116	20	0
116	21	0
116	22	1
116	23	0
116	24	0
116	25	0
116	26	0
116	27	1
116	28	0
116	29	0
116	30	0
116	31	1
116	32	0
116	33	0
116	34	0
116	35	0
116	36	0
116	37	0
116	38	0
116	39	0
116	40	0
117	1	1
117	2	1
117	3	0
117	4	0
117	5	0
117	6	1
117	7	0
117	8	0
117	9	0
117	10	0
117	11	0
117	12	0
117	13	0
117	14	1
117	15	1
117	16	1
117	17	1
117	18	1
117	19	0
117	20	0
117	21	0
117	22	1
117	23	1
117	24	0
117	25	1
117	26	1
117	27	1
117	28	0
117	29	1
117	30	0
117	31	1
117	32	0
117	33	1
117	34	1
117	35	0
117	36	0
117	37	1
117	38	0
117	39	1
117	40	0
118	1	1
118	2	1
118	3	0
118	4	0
118	5	0
118	6	1
118	7	0
118	8	0
118	9	0
118	10	0
118	11	0
118	12	0
118	13	0
118	14	1
118	15	1
118	16	1
118	17	1
118	18	1
118	19	0
118	20	0
118	21	0
118	22	1
118	23	1
118	24	0
118	25	1
118	26	1
118	27	1
118	28	0
118	29	1
118	30	0
118	31	1
118	32	0
118	33	1
118	34	1
118	35	0
118	36	0
118	37	1
118	38	0
118	39	1
118	40	0
119	1	1
119	2	0
119	3	0
119	4	0
119	5	0
119	6	1
119	7	1
119	8	1
119	9	0
119	10	0
119	11	0
119	12	0
119	13	0
119	14	1
119	15	0
119	16	1
119	17	1
119	18	1
119	19	0
119	20	0
119	21	1
119	22	1
119	23	0
119	24	0
119	25	0
119	26	0
119	27	1
119	28	0
119	29	0
119	30	0
119	31	1
119	32	0
119	33	0
119	34	1
119	35	0
119	36	1
119	37	1
119	38	0
119	39	1
119	40	0
120	1	0
120	2	0
120	3	0
120	4	0
120	5	1
120	6	0
120	7	1
120	8	1
120	9	0
120	10	0
120	11	1
120	12	1
120	13	0
120	14	0
120	15	0
120	16	0
120	17	0
120	18	0
120	19	1
120	20	0
120	21	0
120	22	0
120	23	0
120	24	0
120	25	0
120	26	0
120	27	0
120	28	0
120	29	0
120	30	0
120	31	0
120	32	0
120	33	0
120	34	0
120	35	0
120	36	1
120	37	0
120	38	0
120	39	0
120	40	0
121	1	1
121	2	0
121	3	0
121	4	0
121	5	1
121	6	1
121	7	1
121	8	1
121	9	0
121	10	0
121	11	1
121	12	1
121	13	0
121	14	1
121	15	1
121	16	0
121	17	1
121	18	1
121	19	1
121	20	0
121	21	0
121	22	1
121	23	1
121	24	0
121	25	1
121	26	1
121	27	1
121	28	0
121	29	1
121	30	0
121	31	1
121	32	0
121	33	0
121	34	0
121	35	0
121	36	1
121	37	0
121	38	0
121	39	0
121	40	0
122	1	1
122	2	0
122	3	0
122	4	0
122	5	1
122	6	1
122	7	1
122	8	1
122	9	0
122	10	0
122	11	1
122	12	1
122	13	0
122	14	1
122	15	0
122	16	1
122	17	1
122	18	1
122	19	1
122	20	0
122	21	1
122	22	1
122	23	0
122	24	0
122	25	0
122	26	0
122	27	1
122	28	0
122	29	0
122	30	0
122	31	1
122	32	0
122	33	0
122	34	1
122	35	0
122	36	1
122	37	1
122	38	1
122	39	1
122	40	0
123	1	1
123	2	0
123	3	0
123	4	0
123	5	1
123	6	1
123	7	0
123	8	0
123	9	0
123	10	0
123	11	1
123	12	1
123	13	0
123	14	1
123	15	0
123	16	1
123	17	1
123	18	1
123	19	1
123	20	0
123	21	0
123	22	1
123	23	0
123	24	0
123	25	0
123	26	0
123	27	1
123	28	0
123	29	0
123	30	0
123	31	1
123	32	0
123	33	0
123	34	1
123	35	0
123	36	0
123	37	1
123	38	1
123	39	1
123	40	0
124	1	1
124	2	1
124	3	0
124	4	0
124	5	1
124	6	1
124	7	1
124	8	1
124	9	0
124	10	0
124	11	1
124	12	1
124	13	0
124	14	1
124	15	1
124	16	1
124	17	1
124	18	1
124	19	1
124	20	0
124	21	1
124	22	1
124	23	1
124	24	0
124	25	1
124	26	1
124	27	1
124	28	0
124	29	1
124	30	0
124	31	1
124	32	0
124	33	1
124	34	1
124	35	0
124	36	1
124	37	1
124	38	1
124	39	1
124	40	0
125	1	1
125	2	0
125	3	0
125	4	0
125	5	0
125	6	1
125	7	0
125	8	0
125	9	0
125	10	0
125	11	0
125	12	0
125	13	0
125	14	1
125	15	0
125	16	1
125	17	1
125	18	1
125	19	0
125	20	0
125	21	0
125	22	1
125	23	0
125	24	0
125	25	0
125	26	0
125	27	1
125	28	0
125	29	0
125	30	0
125	31	1
125	32	0
125	33	0
125	34	1
125	35	0
125	36	0
125	37	1
125	38	0
125	39	1
125	40	0
126	1	1
126	2	0
126	3	0
126	4	0
126	5	1
126	6	1
126	7	1
126	8	1
126	9	0
126	10	0
126	11	1
126	12	1
126	13	0
126	14	1
126	15	0
126	16	1
126	17	1
126	18	1
126	19	1
126	20	0
126	21	1
126	22	1
126	23	0
126	24	0
126	25	0
126	26	0
126	27	1
126	28	0
126	29	0
126	30	0
126	31	1
126	32	0
126	33	0
126	34	1
126	35	0
126	36	1
126	37	1
126	38	1
126	39	1
126	40	0
127	1	1
127	2	0
127	3	0
127	4	0
127	5	1
127	6	1
127	7	1
127	8	1
127	9	0
127	10	0
127	11	1
127	12	1
127	13	0
127	14	1
127	15	0
127	16	1
127	17	1
127	18	1
127	19	1
127	20	0
127	21	1
127	22	1
127	23	0
127	24	0
127	25	0
127	26	0
127	27	1
127	28	0
127	29	0
127	30	0
127	31	1
127	32	0
127	33	0
127	34	1
127	35	0
127	36	1
127	37	1
127	38	1
127	39	1
127	40	0
128	1	1
128	2	0
128	3	1
128	4	1
128	5	1
128	6	1
128	7	1
128	8	1
128	9	1
128	10	1
128	11	1
128	12	1
128	13	1
128	14	1
128	15	0
128	16	1
128	17	1
128	18	1
128	19	1
128	20	1
128	21	1
128	22	1
128	23	0
128	24	1
128	25	0
128	26	0
128	27	1
128	28	1
128	29	0
128	30	1
128	31	1
128	32	1
128	33	0
128	34	1
128	35	1
128	36	1
128	37	1
128	38	1
128	39	1
128	40	1
129	1	1
129	2	0
129	3	0
129	4	0
129	5	0
129	6	1
129	7	0
129	8	0
129	9	0
129	10	0
129	11	0
129	12	0
129	13	0
129	14	1
129	15	0
129	16	1
129	17	1
129	18	1
129	19	0
129	20	0
129	21	0
129	22	1
129	23	0
129	24	0
129	25	0
129	26	0
129	27	1
129	28	0
129	29	0
129	30	0
129	31	1
129	32	0
129	33	0
129	34	1
129	35	0
129	36	0
129	37	1
129	38	0
129	39	1
129	40	0
130	1	1
130	2	0
130	3	1
130	4	1
130	5	1
130	6	1
130	7	1
130	8	1
130	9	1
130	10	1
130	11	1
130	12	1
130	13	1
130	14	1
130	15	0
130	16	1
130	17	1
130	18	1
130	19	1
130	20	1
130	21	1
130	22	1
130	23	0
130	24	1
130	25	0
130	26	0
130	27	1
130	28	1
130	29	0
130	30	1
130	31	1
130	32	1
130	33	0
130	34	1
130	35	1
130	36	1
130	37	1
130	38	1
130	39	1
130	40	1
131	1	1
131	2	0
131	3	0
131	4	0
131	5	1
131	6	1
131	7	1
131	8	1
131	9	0
131	10	0
131	11	1
131	12	1
131	13	0
131	14	1
131	15	0
131	16	1
131	17	1
131	18	1
131	19	1
131	20	0
131	21	1
131	22	1
131	23	0
131	24	0
131	25	0
131	26	0
131	27	1
131	28	0
131	29	0
131	30	0
131	31	1
131	32	0
131	33	0
131	34	1
131	35	0
131	36	1
131	37	1
131	38	1
131	39	1
131	40	0
132	1	0
132	2	0
132	3	0
132	4	0
132	5	1
132	6	0
132	7	1
132	8	0
132	9	0
132	10	0
132	11	1
132	12	1
132	13	0
132	14	0
132	15	0
132	16	0
132	17	0
132	18	0
132	19	1
132	20	0
132	21	1
132	22	0
132	23	0
132	24	0
132	25	0
132	26	0
132	27	0
132	28	0
132	29	0
132	30	0
132	31	0
132	32	0
132	33	0
132	34	0
132	35	0
132	36	1
132	37	0
132	38	1
132	39	0
132	40	0
133	1	1
133	2	0
133	3	0
133	4	0
133	5	1
133	6	1
133	7	0
133	8	0
133	9	0
133	10	0
133	11	1
133	12	1
133	13	0
133	14	1
133	15	0
133	16	0
133	17	1
133	18	1
133	19	1
133	20	0
133	21	0
133	22	1
133	23	0
133	24	0
133	25	0
133	26	0
133	27	1
133	28	0
133	29	0
133	30	0
133	31	1
133	32	0
133	33	0
133	34	0
133	35	0
133	36	0
133	37	0
133	38	0
133	39	0
133	40	0
134	1	1
134	2	0
134	3	1
134	4	1
134	5	1
134	6	1
134	7	1
134	8	1
134	9	1
134	10	1
134	11	1
134	12	1
134	13	1
134	14	1
134	15	0
134	16	1
134	17	1
134	18	1
134	19	1
134	20	1
134	21	1
134	22	1
134	23	0
134	24	1
134	25	0
134	26	0
134	27	1
134	28	1
134	29	0
134	30	1
134	31	1
134	32	1
134	33	0
134	34	1
134	35	1
134	36	1
134	37	1
134	38	1
134	39	1
134	40	1
135	1	0
135	2	0
135	3	0
135	4	0
135	5	1
135	6	0
135	7	0
135	8	1
135	9	0
135	10	0
135	11	1
135	12	1
135	13	0
135	14	0
135	15	0
135	16	0
135	17	0
135	18	0
135	19	1
135	20	0
135	21	0
135	22	0
135	23	0
135	24	0
135	25	0
135	26	0
135	27	0
135	28	0
135	29	0
135	30	0
135	31	0
135	32	0
135	33	0
135	34	0
135	35	0
135	36	1
135	37	0
135	38	1
135	39	0
135	40	0
136	1	1
136	2	1
136	3	0
136	4	0
136	5	0
136	6	0
136	7	0
136	8	0
136	9	0
136	10	0
136	11	0
136	12	0
136	13	0
136	14	1
136	15	1
136	16	1
136	17	1
136	18	1
136	19	0
136	20	0
136	21	0
136	22	1
136	23	1
136	24	0
136	25	1
136	26	0
136	27	1
136	28	0
136	29	0
136	30	0
136	31	1
136	32	0
136	33	0
136	34	1
136	35	0
136	36	0
136	37	1
136	38	0
136	39	0
136	40	0
137	1	1
137	2	0
137	3	0
137	4	0
137	5	1
137	6	1
137	7	1
137	8	1
137	9	0
137	10	0
137	11	1
137	12	1
137	13	0
137	14	1
137	15	0
137	16	1
137	17	1
137	18	1
137	19	1
137	20	0
137	21	1
137	22	1
137	23	0
137	24	0
137	25	0
137	26	0
137	27	1
137	28	0
137	29	0
137	30	0
137	31	1
137	32	0
137	33	0
137	34	1
137	35	0
137	36	1
137	37	1
137	38	1
137	39	1
137	40	0
138	1	1
138	2	0
138	3	0
138	4	0
138	5	1
138	6	1
138	7	1
138	8	1
138	9	0
138	10	0
138	11	1
138	12	1
138	13	0
138	14	1
138	15	0
138	16	1
138	17	1
138	18	1
138	19	1
138	20	0
138	21	1
138	22	1
138	23	0
138	24	0
138	25	0
138	26	0
138	27	1
138	28	0
138	29	0
138	30	0
138	31	1
138	32	0
138	33	0
138	34	1
138	35	0
138	36	1
138	37	1
138	38	1
138	39	1
138	40	0
139	1	1
139	2	0
139	3	1
139	4	1
139	5	1
139	6	1
139	7	1
139	8	1
139	9	1
139	10	1
139	11	1
139	12	1
139	13	1
139	14	1
139	15	0
139	16	1
139	17	1
139	18	1
139	19	1
139	20	1
139	21	1
139	22	1
139	23	0
139	24	1
139	25	0
139	26	0
139	27	1
139	28	1
139	29	0
139	30	1
139	31	1
139	32	1
139	33	0
139	34	1
139	35	1
139	36	1
139	37	1
139	38	1
139	39	1
139	40	1
140	1	1
140	2	0
140	3	0
140	4	0
140	5	1
140	6	1
140	7	1
140	8	1
140	9	0
140	10	0
140	11	1
140	12	1
140	13	0
140	14	1
140	15	0
140	16	1
140	17	1
140	18	1
140	19	1
140	20	0
140	21	1
140	22	1
140	23	0
140	24	0
140	25	0
140	26	0
140	27	1
140	28	0
140	29	0
140	30	0
140	31	1
140	32	0
140	33	0
140	34	1
140	35	0
140	36	1
140	37	1
140	38	1
140	39	1
140	40	0
141	1	1
141	2	0
141	3	0
141	4	0
141	5	1
141	6	1
141	7	1
141	8	1
141	9	0
141	10	0
141	11	1
141	12	1
141	13	0
141	14	1
141	15	0
141	16	1
141	17	1
141	18	1
141	19	1
141	20	0
141	21	1
141	22	1
141	23	0
141	24	0
141	25	0
141	26	0
141	27	1
141	28	0
141	29	0
141	30	0
141	31	1
141	32	0
141	33	0
141	34	1
141	35	0
141	36	1
141	37	1
141	38	1
141	39	1
141	40	0
142	1	1
142	2	1
142	3	0
142	4	0
142	5	0
142	6	1
142	7	0
142	8	0
142	9	0
142	10	0
142	11	0
142	12	0
142	13	0
142	14	1
142	15	1
142	16	1
142	17	1
142	18	1
142	19	0
142	20	0
142	21	0
142	22	1
142	23	1
142	24	0
142	25	1
142	26	1
142	27	1
142	28	0
142	29	1
142	30	0
142	31	1
142	32	0
142	33	1
142	34	1
142	35	0
142	36	0
142	37	1
142	38	0
142	39	1
142	40	0
143	1	1
143	2	1
143	3	0
143	4	0
143	5	1
143	6	1
143	7	1
143	8	1
143	9	0
143	10	0
143	11	1
143	12	1
143	13	0
143	14	1
143	15	1
143	16	1
143	17	1
143	18	1
143	19	1
143	20	0
143	21	1
143	22	1
143	23	1
143	24	0
143	25	1
143	26	1
143	27	1
143	28	0
143	29	1
143	30	0
143	31	1
143	32	0
143	33	1
143	34	1
143	35	0
143	36	1
143	37	1
143	38	1
143	39	1
143	40	0
144	1	0
144	2	0
144	3	0
144	4	0
144	5	1
144	6	0
144	7	1
144	8	1
144	9	0
144	10	0
144	11	1
144	12	1
144	13	0
144	14	0
144	15	0
144	16	0
144	17	0
144	18	0
144	19	1
144	20	0
144	21	1
144	22	0
144	23	0
144	24	0
144	25	0
144	26	0
144	27	0
144	28	0
144	29	0
144	30	0
144	31	0
144	32	0
144	33	0
144	34	0
144	35	0
144	36	1
144	37	0
144	38	1
144	39	0
144	40	0
145	1	1
145	2	0
145	3	1
145	4	1
145	5	1
145	6	1
145	7	1
145	8	1
145	9	1
145	10	1
145	11	1
145	12	1
145	13	1
145	14	1
145	15	0
145	16	1
145	17	1
145	18	1
145	19	1
145	20	1
145	21	1
145	22	1
145	23	0
145	24	1
145	25	0
145	26	0
145	27	1
145	28	1
145	29	0
145	30	1
145	31	1
145	32	1
145	33	0
145	34	1
145	35	1
145	36	1
145	37	1
145	38	1
145	39	1
145	40	1
146	1	1
146	2	0
146	3	1
146	4	0
146	5	1
146	6	0
146	7	1
146	8	0
146	9	1
146	10	1
146	11	1
146	12	1
146	13	1
146	14	1
146	15	0
146	16	1
146	17	1
146	18	1
146	19	1
146	20	1
146	21	1
146	22	0
146	23	0
146	24	1
146	25	0
146	26	0
146	27	1
146	28	0
146	29	0
146	30	1
146	31	1
146	32	1
146	33	0
146	34	0
146	35	1
146	36	1
146	37	1
146	38	1
146	39	1
146	40	1
147	1	1
147	2	0
147	3	0
147	4	0
147	5	0
147	6	1
147	7	1
147	8	1
147	9	0
147	10	0
147	11	0
147	12	0
147	13	0
147	14	1
147	15	0
147	16	1
147	17	1
147	18	1
147	19	0
147	20	0
147	21	1
147	22	1
147	23	0
147	24	0
147	25	0
147	26	0
147	27	1
147	28	0
147	29	0
147	30	0
147	31	1
147	32	0
147	33	0
147	34	1
147	35	0
147	36	1
147	37	1
147	38	0
147	39	1
147	40	0
148	1	1
148	2	0
148	3	0
148	4	0
148	5	0
148	6	1
148	7	1
148	8	1
148	9	0
148	10	0
148	11	0
148	12	0
148	13	0
148	14	1
148	15	0
148	16	1
148	17	1
148	18	1
148	19	0
148	20	0
148	21	1
148	22	1
148	23	0
148	24	0
148	25	0
148	26	0
148	27	1
148	28	0
148	29	0
148	30	0
148	31	1
148	32	0
148	33	0
148	34	1
148	35	0
148	36	1
148	37	1
148	38	0
148	39	1
148	40	0
149	1	1
149	2	0
149	3	0
149	4	0
149	5	1
149	6	1
149	7	1
149	8	1
149	9	0
149	10	0
149	11	1
149	12	1
149	13	0
149	14	1
149	15	0
149	16	1
149	17	1
149	18	1
149	19	1
149	20	0
149	21	1
149	22	1
149	23	0
149	24	0
149	25	0
149	26	0
149	27	1
149	28	0
149	29	0
149	30	0
149	31	1
149	32	0
149	33	0
149	34	1
149	35	0
149	36	1
149	37	1
149	38	1
149	39	1
149	40	0
150	1	1
150	2	1
150	3	1
150	4	0
150	5	1
150	6	0
150	7	1
150	8	0
150	9	1
150	10	1
150	11	1
150	12	1
150	13	1
150	14	1
150	15	1
150	16	1
150	17	1
150	18	1
150	19	1
150	20	1
150	21	1
150	22	0
150	23	1
150	24	1
150	25	1
150	26	0
150	27	1
150	28	0
150	29	1
150	30	1
150	31	1
150	32	1
150	33	1
150	34	0
150	35	1
150	36	1
150	37	1
150	38	1
150	39	1
150	40	1
151	1	1
151	2	0
151	3	0
151	4	0
151	5	1
151	6	1
151	7	1
151	8	1
151	9	0
151	10	0
151	11	1
151	12	1
151	13	0
151	14	1
151	15	0
151	16	1
151	17	1
151	18	1
151	19	1
151	20	0
151	21	1
151	22	1
151	23	0
151	24	0
151	25	0
151	26	0
151	27	1
151	28	0
151	29	0
151	30	0
151	31	1
151	32	0
151	33	0
151	34	1
151	35	0
151	36	1
151	37	1
151	38	1
151	39	1
151	40	0
152	1	0
152	2	0
152	3	0
152	4	0
152	5	1
152	6	0
152	7	1
152	8	1
152	9	0
152	10	0
152	11	1
152	12	1
152	13	0
152	14	0
152	15	0
152	16	0
152	17	0
152	18	0
152	19	1
152	20	0
152	21	1
152	22	0
152	23	0
152	24	0
152	25	0
152	26	0
152	27	0
152	28	0
152	29	0
152	30	0
152	31	0
152	32	0
152	33	0
152	34	0
152	35	0
152	36	1
152	37	0
152	38	1
152	39	0
152	40	0
153	1	1
153	2	0
153	3	0
153	4	0
153	5	0
153	6	1
153	7	0
153	8	0
153	9	0
153	10	0
153	11	0
153	12	0
153	13	0
153	14	1
153	15	0
153	16	1
153	17	1
153	18	1
153	19	0
153	20	0
153	21	0
153	22	1
153	23	0
153	24	0
153	25	0
153	26	0
153	27	1
153	28	0
153	29	0
153	30	0
153	31	1
153	32	0
153	33	0
153	34	1
153	35	0
153	36	0
153	37	1
153	38	0
153	39	1
153	40	0
154	1	1
154	2	0
154	3	0
154	4	0
154	5	1
154	6	1
154	7	1
154	8	1
154	9	0
154	10	0
154	11	1
154	12	1
154	13	0
154	14	1
154	15	0
154	16	1
154	17	1
154	18	1
154	19	1
154	20	0
154	21	1
154	22	1
154	23	0
154	24	0
154	25	0
154	26	0
154	27	1
154	28	0
154	29	0
154	30	0
154	31	1
154	32	0
154	33	0
154	34	1
154	35	0
154	36	1
154	37	1
154	38	1
154	39	1
154	40	0
155	1	1
155	2	1
155	3	0
155	4	0
155	5	1
155	6	1
155	7	1
155	8	1
155	9	0
155	10	0
155	11	1
155	12	1
155	13	0
155	14	1
155	15	1
155	16	1
155	17	1
155	18	1
155	19	1
155	20	0
155	21	1
155	22	1
155	23	1
155	24	0
155	25	1
155	26	1
155	27	1
155	28	0
155	29	1
155	30	0
155	31	1
155	32	0
155	33	1
155	34	1
155	35	0
155	36	1
155	37	1
155	38	1
155	39	1
155	40	0
156	1	1
156	2	0
156	3	0
156	4	0
156	5	0
156	6	1
156	7	0
156	8	0
156	9	0
156	10	0
156	11	0
156	12	0
156	13	0
156	14	1
156	15	0
156	16	1
156	17	1
156	18	1
156	19	0
156	20	0
156	21	0
156	22	1
156	23	0
156	24	0
156	25	0
156	26	0
156	27	1
156	28	0
156	29	0
156	30	0
156	31	1
156	32	0
156	33	0
156	34	1
156	35	0
156	36	0
156	37	1
156	38	0
156	39	1
156	40	0
157	1	1
157	2	0
157	3	0
157	4	0
157	5	1
157	6	1
157	7	1
157	8	1
157	9	0
157	10	0
157	11	1
157	12	1
157	13	0
157	14	1
157	15	0
157	16	1
157	17	1
157	18	1
157	19	1
157	20	0
157	21	1
157	22	1
157	23	0
157	24	0
157	25	0
157	26	0
157	27	1
157	28	0
157	29	0
157	30	0
157	31	1
157	32	0
157	33	0
157	34	1
157	35	0
157	36	1
157	37	1
157	38	1
157	39	1
157	40	0
158	1	1
158	2	0
158	3	0
158	4	0
158	5	0
158	6	1
158	7	0
158	8	0
158	9	0
158	10	0
158	11	0
158	12	0
158	13	0
158	14	1
158	15	0
158	16	1
158	17	1
158	18	1
158	19	0
158	20	0
158	21	0
158	22	1
158	23	0
158	24	0
158	25	0
158	26	0
158	27	1
158	28	0
158	29	0
158	30	0
158	31	1
158	32	0
158	33	0
158	34	1
158	35	0
158	36	0
158	37	1
158	38	0
158	39	1
158	40	0
159	1	1
159	2	1
159	3	0
159	4	0
159	5	0
159	6	1
159	7	0
159	8	0
159	9	0
159	10	0
159	11	0
159	12	0
159	13	0
159	14	1
159	15	1
159	16	1
159	17	1
159	18	1
159	19	0
159	20	0
159	21	0
159	22	1
159	23	1
159	24	0
159	25	1
159	26	1
159	27	1
159	28	0
159	29	1
159	30	0
159	31	1
159	32	0
159	33	1
159	34	1
159	35	0
159	36	0
159	37	1
159	38	0
159	39	1
159	40	0
160	1	1
160	2	1
160	3	1
160	4	0
160	5	1
160	6	1
160	7	1
160	8	1
160	9	0
160	10	1
160	11	1
160	12	1
160	13	1
160	14	1
160	15	1
160	16	1
160	17	1
160	18	1
160	19	1
160	20	0
160	21	1
160	22	1
160	23	1
160	24	1
160	25	1
160	26	1
160	27	1
160	28	1
160	29	1
160	30	1
160	31	1
160	32	0
160	33	1
160	34	1
160	35	1
160	36	1
160	37	1
160	38	1
160	39	1
160	40	1
161	1	1
161	2	1
161	3	0
161	4	0
161	5	1
161	6	1
161	7	1
161	8	1
161	9	0
161	10	0
161	11	1
161	12	1
161	13	0
161	14	1
161	15	1
161	16	1
161	17	1
161	18	1
161	19	1
161	20	0
161	21	1
161	22	1
161	23	1
161	24	0
161	25	1
161	26	1
161	27	1
161	28	0
161	29	1
161	30	0
161	31	1
161	32	0
161	33	1
161	34	1
161	35	0
161	36	1
161	37	1
161	38	1
161	39	1
161	40	0
162	1	1
162	2	0
162	3	0
162	4	0
162	5	1
162	6	1
162	7	1
162	8	1
162	9	0
162	10	0
162	11	1
162	12	1
162	13	0
162	14	1
162	15	0
162	16	1
162	17	1
162	18	1
162	19	1
162	20	0
162	21	1
162	22	1
162	23	0
162	24	0
162	25	0
162	26	0
162	27	1
162	28	0
162	29	0
162	30	0
162	31	1
162	32	0
162	33	0
162	34	1
162	35	0
162	36	1
162	37	1
162	38	1
162	39	1
162	40	0
163	1	1
163	2	0
163	3	0
163	4	0
163	5	1
163	6	1
163	7	1
163	8	1
163	9	0
163	10	0
163	11	1
163	12	1
163	13	0
163	14	1
163	15	0
163	16	1
163	17	1
163	18	1
163	19	1
163	20	0
163	21	1
163	22	1
163	23	0
163	24	0
163	25	0
163	26	0
163	27	1
163	28	0
163	29	0
163	30	0
163	31	1
163	32	0
163	33	0
163	34	1
163	35	0
163	36	1
163	37	1
163	38	1
163	39	1
163	40	0
164	1	1
164	2	0
164	3	0
164	4	0
164	5	0
164	6	1
164	7	0
164	8	0
164	9	0
164	10	0
164	11	0
164	12	0
164	13	0
164	14	1
164	15	0
164	16	1
164	17	1
164	18	1
164	19	0
164	20	0
164	21	0
164	22	1
164	23	0
164	24	0
164	25	0
164	26	0
164	27	1
164	28	0
164	29	0
164	30	0
164	31	1
164	32	0
164	33	0
164	34	1
164	35	0
164	36	0
164	37	1
164	38	0
164	39	1
164	40	0
165	1	1
165	2	0
165	3	0
165	4	0
165	5	0
165	6	1
165	7	0
165	8	0
165	9	0
165	10	0
165	11	0
165	12	0
165	13	0
165	14	1
165	15	0
165	16	1
165	17	1
165	18	1
165	19	0
165	20	0
165	21	0
165	22	1
165	23	0
165	24	0
165	25	0
165	26	0
165	27	1
165	28	0
165	29	0
165	30	0
165	31	1
165	32	0
165	33	0
165	34	1
165	35	0
165	36	0
165	37	1
165	38	0
165	39	1
165	40	0
166	1	1
166	2	0
166	3	0
166	4	0
166	5	1
166	6	1
166	7	1
166	8	1
166	9	0
166	10	0
166	11	1
166	12	1
166	13	0
166	14	1
166	15	0
166	16	0
166	17	1
166	18	1
166	19	1
166	20	0
166	21	0
166	22	1
166	23	0
166	24	0
166	25	0
166	26	0
166	27	1
166	28	0
166	29	0
166	30	0
166	31	1
166	32	0
166	33	0
166	34	0
166	35	0
166	36	1
166	37	0
166	38	0
166	39	0
166	40	0
167	1	0
167	2	0
167	3	1
167	4	0
167	5	1
167	6	0
167	7	1
167	8	1
167	9	0
167	10	0
167	11	1
167	12	1
167	13	0
167	14	0
167	15	0
167	16	0
167	17	0
167	18	0
167	19	1
167	20	0
167	21	0
167	22	0
167	23	0
167	24	1
167	25	0
167	26	0
167	27	0
167	28	1
167	29	0
167	30	1
167	31	0
167	32	0
167	33	0
167	34	0
167	35	1
167	36	1
167	37	0
167	38	0
167	39	0
167	40	1
168	1	1
168	2	0
168	3	0
168	4	0
168	5	0
168	6	1
168	7	1
168	8	1
168	9	0
168	10	0
168	11	0
168	12	1
168	13	0
168	14	1
168	15	0
168	16	0
168	17	1
168	18	1
168	19	1
168	20	0
168	21	0
168	22	0
168	23	0
168	24	0
168	25	0
168	26	0
168	27	1
168	28	0
168	29	0
168	30	0
168	31	1
168	32	0
168	33	0
168	34	1
168	35	0
168	36	1
168	37	1
168	38	1
168	39	1
168	40	0
169	1	1
169	2	1
169	3	0
169	4	0
169	5	1
169	6	0
169	7	1
169	8	0
169	9	0
169	10	0
169	11	1
169	12	1
169	13	0
169	14	1
169	15	1
169	16	1
169	17	1
169	18	1
169	19	1
169	20	0
169	21	1
169	22	0
169	23	1
169	24	0
169	25	1
169	26	0
169	27	1
169	28	0
169	29	1
169	30	0
169	31	1
169	32	0
169	33	1
169	34	0
169	35	0
169	36	1
169	37	1
169	38	1
169	39	1
169	40	0
170	1	1
170	2	0
170	3	0
170	4	0
170	5	1
170	6	1
170	7	1
170	8	1
170	9	0
170	10	0
170	11	1
170	12	1
170	13	0
170	14	1
170	15	0
170	16	1
170	17	1
170	18	1
170	19	1
170	20	0
170	21	1
170	22	1
170	23	0
170	24	0
170	25	0
170	26	0
170	27	1
170	28	0
170	29	0
170	30	0
170	31	1
170	32	0
170	33	0
170	34	1
170	35	0
170	36	1
170	37	1
170	38	1
170	39	1
170	40	0
171	1	1
171	2	1
171	3	0
171	4	0
171	5	0
171	6	1
171	7	0
171	8	0
171	9	0
171	10	0
171	11	0
171	12	0
171	13	0
171	14	1
171	15	1
171	16	1
171	17	1
171	18	1
171	19	0
171	20	0
171	21	0
171	22	1
171	23	1
171	24	0
171	25	1
171	26	1
171	27	1
171	28	0
171	29	1
171	30	0
171	31	1
171	32	0
171	33	1
171	34	1
171	35	0
171	36	0
171	37	1
171	38	0
171	39	1
171	40	0
172	1	1
172	2	0
172	3	0
172	4	0
172	5	0
172	6	1
172	7	1
172	8	1
172	9	0
172	10	0
172	11	0
172	12	0
172	13	0
172	14	1
172	15	0
172	16	0
172	17	1
172	18	1
172	19	0
172	20	0
172	21	0
172	22	1
172	23	0
172	24	0
172	25	0
172	26	0
172	27	1
172	28	0
172	29	0
172	30	0
172	31	1
172	32	0
172	33	0
172	34	0
172	35	0
172	36	1
172	37	0
172	38	0
172	39	0
172	40	0
173	1	1
173	2	1
173	3	0
173	4	0
173	5	1
173	6	1
173	7	1
173	8	1
173	9	0
173	10	0
173	11	1
173	12	1
173	13	0
173	14	1
173	15	1
173	16	1
173	17	1
173	18	1
173	19	1
173	20	0
173	21	1
173	22	1
173	23	1
173	24	0
173	25	1
173	26	1
173	27	1
173	28	0
173	29	1
173	30	0
173	31	1
173	32	0
173	33	1
173	34	1
173	35	0
173	36	1
173	37	1
173	38	1
173	39	1
173	40	0
174	1	1
174	2	0
174	3	0
174	4	0
174	5	0
174	6	0
174	7	1
174	8	1
174	9	0
174	10	0
174	11	0
174	12	1
174	13	0
174	14	1
174	15	0
174	16	1
174	17	1
174	18	1
174	19	1
174	20	0
174	21	1
174	22	1
174	23	0
174	24	0
174	25	0
174	26	0
174	27	1
174	28	0
174	29	0
174	30	0
174	31	1
174	32	0
174	33	0
174	34	1
174	35	0
174	36	1
174	37	1
174	38	1
174	39	0
174	40	0
175	1	1
175	2	0
175	3	0
175	4	0
175	5	0
175	6	1
175	7	1
175	8	1
175	9	0
175	10	0
175	11	0
175	12	0
175	13	0
175	14	1
175	15	0
175	16	1
175	17	1
175	18	1
175	19	0
175	20	0
175	21	1
175	22	1
175	23	0
175	24	0
175	25	0
175	26	0
175	27	1
175	28	0
175	29	0
175	30	0
175	31	1
175	32	0
175	33	0
175	34	1
175	35	0
175	36	1
175	37	1
175	38	0
175	39	1
175	40	0
176	1	1
176	2	0
176	3	0
176	4	0
176	5	1
176	6	1
176	7	0
176	8	0
176	9	0
176	10	0
176	11	1
176	12	1
176	13	0
176	14	1
176	15	0
176	16	1
176	17	1
176	18	1
176	19	1
176	20	0
176	21	0
176	22	1
176	23	0
176	24	0
176	25	0
176	26	0
176	27	1
176	28	0
176	29	0
176	30	0
176	31	1
176	32	0
176	33	0
176	34	1
176	35	0
176	36	0
176	37	1
176	38	1
176	39	1
176	40	0
177	1	1
177	2	1
177	3	0
177	4	0
177	5	0
177	6	0
177	7	0
177	8	0
177	9	0
177	10	1
177	11	0
177	12	0
177	13	0
177	14	1
177	15	1
177	16	1
177	17	1
177	18	1
177	19	0
177	20	0
177	21	0
177	22	1
177	23	1
177	24	1
177	25	1
177	26	0
177	27	1
177	28	1
177	29	0
177	30	1
177	31	1
177	32	0
177	33	0
177	34	1
177	35	1
177	36	0
177	37	1
177	38	0
177	39	0
177	40	1
178	1	1
178	2	1
178	3	0
178	4	0
178	5	1
178	6	1
178	7	1
178	8	1
178	9	0
178	10	0
178	11	1
178	12	1
178	13	0
178	14	1
178	15	1
178	16	1
178	17	1
178	18	1
178	19	1
178	20	0
178	21	1
178	22	1
178	23	1
178	24	0
178	25	1
178	26	1
178	27	1
178	28	0
178	29	1
178	30	0
178	31	1
178	32	0
178	33	1
178	34	1
178	35	0
178	36	1
178	37	1
178	38	1
178	39	1
178	40	0
179	1	0
179	2	0
179	3	0
179	4	0
179	5	1
179	6	0
179	7	1
179	8	1
179	9	0
179	10	0
179	11	1
179	12	1
179	13	0
179	14	0
179	15	0
179	16	0
179	17	0
179	18	0
179	19	1
179	20	0
179	21	1
179	22	0
179	23	0
179	24	0
179	25	0
179	26	0
179	27	0
179	28	0
179	29	0
179	30	0
179	31	0
179	32	0
179	33	0
179	34	0
179	35	0
179	36	1
179	37	0
179	38	1
179	39	0
179	40	0
180	1	1
180	2	0
180	3	0
180	4	0
180	5	0
180	6	0
180	7	1
180	8	0
180	9	0
180	10	0
180	11	0
180	12	1
180	13	0
180	14	1
180	15	0
180	16	0
180	17	1
180	18	1
180	19	1
180	20	0
180	21	0
180	22	0
180	23	1
180	24	0
180	25	1
180	26	0
180	27	1
180	28	0
180	29	1
180	30	0
180	31	1
180	32	0
180	33	1
180	34	0
180	35	0
180	36	1
180	37	1
180	38	1
180	39	1
180	40	0
181	1	1
181	2	0
181	3	1
181	4	1
181	5	0
181	6	1
181	7	0
181	8	0
181	9	1
181	10	1
181	11	0
181	12	0
181	13	1
181	14	1
181	15	0
181	16	1
181	17	1
181	18	1
181	19	0
181	20	1
181	21	0
181	22	1
181	23	0
181	24	1
181	25	0
181	26	0
181	27	1
181	28	1
181	29	0
181	30	1
181	31	1
181	32	1
181	33	0
181	34	1
181	35	1
181	36	0
181	37	1
181	38	0
181	39	1
181	40	1
182	1	1
182	2	0
182	3	0
182	4	0
182	5	0
182	6	1
182	7	0
182	8	0
182	9	0
182	10	0
182	11	0
182	12	0
182	13	0
182	14	1
182	15	0
182	16	1
182	17	1
182	18	1
182	19	0
182	20	0
182	21	0
182	22	1
182	23	0
182	24	0
182	25	0
182	26	0
182	27	1
182	28	0
182	29	0
182	30	0
182	31	1
182	32	0
182	33	0
182	34	1
182	35	0
182	36	0
182	37	1
182	38	0
182	39	1
182	40	0
183	1	1
183	2	0
183	3	0
183	4	0
183	5	0
183	6	1
183	7	1
183	8	1
183	9	0
183	10	0
183	11	0
183	12	0
183	13	0
183	14	1
183	15	0
183	16	1
183	17	1
183	18	1
183	19	0
183	20	0
183	21	1
183	22	1
183	23	0
183	24	0
183	25	0
183	26	0
183	27	1
183	28	0
183	29	0
183	30	0
183	31	1
183	32	0
183	33	0
183	34	1
183	35	0
183	36	1
183	37	1
183	38	0
183	39	1
183	40	0
184	1	1
184	2	1
184	3	0
184	4	0
184	5	0
184	6	1
184	7	0
184	8	0
184	9	0
184	10	0
184	11	0
184	12	0
184	13	0
184	14	1
184	15	1
184	16	1
184	17	1
184	18	1
184	19	0
184	20	0
184	21	0
184	22	1
184	23	1
184	24	0
184	25	1
184	26	1
184	27	1
184	28	0
184	29	1
184	30	0
184	31	1
184	32	0
184	33	1
184	34	1
184	35	0
184	36	0
184	37	1
184	38	0
184	39	1
184	40	0
185	1	1
185	2	0
185	3	0
185	4	0
185	5	1
185	6	1
185	7	0
185	8	0
185	9	0
185	10	0
185	11	1
185	12	1
185	13	0
185	14	1
185	15	0
185	16	1
185	17	1
185	18	1
185	19	1
185	20	0
185	21	0
185	22	1
185	23	0
185	24	0
185	25	0
185	26	0
185	27	1
185	28	0
185	29	0
185	30	0
185	31	1
185	32	0
185	33	0
185	34	1
185	35	0
185	36	0
185	37	1
185	38	1
185	39	1
185	40	0
186	1	1
186	2	0
186	3	0
186	4	0
186	5	0
186	6	1
186	7	1
186	8	1
186	9	0
186	10	0
186	11	0
186	12	1
186	13	0
186	14	1
186	15	0
186	16	0
186	17	1
186	18	1
186	19	1
186	20	0
186	21	0
186	22	0
186	23	0
186	24	0
186	25	0
186	26	0
186	27	1
186	28	0
186	29	0
186	30	0
186	31	1
186	32	0
186	33	0
186	34	0
186	35	0
186	36	1
186	37	0
186	38	0
186	39	0
186	40	0
187	1	0
187	2	0
187	3	0
187	4	0
187	5	1
187	6	0
187	7	1
187	8	0
187	9	0
187	10	0
187	11	1
187	12	1
187	13	0
187	14	0
187	15	0
187	16	0
187	17	0
187	18	0
187	19	1
187	20	0
187	21	1
187	22	0
187	23	0
187	24	0
187	25	0
187	26	0
187	27	0
187	28	0
187	29	0
187	30	0
187	31	0
187	32	0
187	33	0
187	34	0
187	35	0
187	36	1
187	37	0
187	38	1
187	39	0
187	40	0
188	1	1
188	2	1
188	3	0
188	4	0
188	5	0
188	6	0
188	7	0
188	8	0
188	9	0
188	10	0
188	11	0
188	12	0
188	13	0
188	14	1
188	15	1
188	16	1
188	17	1
188	18	1
188	19	0
188	20	0
188	21	0
188	22	0
188	23	1
188	24	0
188	25	1
188	26	0
188	27	1
188	28	0
188	29	1
188	30	0
188	31	1
188	32	0
188	33	1
188	34	0
188	35	0
188	36	0
188	37	1
188	38	0
188	39	1
188	40	0
189	1	1
189	2	1
189	3	0
189	4	0
189	5	0
189	6	1
189	7	0
189	8	0
189	9	0
189	10	0
189	11	0
189	12	0
189	13	0
189	14	1
189	15	1
189	16	1
189	17	1
189	18	1
189	19	0
189	20	0
189	21	0
189	22	1
189	23	1
189	24	0
189	25	1
189	26	1
189	27	1
189	28	0
189	29	1
189	30	0
189	31	1
189	32	0
189	33	1
189	34	1
189	35	0
189	36	0
189	37	1
189	38	0
189	39	1
189	40	0
190	1	1
190	2	0
190	3	1
190	4	1
190	5	0
190	6	1
190	7	0
190	8	0
190	9	1
190	10	1
190	11	0
190	12	0
190	13	1
190	14	1
190	15	0
190	16	1
190	17	1
190	18	1
190	19	0
190	20	1
190	21	0
190	22	1
190	23	0
190	24	1
190	25	0
190	26	0
190	27	1
190	28	1
190	29	0
190	30	1
190	31	1
190	32	1
190	33	0
190	34	1
190	35	1
190	36	0
190	37	1
190	38	0
190	39	1
190	40	1
191	1	1
191	2	0
191	3	1
191	4	0
191	5	0
191	6	1
191	7	1
191	8	1
191	9	1
191	10	0
191	11	0
191	12	0
191	13	0
191	14	1
191	15	0
191	16	0
191	17	1
191	18	1
191	19	0
191	20	1
191	21	0
191	22	1
191	23	0
191	24	1
191	25	0
191	26	0
191	27	1
191	28	1
191	29	0
191	30	1
191	31	1
191	32	1
191	33	0
191	34	0
191	35	1
191	36	1
191	37	0
191	38	0
191	39	0
191	40	1
192	1	1
192	2	1
192	3	1
192	4	0
192	5	0
192	6	1
192	7	0
192	8	0
192	9	0
192	10	1
192	11	0
192	12	0
192	13	1
192	14	1
192	15	1
192	16	1
192	17	1
192	18	1
192	19	0
192	20	0
192	21	0
192	22	1
192	23	1
192	24	1
192	25	1
192	26	1
192	27	1
192	28	1
192	29	1
192	30	1
192	31	1
192	32	0
192	33	1
192	34	1
192	35	1
192	36	0
192	37	1
192	38	0
192	39	1
192	40	1
193	1	1
193	2	0
193	3	0
193	4	0
193	5	1
193	6	1
193	7	0
193	8	0
193	9	0
193	10	0
193	11	1
193	12	1
193	13	0
193	14	1
193	15	0
193	16	1
193	17	1
193	18	1
193	19	1
193	20	0
193	21	0
193	22	1
193	23	0
193	24	0
193	25	0
193	26	0
193	27	1
193	28	0
193	29	0
193	30	0
193	31	1
193	32	0
193	33	0
193	34	1
193	35	0
193	36	0
193	37	1
193	38	1
193	39	1
193	40	0
194	1	1
194	2	1
194	3	0
194	4	0
194	5	0
194	6	1
194	7	0
194	8	0
194	9	0
194	10	0
194	11	0
194	12	0
194	13	0
194	14	1
194	15	1
194	16	0
194	17	1
194	18	0
194	19	0
194	20	0
194	21	0
194	22	0
194	23	0
194	24	0
194	25	1
194	26	1
194	27	0
194	28	0
194	29	0
194	30	0
194	31	1
194	32	0
194	33	0
194	34	0
194	35	0
194	36	0
194	37	1
194	38	0
194	39	1
194	40	0
195	1	1
195	2	0
195	3	0
195	4	0
195	5	0
195	6	1
195	7	1
195	8	1
195	9	0
195	10	0
195	11	0
195	12	0
195	13	0
195	14	1
195	15	0
195	16	1
195	17	1
195	18	1
195	19	0
195	20	0
195	21	1
195	22	1
195	23	0
195	24	0
195	25	0
195	26	0
195	27	1
195	28	0
195	29	0
195	30	0
195	31	1
195	32	0
195	33	0
195	34	1
195	35	0
195	36	1
195	37	1
195	38	0
195	39	1
195	40	0
196	1	1
196	2	0
196	3	0
196	4	0
196	5	1
196	6	1
196	7	0
196	8	0
196	9	0
196	10	0
196	11	1
196	12	1
196	13	0
196	14	1
196	15	0
196	16	1
196	17	1
196	18	1
196	19	1
196	20	0
196	21	0
196	22	1
196	23	0
196	24	0
196	25	0
196	26	0
196	27	1
196	28	0
196	29	0
196	30	0
196	31	1
196	32	0
196	33	0
196	34	1
196	35	0
196	36	0
196	37	1
196	38	1
196	39	1
196	40	0
197	1	1
197	2	0
197	3	0
197	4	0
197	5	1
197	6	1
197	7	1
197	8	1
197	9	0
197	10	0
197	11	1
197	12	1
197	13	0
197	14	1
197	15	0
197	16	1
197	17	1
197	18	1
197	19	1
197	20	0
197	21	1
197	22	1
197	23	0
197	24	0
197	25	0
197	26	0
197	27	1
197	28	0
197	29	0
197	30	0
197	31	1
197	32	0
197	33	0
197	34	1
197	35	0
197	36	1
197	37	1
197	38	1
197	39	1
197	40	0
198	1	0
198	2	0
198	3	0
198	4	0
198	5	1
198	6	0
198	7	1
198	8	1
198	9	0
198	10	0
198	11	1
198	12	1
198	13	0
198	14	0
198	15	0
198	16	0
198	17	0
198	18	0
198	19	1
198	20	0
198	21	1
198	22	0
198	23	0
198	24	0
198	25	0
198	26	0
198	27	0
198	28	0
198	29	0
198	30	0
198	31	0
198	32	0
198	33	0
198	34	0
198	35	0
198	36	1
198	37	0
198	38	1
198	39	0
198	40	0
199	1	1
199	2	0
199	3	0
199	4	0
199	5	1
199	6	1
199	7	1
199	8	1
199	9	0
199	10	0
199	11	1
199	12	1
199	13	0
199	14	1
199	15	0
199	16	1
199	17	1
199	18	1
199	19	1
199	20	0
199	21	1
199	22	1
199	23	0
199	24	0
199	25	0
199	26	0
199	27	1
199	28	0
199	29	0
199	30	0
199	31	1
199	32	0
199	33	0
199	34	1
199	35	0
199	36	1
199	37	1
199	38	1
199	39	1
199	40	0
200	1	1
200	2	1
200	3	0
200	4	0
200	5	1
200	6	1
200	7	1
200	8	1
200	9	0
200	10	0
200	11	1
200	12	1
200	13	0
200	14	1
200	15	1
200	16	1
200	17	1
200	18	1
200	19	1
200	20	0
200	21	1
200	22	1
200	23	1
200	24	0
200	25	1
200	26	1
200	27	1
200	28	0
200	29	1
200	30	0
200	31	1
200	32	0
200	33	1
200	34	1
200	35	0
200	36	1
200	37	1
200	38	1
200	39	1
200	40	0
201	1	1
201	2	0
201	3	1
201	4	1
201	5	1
201	6	1
201	7	1
201	8	1
201	9	1
201	10	1
201	11	1
201	12	1
201	13	1
201	14	1
201	15	0
201	16	1
201	17	1
201	18	1
201	19	1
201	20	1
201	21	1
201	22	1
201	23	0
201	24	1
201	25	0
201	26	0
201	27	1
201	28	1
201	29	0
201	30	1
201	31	1
201	32	1
201	33	0
201	34	1
201	35	1
201	36	1
201	37	1
201	38	1
201	39	1
201	40	1
202	1	1
202	2	0
202	3	1
202	4	1
202	5	0
202	6	1
202	7	0
202	8	0
202	9	1
202	10	1
202	11	0
202	12	0
202	13	1
202	14	1
202	15	0
202	16	1
202	17	1
202	18	1
202	19	0
202	20	1
202	21	0
202	22	1
202	23	0
202	24	1
202	25	0
202	26	0
202	27	1
202	28	1
202	29	0
202	30	1
202	31	1
202	32	1
202	33	0
202	34	1
202	35	1
202	36	0
202	37	1
202	38	0
202	39	1
202	40	1
203	1	0
203	2	0
203	3	0
203	4	0
203	5	1
203	6	0
203	7	1
203	8	1
203	9	0
203	10	0
203	11	1
203	12	1
203	13	0
203	14	0
203	15	0
203	16	0
203	17	0
203	18	0
203	19	1
203	20	0
203	21	1
203	22	0
203	23	0
203	24	0
203	25	0
203	26	0
203	27	0
203	28	0
203	29	0
203	30	0
203	31	0
203	32	0
203	33	0
203	34	0
203	35	0
203	36	1
203	37	0
203	38	1
203	39	0
203	40	0
204	1	1
204	2	1
204	3	0
204	4	0
204	5	1
204	6	1
204	7	1
204	8	1
204	9	0
204	10	0
204	11	1
204	12	1
204	13	0
204	14	1
204	15	1
204	16	1
204	17	1
204	18	1
204	19	1
204	20	0
204	21	1
204	22	1
204	23	1
204	24	0
204	25	1
204	26	1
204	27	1
204	28	0
204	29	1
204	30	0
204	31	1
204	32	0
204	33	1
204	34	1
204	35	0
204	36	1
204	37	1
204	38	1
204	39	1
204	40	0
205	1	1
205	2	0
205	3	0
205	4	0
205	5	1
205	6	1
205	7	1
205	8	1
205	9	0
205	10	0
205	11	1
205	12	1
205	13	0
205	14	1
205	15	0
205	16	1
205	17	1
205	18	1
205	19	1
205	20	0
205	21	1
205	22	1
205	23	0
205	24	0
205	25	0
205	26	0
205	27	1
205	28	0
205	29	0
205	30	0
205	31	1
205	32	0
205	33	0
205	34	1
205	35	0
205	36	1
205	37	1
205	38	1
205	39	1
205	40	0
206	1	1
206	2	0
206	3	0
206	4	0
206	5	1
206	6	1
206	7	0
206	8	0
206	9	0
206	10	0
206	11	1
206	12	1
206	13	0
206	14	1
206	15	0
206	16	1
206	17	1
206	18	1
206	19	1
206	20	0
206	21	0
206	22	1
206	23	0
206	24	0
206	25	0
206	26	0
206	27	1
206	28	0
206	29	0
206	30	0
206	31	1
206	32	0
206	33	0
206	34	1
206	35	0
206	36	0
206	37	1
206	38	1
206	39	1
206	40	0
207	1	1
207	2	0
207	3	0
207	4	0
207	5	1
207	6	1
207	7	1
207	8	1
207	9	0
207	10	0
207	11	1
207	12	1
207	13	0
207	14	1
207	15	0
207	16	1
207	17	1
207	18	1
207	19	1
207	20	0
207	21	1
207	22	1
207	23	0
207	24	0
207	25	0
207	26	0
207	27	1
207	28	0
207	29	0
207	30	0
207	31	1
207	32	0
207	33	0
207	34	1
207	35	0
207	36	1
207	37	1
207	38	1
207	39	1
207	40	0
208	1	1
208	2	0
208	3	0
208	4	0
208	5	0
208	6	0
208	7	1
208	8	1
208	9	0
208	10	0
208	11	0
208	12	1
208	13	0
208	14	1
208	15	0
208	16	1
208	17	1
208	18	1
208	19	1
208	20	0
208	21	1
208	22	1
208	23	0
208	24	0
208	25	0
208	26	0
208	27	1
208	28	0
208	29	0
208	30	0
208	31	1
208	32	0
208	33	0
208	34	1
208	35	0
208	36	1
208	37	1
208	38	1
208	39	0
208	40	0
209	1	1
209	2	1
209	3	0
209	4	0
209	5	0
209	6	0
209	7	1
209	8	1
209	9	0
209	10	0
209	11	0
209	12	1
209	13	0
209	14	1
209	15	1
209	16	1
209	17	1
209	18	1
209	19	1
209	20	0
209	21	1
209	22	1
209	23	1
209	24	0
209	25	1
209	26	0
209	27	1
209	28	0
209	29	0
209	30	0
209	31	1
209	32	0
209	33	0
209	34	1
209	35	0
209	36	1
209	37	1
209	38	1
209	39	0
209	40	0
210	1	1
210	2	0
210	3	0
210	4	0
210	5	0
210	6	0
210	7	0
210	8	0
210	9	0
210	10	0
210	11	0
210	12	0
210	13	0
210	14	1
210	15	0
210	16	0
210	17	1
210	18	0
210	19	0
210	20	0
210	21	0
210	22	0
210	23	0
210	24	0
210	25	0
210	26	0
210	27	0
210	28	0
210	29	0
210	30	0
210	31	1
210	32	0
210	33	0
210	34	0
210	35	0
210	36	0
210	37	1
210	38	0
210	39	1
210	40	0
211	1	1
211	2	0
211	3	0
211	4	0
211	5	1
211	6	1
211	7	0
211	8	0
211	9	0
211	10	0
211	11	1
211	12	1
211	13	0
211	14	1
211	15	0
211	16	1
211	17	1
211	18	1
211	19	1
211	20	0
211	21	0
211	22	1
211	23	0
211	24	0
211	25	0
211	26	0
211	27	1
211	28	0
211	29	0
211	30	0
211	31	1
211	32	0
211	33	0
211	34	1
211	35	0
211	36	0
211	37	1
211	38	1
211	39	1
211	40	0
212	1	1
212	2	0
212	3	0
212	4	0
212	5	0
212	6	1
212	7	0
212	8	0
212	9	0
212	10	0
212	11	0
212	12	0
212	13	0
212	14	1
212	15	0
212	16	0
212	17	1
212	18	1
212	19	0
212	20	0
212	21	0
212	22	1
212	23	0
212	24	0
212	25	0
212	26	0
212	27	1
212	28	0
212	29	0
212	30	0
212	31	1
212	32	0
212	33	0
212	34	0
212	35	0
212	36	0
212	37	0
212	38	0
212	39	0
212	40	0
213	1	1
213	2	1
213	3	0
213	4	0
213	5	0
213	6	1
213	7	0
213	8	0
213	9	0
213	10	0
213	11	0
213	12	0
213	13	0
213	14	1
213	15	1
213	16	1
213	17	1
213	18	1
213	19	0
213	20	0
213	21	0
213	22	1
213	23	1
213	24	0
213	25	1
213	26	1
213	27	1
213	28	0
213	29	1
213	30	0
213	31	1
213	32	0
213	33	1
213	34	1
213	35	0
213	36	0
213	37	1
213	38	0
213	39	1
213	40	0
214	1	1
214	2	1
214	3	0
214	4	0
214	5	0
214	6	0
214	7	1
214	8	1
214	9	0
214	10	1
214	11	0
214	12	1
214	13	0
214	14	1
214	15	1
214	16	1
214	17	1
214	18	1
214	19	1
214	20	0
214	21	1
214	22	1
214	23	1
214	24	1
214	25	1
214	26	0
214	27	1
214	28	1
214	29	0
214	30	1
214	31	1
214	32	0
214	33	0
214	34	1
214	35	1
214	36	1
214	37	1
214	38	1
214	39	0
214	40	1
215	1	1
215	2	0
215	3	0
215	4	0
215	5	1
215	6	1
215	7	1
215	8	1
215	9	0
215	10	0
215	11	1
215	12	1
215	13	0
215	14	1
215	15	0
215	16	1
215	17	1
215	18	1
215	19	1
215	20	0
215	21	1
215	22	1
215	23	0
215	24	0
215	25	0
215	26	0
215	27	1
215	28	0
215	29	0
215	30	0
215	31	1
215	32	0
215	33	0
215	34	1
215	35	0
215	36	1
215	37	1
215	38	1
215	39	1
215	40	0
216	1	1
216	2	1
216	3	0
216	4	0
216	5	1
216	6	1
216	7	1
216	8	1
216	9	0
216	10	0
216	11	1
216	12	1
216	13	0
216	14	1
216	15	1
216	16	1
216	17	1
216	18	1
216	19	1
216	20	0
216	21	1
216	22	1
216	23	1
216	24	0
216	25	1
216	26	1
216	27	1
216	28	0
216	29	1
216	30	0
216	31	1
216	32	0
216	33	1
216	34	1
216	35	0
216	36	1
216	37	1
216	38	1
216	39	1
216	40	0
217	1	1
217	2	0
217	3	1
217	4	1
217	5	0
217	6	1
217	7	0
217	8	0
217	9	1
217	10	1
217	11	0
217	12	0
217	13	1
217	14	1
217	15	0
217	16	1
217	17	1
217	18	1
217	19	0
217	20	1
217	21	0
217	22	1
217	23	0
217	24	1
217	25	0
217	26	0
217	27	1
217	28	1
217	29	0
217	30	1
217	31	1
217	32	1
217	33	0
217	34	1
217	35	1
217	36	0
217	37	1
217	38	0
217	39	1
217	40	1
218	1	1
218	2	0
218	3	0
218	4	0
218	5	0
218	6	1
218	7	0
218	8	0
218	9	0
218	10	0
218	11	0
218	12	0
218	13	0
218	14	1
218	15	0
218	16	0
218	17	1
218	18	0
218	19	0
218	20	0
218	21	0
218	22	0
218	23	0
218	24	0
218	25	0
218	26	0
218	27	0
218	28	0
218	29	0
218	30	0
218	31	1
218	32	0
218	33	0
218	34	0
218	35	0
218	36	0
218	37	1
218	38	0
218	39	1
218	40	0
219	1	0
219	2	0
219	3	1
219	4	0
219	5	1
219	6	0
219	7	1
219	8	1
219	9	0
219	10	1
219	11	1
219	12	1
219	13	1
219	14	0
219	15	0
219	16	0
219	17	0
219	18	0
219	19	1
219	20	0
219	21	1
219	22	0
219	23	0
219	24	1
219	25	0
219	26	0
219	27	0
219	28	1
219	29	0
219	30	1
219	31	0
219	32	0
219	33	0
219	34	0
219	35	1
219	36	1
219	37	0
219	38	1
219	39	0
219	40	1
220	1	1
220	2	0
220	3	0
220	4	0
220	5	1
220	6	1
220	7	1
220	8	1
220	9	0
220	10	0
220	11	1
220	12	1
220	13	0
220	14	1
220	15	0
220	16	1
220	17	1
220	18	1
220	19	1
220	20	0
220	21	1
220	22	1
220	23	0
220	24	0
220	25	0
220	26	0
220	27	1
220	28	0
220	29	0
220	30	0
220	31	1
220	32	0
220	33	0
220	34	1
220	35	0
220	36	1
220	37	1
220	38	1
220	39	1
220	40	0
221	1	1
221	2	0
221	3	0
221	4	0
221	5	0
221	6	1
221	7	1
221	8	1
221	9	0
221	10	0
221	11	0
221	12	0
221	13	0
221	14	1
221	15	0
221	16	1
221	17	1
221	18	1
221	19	0
221	20	0
221	21	1
221	22	1
221	23	0
221	24	0
221	25	0
221	26	0
221	27	1
221	28	0
221	29	0
221	30	0
221	31	1
221	32	0
221	33	0
221	34	1
221	35	0
221	36	1
221	37	1
221	38	0
221	39	1
221	40	0
222	1	1
222	2	0
222	3	0
222	4	0
222	5	0
222	6	0
222	7	1
222	8	1
222	9	0
222	10	0
222	11	0
222	12	1
222	13	0
222	14	1
222	15	0
222	16	1
222	17	1
222	18	1
222	19	1
222	20	0
222	21	1
222	22	1
222	23	0
222	24	0
222	25	0
222	26	0
222	27	1
222	28	0
222	29	0
222	30	0
222	31	1
222	32	0
222	33	0
222	34	1
222	35	0
222	36	1
222	37	1
222	38	1
222	39	0
222	40	0
223	1	1
223	2	0
223	3	0
223	4	0
223	5	0
223	6	1
223	7	0
223	8	0
223	9	0
223	10	0
223	11	0
223	12	0
223	13	0
223	14	1
223	15	0
223	16	1
223	17	1
223	18	1
223	19	0
223	20	0
223	21	0
223	22	1
223	23	0
223	24	0
223	25	0
223	26	0
223	27	1
223	28	0
223	29	0
223	30	0
223	31	1
223	32	0
223	33	0
223	34	1
223	35	0
223	36	0
223	37	1
223	38	0
223	39	1
223	40	0
224	1	1
224	2	0
224	3	0
224	4	0
224	5	0
224	6	1
224	7	0
224	8	0
224	9	0
224	10	0
224	11	0
224	12	0
224	13	0
224	14	1
224	15	0
224	16	1
224	17	1
224	18	1
224	19	0
224	20	0
224	21	0
224	22	1
224	23	0
224	24	0
224	25	0
224	26	0
224	27	1
224	28	0
224	29	0
224	30	0
224	31	1
224	32	0
224	33	0
224	34	1
224	35	0
224	36	0
224	37	1
224	38	0
224	39	1
224	40	0
225	1	1
225	2	0
225	3	0
225	4	0
225	5	1
225	6	1
225	7	0
225	8	0
225	9	0
225	10	0
225	11	1
225	12	1
225	13	0
225	14	1
225	15	0
225	16	1
225	17	1
225	18	1
225	19	1
225	20	0
225	21	0
225	22	1
225	23	0
225	24	0
225	25	0
225	26	0
225	27	1
225	28	0
225	29	0
225	30	0
225	31	1
225	32	0
225	33	0
225	34	1
225	35	0
225	36	0
225	37	1
225	38	1
225	39	1
225	40	0
226	1	1
226	2	1
226	3	0
226	4	0
226	5	0
226	6	1
226	7	0
226	8	0
226	9	0
226	10	0
226	11	0
226	12	0
226	13	0
226	14	1
226	15	1
226	16	1
226	17	1
226	18	1
226	19	0
226	20	0
226	21	0
226	22	1
226	23	1
226	24	0
226	25	1
226	26	1
226	27	1
226	28	0
226	29	1
226	30	0
226	31	1
226	32	0
226	33	1
226	34	1
226	35	0
226	36	0
226	37	1
226	38	0
226	39	1
226	40	0
227	1	1
227	2	0
227	3	0
227	4	0
227	5	0
227	6	1
227	7	0
227	8	0
227	9	0
227	10	0
227	11	0
227	12	0
227	13	0
227	14	1
227	15	0
227	16	1
227	17	1
227	18	1
227	19	0
227	20	0
227	21	0
227	22	1
227	23	0
227	24	0
227	25	0
227	26	0
227	27	1
227	28	0
227	29	0
227	30	0
227	31	1
227	32	0
227	33	0
227	34	1
227	35	0
227	36	0
227	37	1
227	38	0
227	39	1
227	40	0
228	1	1
228	2	0
228	3	0
228	4	0
228	5	0
228	6	0
228	7	1
228	8	0
228	9	0
228	10	0
228	11	0
228	12	0
228	13	0
228	14	1
228	15	0
228	16	1
228	17	1
228	18	1
228	19	0
228	20	0
228	21	1
228	22	0
228	23	0
228	24	0
228	25	0
228	26	0
228	27	1
228	28	0
228	29	0
228	30	0
228	31	1
228	32	0
228	33	0
228	34	0
228	35	0
228	36	1
228	37	1
228	38	0
228	39	1
228	40	0
229	1	1
229	2	1
229	3	0
229	4	0
229	5	1
229	6	1
229	7	1
229	8	1
229	9	0
229	10	0
229	11	1
229	12	1
229	13	0
229	14	1
229	15	1
229	16	1
229	17	1
229	18	1
229	19	1
229	20	0
229	21	1
229	22	1
229	23	1
229	24	0
229	25	1
229	26	1
229	27	1
229	28	0
229	29	1
229	30	0
229	31	1
229	32	0
229	33	1
229	34	1
229	35	0
229	36	1
229	37	1
229	38	1
229	39	1
229	40	0
230	1	1
230	2	0
230	3	0
230	4	0
230	5	0
230	6	1
230	7	1
230	8	1
230	9	0
230	10	0
230	11	0
230	12	1
230	13	0
230	14	1
230	15	0
230	16	0
230	17	1
230	18	1
230	19	1
230	20	0
230	21	0
230	22	0
230	23	1
230	24	0
230	25	1
230	26	0
230	27	1
230	28	0
230	29	1
230	30	0
230	31	1
230	32	0
230	33	1
230	34	1
230	35	0
230	36	1
230	37	1
230	38	1
230	39	1
230	40	0
231	1	1
231	2	0
231	3	0
231	4	0
231	5	1
231	6	1
231	7	1
231	8	1
231	9	0
231	10	0
231	11	1
231	12	1
231	13	0
231	14	1
231	15	0
231	16	0
231	17	1
231	18	1
231	19	1
231	20	0
231	21	0
231	22	1
231	23	0
231	24	0
231	25	0
231	26	0
231	27	1
231	28	0
231	29	0
231	30	0
231	31	1
231	32	0
231	33	0
231	34	0
231	35	0
231	36	1
231	37	0
231	38	0
231	39	0
231	40	0
232	1	1
232	2	0
232	3	0
232	4	0
232	5	0
232	6	1
232	7	0
232	8	0
232	9	0
232	10	0
232	11	0
232	12	0
232	13	0
232	14	1
232	15	1
232	16	0
232	17	1
232	18	1
232	19	0
232	20	0
232	21	0
232	22	1
232	23	1
232	24	0
232	25	1
232	26	1
232	27	1
232	28	0
232	29	1
232	30	0
232	31	1
232	32	0
232	33	0
232	34	0
232	35	0
232	36	0
232	37	0
232	38	0
232	39	0
232	40	0
233	1	1
233	2	1
233	3	1
233	4	0
233	5	1
233	6	1
233	7	1
233	8	1
233	9	0
233	10	1
233	11	1
233	12	1
233	13	1
233	14	1
233	15	1
233	16	1
233	17	1
233	18	1
233	19	1
233	20	0
233	21	1
233	22	1
233	23	1
233	24	1
233	25	1
233	26	1
233	27	1
233	28	1
233	29	1
233	30	1
233	31	1
233	32	0
233	33	1
233	34	1
233	35	1
233	36	1
233	37	1
233	38	1
233	39	1
233	40	1
234	1	1
234	2	0
234	3	0
234	4	0
234	5	0
234	6	1
234	7	1
234	8	1
234	9	0
234	10	0
234	11	0
234	12	0
234	13	0
234	14	1
234	15	0
234	16	1
234	17	1
234	18	1
234	19	0
234	20	0
234	21	1
234	22	1
234	23	0
234	24	0
234	25	0
234	26	0
234	27	1
234	28	0
234	29	0
234	30	0
234	31	1
234	32	0
234	33	0
234	34	1
234	35	0
234	36	1
234	37	1
234	38	0
234	39	1
234	40	0
235	1	1
235	2	0
235	3	0
235	4	0
235	5	1
235	6	1
235	7	1
235	8	1
235	9	0
235	10	0
235	11	1
235	12	1
235	13	0
235	14	1
235	15	0
235	16	1
235	17	1
235	18	1
235	19	1
235	20	0
235	21	1
235	22	1
235	23	0
235	24	0
235	25	0
235	26	0
235	27	1
235	28	0
235	29	0
235	30	0
235	31	1
235	32	0
235	33	0
235	34	1
235	35	0
235	36	1
235	37	1
235	38	1
235	39	1
235	40	0
236	1	1
236	2	1
236	3	1
236	4	0
236	5	1
236	6	1
236	7	1
236	8	1
236	9	0
236	10	1
236	11	1
236	12	1
236	13	1
236	14	1
236	15	1
236	16	1
236	17	1
236	18	1
236	19	1
236	20	0
236	21	1
236	22	1
236	23	1
236	24	1
236	25	1
236	26	1
236	27	1
236	28	1
236	29	1
236	30	1
236	31	1
236	32	0
236	33	1
236	34	1
236	35	1
236	36	1
236	37	1
236	38	1
236	39	1
236	40	1
237	1	1
237	2	0
237	3	0
237	4	0
237	5	1
237	6	1
237	7	1
237	8	1
237	9	0
237	10	0
237	11	1
237	12	1
237	13	0
237	14	1
237	15	1
237	16	0
237	17	1
237	18	1
237	19	1
237	20	0
237	21	0
237	22	1
237	23	1
237	24	0
237	25	1
237	26	1
237	27	1
237	28	0
237	29	1
237	30	0
237	31	1
237	32	0
237	33	0
237	34	0
237	35	0
237	36	1
237	37	0
237	38	0
237	39	0
237	40	0
238	1	1
238	2	0
238	3	0
238	4	0
238	5	0
238	6	1
238	7	1
238	8	1
238	9	0
238	10	0
238	11	0
238	12	0
238	13	0
238	14	1
238	15	0
238	16	1
238	17	1
238	18	1
238	19	0
238	20	0
238	21	1
238	22	1
238	23	0
238	24	0
238	25	0
238	26	0
238	27	1
238	28	0
238	29	0
238	30	0
238	31	1
238	32	0
238	33	0
238	34	1
238	35	0
238	36	1
238	37	1
238	38	0
238	39	1
238	40	0
239	1	1
239	2	1
239	3	0
239	4	0
239	5	0
239	6	1
239	7	0
239	8	0
239	9	0
239	10	0
239	11	0
239	12	0
239	13	0
239	14	1
239	15	1
239	16	0
239	17	1
239	18	0
239	19	0
239	20	0
239	21	0
239	22	0
239	23	0
239	24	0
239	25	1
239	26	1
239	27	0
239	28	0
239	29	0
239	30	0
239	31	1
239	32	0
239	33	0
239	34	0
239	35	0
239	36	0
239	37	1
239	38	0
239	39	1
239	40	0
240	1	1
240	2	0
240	3	0
240	4	0
240	5	0
240	6	1
240	7	0
240	8	0
240	9	0
240	10	0
240	11	0
240	12	0
240	13	0
240	14	1
240	15	0
240	16	0
240	17	1
240	18	0
240	19	0
240	20	0
240	21	0
240	22	0
240	23	0
240	24	0
240	25	0
240	26	0
240	27	0
240	28	0
240	29	0
240	30	0
240	31	1
240	32	0
240	33	0
240	34	0
240	35	0
240	36	0
240	37	1
240	38	0
240	39	1
240	40	0
241	1	1
241	2	0
241	3	0
241	4	0
241	5	1
241	6	1
241	7	1
241	8	1
241	9	0
241	10	0
241	11	1
241	12	1
241	13	0
241	14	1
241	15	0
241	16	1
241	17	1
241	18	1
241	19	1
241	20	0
241	21	1
241	22	1
241	23	0
241	24	0
241	25	0
241	26	0
241	27	1
241	28	0
241	29	0
241	30	0
241	31	1
241	32	0
241	33	0
241	34	1
241	35	0
241	36	1
241	37	1
241	38	1
241	39	1
241	40	0
242	1	1
242	2	0
242	3	0
242	4	0
242	5	0
242	6	1
242	7	0
242	8	0
242	9	0
242	10	0
242	11	0
242	12	0
242	13	0
242	14	1
242	15	0
242	16	1
242	17	1
242	18	1
242	19	0
242	20	0
242	21	0
242	22	1
242	23	0
242	24	0
242	25	0
242	26	0
242	27	1
242	28	0
242	29	0
242	30	0
242	31	1
242	32	0
242	33	0
242	34	1
242	35	0
242	36	0
242	37	1
242	38	0
242	39	1
242	40	0
243	1	1
243	2	0
243	3	0
243	4	0
243	5	0
243	6	0
243	7	0
243	8	0
243	9	0
243	10	0
243	11	0
243	12	0
243	13	0
243	14	1
243	15	1
243	16	0
243	17	1
243	18	1
243	19	0
243	20	0
243	21	0
243	22	0
243	23	1
243	24	0
243	25	1
243	26	0
243	27	1
243	28	0
243	29	1
243	30	0
243	31	1
243	32	0
243	33	0
243	34	0
243	35	0
243	36	0
243	37	0
243	38	0
243	39	0
243	40	0
244	1	1
244	2	1
244	3	0
244	4	0
244	5	1
244	6	1
244	7	1
244	8	1
244	9	0
244	10	0
244	11	1
244	12	1
244	13	0
244	14	1
244	15	1
244	16	1
244	17	1
244	18	1
244	19	1
244	20	0
244	21	1
244	22	1
244	23	1
244	24	0
244	25	1
244	26	1
244	27	1
244	28	0
244	29	1
244	30	0
244	31	1
244	32	0
244	33	1
244	34	1
244	35	0
244	36	1
244	37	1
244	38	1
244	39	1
244	40	0
245	1	1
245	2	1
245	3	0
245	4	0
245	5	1
245	6	1
245	7	1
245	8	1
245	9	0
245	10	0
245	11	1
245	12	1
245	13	0
245	14	1
245	15	1
245	16	1
245	17	1
245	18	1
245	19	1
245	20	0
245	21	1
245	22	1
245	23	1
245	24	0
245	25	1
245	26	1
245	27	1
245	28	0
245	29	1
245	30	0
245	31	1
245	32	0
245	33	1
245	34	1
245	35	0
245	36	1
245	37	1
245	38	1
245	39	1
245	40	0
246	1	1
246	2	1
246	3	0
246	4	0
246	5	0
246	6	1
246	7	0
246	8	0
246	9	0
246	10	0
246	11	0
246	12	0
246	13	0
246	14	1
246	15	1
246	16	1
246	17	1
246	18	1
246	19	0
246	20	0
246	21	0
246	22	1
246	23	1
246	24	0
246	25	1
246	26	1
246	27	1
246	28	0
246	29	1
246	30	0
246	31	1
246	32	0
246	33	1
246	34	1
246	35	0
246	36	0
246	37	1
246	38	0
246	39	1
246	40	0
247	1	1
247	2	0
247	3	0
247	4	0
247	5	1
247	6	1
247	7	0
247	8	0
247	9	0
247	10	0
247	11	1
247	12	1
247	13	0
247	14	1
247	15	0
247	16	1
247	17	1
247	18	1
247	19	1
247	20	0
247	21	0
247	22	1
247	23	0
247	24	0
247	25	0
247	26	0
247	27	1
247	28	0
247	29	0
247	30	0
247	31	1
247	32	0
247	33	0
247	34	1
247	35	0
247	36	0
247	37	1
247	38	1
247	39	1
247	40	0
248	1	1
248	2	0
248	3	0
248	4	0
248	5	0
248	6	1
248	7	0
248	8	0
248	9	0
248	10	0
248	11	0
248	12	0
248	13	0
248	14	1
248	15	0
248	16	1
248	17	1
248	18	1
248	19	0
248	20	0
248	21	0
248	22	1
248	23	0
248	24	0
248	25	0
248	26	0
248	27	1
248	28	0
248	29	0
248	30	0
248	31	1
248	32	0
248	33	0
248	34	1
248	35	0
248	36	0
248	37	1
248	38	0
248	39	1
248	40	0
249	1	1
249	2	0
249	3	0
249	4	0
249	5	0
249	6	1
249	7	1
249	8	1
249	9	0
249	10	0
249	11	0
249	12	0
249	13	0
249	14	1
249	15	0
249	16	1
249	17	1
249	18	1
249	19	0
249	20	0
249	21	1
249	22	1
249	23	0
249	24	0
249	25	0
249	26	0
249	27	1
249	28	0
249	29	0
249	30	0
249	31	1
249	32	0
249	33	0
249	34	1
249	35	0
249	36	1
249	37	1
249	38	0
249	39	1
249	40	0
250	1	0
250	2	0
250	3	1
250	4	0
250	5	1
250	6	0
250	7	1
250	8	1
250	9	0
250	10	1
250	11	1
250	12	1
250	13	1
250	14	0
250	15	0
250	16	0
250	17	0
250	18	0
250	19	1
250	20	0
250	21	1
250	22	0
250	23	0
250	24	1
250	25	0
250	26	0
250	27	0
250	28	1
250	29	0
250	30	1
250	31	0
250	32	0
250	33	0
250	34	0
250	35	1
250	36	1
250	37	0
250	38	1
250	39	0
250	40	1
