p	r	C_pr
1	1	120
1	2	90
1	3	50
1	4	110
1	5	60
1	6	0
1	7	70
1	8	90
1	9	110
1	10	80
1	11	110
1	12	0
1	13	70
1	14	110
1	15	50
1	16	50
1	17	50
1	18	0
1	19	70
1	20	110
1	21	90
1	22	60
1	23	70
1	24	110
1	25	70
1	26	50
1	27	120
1	28	70
1	29	110
1	30	70
1	31	100
1	32	70
1	33	30
1	34	70
1	35	90
1	36	90
1	37	70
1	38	80
1	39	70
1	40	110
2	1	80
2	2	60
2	3	80
2	4	80
2	5	60
2	6	10
2	7	50
2	8	120
2	9	90
2	10	80
2	11	90
2	12	10
2	13	100
2	14	120
2	15	60
2	16	60
2	17	70
2	18	0
2	19	80
2	20	100
2	21	80
2	22	80
2	23	80
2	24	70
2	25	60
2	26	50
2	27	80
2	28	80
2	29	90
2	30	60
2	31	100
2	32	60
2	33	10
2	34	50
2	35	80
2	36	80
2	37	80
2	38	80
2	39	50
2	40	100
3	1	60
3	2	60
3	3	30
3	4	80
3	5	60
3	6	60
3	7	70
3	8	80
3	9	50
3	10	80
3	11	70
3	12	60
3	13	80
3	14	80
3	15	60
3	16	60
3	17	70
3	18	50
3	19	80
3	20	80
3	21	80
3	22	80
3	23	80
3	24	70
3	25	80
3	26	50
3	27	60
3	28	100
3	29	50
3	30	80
3	31	100
3	32	10
3	33	80
3	34	80
3	35	60
3	36	100
3	37	80
3	38	80
3	39	50
3	40	60
4	1	70
4	2	70
4	3	70
4	4	90
4	5	70
4	6	0
4	7	70
4	8	110
4	9	70
4	10	70
4	11	70
4	12	0
4	13	90
4	14	110
4	15	50
4	16	50
4	17	70
4	18	0
4	19	70
4	20	90
4	21	70
4	22	70
4	23	70
4	24	90
4	25	70
4	26	70
4	27	90
4	28	90
4	29	70
4	30	70
4	31	90
4	32	70
4	33	20
4	34	40
4	35	90
4	36	110
4	37	70
4	38	70
4	39	50
4	40	70
5	1	50
5	2	50
5	3	50
5	4	70
5	5	50
5	6	0
5	7	50
5	8	70
5	9	70
5	10	50
5	11	70
5	12	0
5	13	70
5	14	70
5	15	50
5	16	70
5	17	50
5	18	0
5	19	70
5	20	90
5	21	50
5	22	50
5	23	50
5	24	70
5	25	70
5	26	50
5	27	50
5	28	50
5	29	70
5	30	70
5	31	90
5	32	50
5	33	0
5	34	20
5	35	50
5	36	50
5	37	70
5	38	50
5	39	50
5	40	70
6	1	100
6	2	60
6	3	80
6	4	120
6	5	60
6	6	10
6	7	70
6	8	120
6	9	110
6	10	80
6	11	110
6	12	10
6	13	120
6	14	120
6	15	60
6	16	80
6	17	70
6	18	0
6	19	100
6	20	140
6	21	100
6	22	80
6	23	80
6	24	90
6	25	100
6	26	50
6	27	80
6	28	100
6	29	90
6	30	100
6	31	140
6	32	60
6	33	30
6	34	70
6	35	80
6	36	100
6	37	100
6	38	80
6	39	70
6	40	100
7	1	100
7	2	70
7	3	50
7	4	110
7	5	60
7	6	0
7	7	70
7	8	70
7	9	70
7	10	80
7	11	70
7	12	0
7	13	70
7	14	70
7	15	50
7	16	50
7	17	50
7	18	0
7	19	70
7	20	90
7	21	70
7	22	60
7	23	70
7	24	70
7	25	70
7	26	50
7	27	100
7	28	70
7	29	90
7	30	70
7	31	80
7	32	50
7	33	30
7	34	50
7	35	70
7	36	90
7	37	70
7	38	80
7	39	50
7	40	90
8	1	80
8	2	80
8	3	100
8	4	80
8	5	80
8	6	30
8	7	90
8	8	120
8	9	90
8	10	80
8	11	110
8	12	10
8	13	80
8	14	120
8	15	80
8	16	60
8	17	70
8	18	0
8	19	80
8	20	100
8	21	100
8	22	80
8	23	100
8	24	110
8	25	80
8	26	70
8	27	80
8	28	120
8	29	90
8	30	80
8	31	120
8	32	80
8	33	50
8	34	50
8	35	80
8	36	120
8	37	80
8	38	80
8	39	70
8	40	80
9	1	70
9	2	50
9	3	20
9	4	90
9	5	50
9	6	50
9	7	70
9	8	90
9	9	70
9	10	70
9	11	70
9	12	50
9	13	90
9	14	90
9	15	50
9	16	50
9	17	70
9	18	50
9	19	70
9	20	90
9	21	70
9	22	70
9	23	70
9	24	70
9	25	70
9	26	50
9	27	70
9	28	90
9	29	70
9	30	70
9	31	90
9	32	0
9	33	70
9	34	90
9	35	70
9	36	90
9	37	70
9	38	70
9	39	50
9	40	70
10	1	100
10	2	70
10	3	70
10	4	130
10	5	60
10	6	0
10	7	70
10	8	90
10	9	70
10	10	100
10	11	90
10	12	0
10	13	110
10	14	90
10	15	50
10	16	70
10	17	70
10	18	0
10	19	110
10	20	110
10	21	90
10	22	80
10	23	90
10	24	70
10	25	90
10	26	50
10	27	100
10	28	90
10	29	90
10	30	90
10	31	120
10	32	50
10	33	30
10	34	50
10	35	70
10	36	110
10	37	110
10	38	100
10	39	50
10	40	90
11	1	80
11	2	50
11	3	0
11	4	90
11	5	60
11	6	50
11	7	70
11	8	70
11	9	90
11	10	60
11	11	90
11	12	60
11	13	70
11	14	80
11	15	50
11	16	80
11	17	50
11	18	50
11	19	70
11	20	110
11	21	70
11	22	60
11	23	50
11	24	90
11	25	90
11	26	50
11	27	60
11	28	70
11	29	70
11	30	90
11	31	120
11	32	10
11	33	80
11	34	100
11	35	60
11	36	70
11	37	80
11	38	60
11	39	70
11	40	80
12	1	120
12	2	70
12	3	0
12	4	90
12	5	60
12	6	50
12	7	50
12	8	90
12	9	110
12	10	80
12	11	110
12	12	60
12	13	70
12	14	100
12	15	50
12	16	60
12	17	50
12	18	50
12	19	70
12	20	90
12	21	90
12	22	60
12	23	70
12	24	70
12	25	50
12	26	50
12	27	100
12	28	50
12	29	110
12	30	50
12	31	80
12	32	10
12	33	60
12	34	100
12	35	80
12	36	70
12	37	80
12	38	80
12	39	70
12	40	120
13	1	100
13	2	70
13	3	40
13	4	70
13	5	80
13	6	70
13	7	70
13	8	110
13	9	90
13	10	80
13	11	90
13	12	50
13	13	90
13	14	110
13	15	70
13	16	50
13	17	70
13	18	50
13	19	70
13	20	70
13	21	90
13	22	80
13	23	90
13	24	70
13	25	50
13	26	70
13	27	100
13	28	90
13	29	90
13	30	50
13	31	80
13	32	20
13	33	80
13	34	80
13	35	90
13	36	90
13	37	70
13	38	80
13	39	70
13	40	70
14	1	100
14	2	90
14	3	70
14	4	110
14	5	80
14	6	0
14	7	70
14	8	110
14	9	70
14	10	100
14	11	90
14	12	0
14	13	90
14	14	110
14	15	50
14	16	50
14	17	70
14	18	0
14	19	90
14	20	90
14	21	90
14	22	80
14	23	90
14	24	90
14	25	70
14	26	70
14	27	120
14	28	90
14	29	90
14	30	70
14	31	100
14	32	70
14	33	30
14	34	50
14	35	90
14	36	130
14	37	90
14	38	100
14	39	50
14	40	90
15	1	70
15	2	50
15	3	0
15	4	90
15	5	50
15	6	50
15	7	70
15	8	70
15	9	70
15	10	50
15	11	50
15	12	50
15	13	70
15	14	70
15	15	50
15	16	50
15	17	50
15	18	50
15	19	50
15	20	90
15	21	50
15	22	50
15	23	50
15	24	70
15	25	70
15	26	50
15	27	70
15	28	70
15	29	70
15	30	70
15	31	70
15	32	0
15	33	70
15	34	90
15	35	70
15	36	70
15	37	50
15	38	50
15	39	50
15	40	70
16	1	100
16	2	70
16	3	40
16	4	90
16	5	60
16	6	70
16	7	70
16	8	90
16	9	70
16	10	120
16	11	90
16	12	80
16	13	90
16	14	100
16	15	70
16	16	60
16	17	90
16	18	70
16	19	90
16	20	70
16	21	90
16	22	100
16	23	110
16	24	50
16	25	50
16	26	50
16	27	100
16	28	90
16	29	110
16	30	50
16	31	80
16	32	10
16	33	80
16	34	100
16	35	80
16	36	90
16	37	100
16	38	120
16	39	50
16	40	120
17	1	60
17	2	60
17	3	60
17	4	60
17	5	60
17	6	10
17	7	50
17	8	80
17	9	70
17	10	60
17	11	70
17	12	10
17	13	60
17	14	80
17	15	60
17	16	60
17	17	50
17	18	0
17	19	60
17	20	80
17	21	60
17	22	60
17	23	60
17	24	70
17	25	60
17	26	50
17	27	60
17	28	60
17	29	70
17	30	60
17	31	80
17	32	60
17	33	10
17	34	30
17	35	60
17	36	60
17	37	60
17	38	60
17	39	50
17	40	80
18	1	80
18	2	70
18	3	70
18	4	90
18	5	60
18	6	0
18	7	70
18	8	90
18	9	70
18	10	100
18	11	110
18	12	0
18	13	70
18	14	90
18	15	50
18	16	50
18	17	70
18	18	0
18	19	90
18	20	90
18	21	90
18	22	80
18	23	90
18	24	90
18	25	70
18	26	50
18	27	80
18	28	90
18	29	90
18	30	70
18	31	120
18	32	50
18	33	30
18	34	50
18	35	50
18	36	110
18	37	90
18	38	100
18	39	50
18	40	90
19	1	60
19	2	50
19	3	70
19	4	70
19	5	60
19	6	0
19	7	50
19	8	90
19	9	70
19	10	80
19	11	90
19	12	0
19	13	90
19	14	90
19	15	50
19	16	70
19	17	70
19	18	0
19	19	90
19	20	90
19	21	70
19	22	80
19	23	70
19	24	70
19	25	70
19	26	50
19	27	60
19	28	70
19	29	70
19	30	70
19	31	120
19	32	50
19	33	10
19	34	30
19	35	50
19	36	70
19	37	90
19	38	80
19	39	50
19	40	70
20	1	60
20	2	50
20	3	20
20	4	70
20	5	60
20	6	70
20	7	90
20	8	50
20	9	50
20	10	80
20	11	50
20	12	80
20	13	50
20	14	60
20	15	70
20	16	60
20	17	70
20	18	70
20	19	50
20	20	70
20	21	50
20	22	80
20	23	70
20	24	70
20	25	70
20	26	50
20	27	60
20	28	90
20	29	70
20	30	70
20	31	80
20	32	10
20	33	100
20	34	100
20	35	60
20	36	70
20	37	60
20	38	80
20	39	50
20	40	80
21	1	80
21	2	80
21	3	80
21	4	60
21	5	60
21	6	10
21	7	50
21	8	80
21	9	70
21	10	80
21	11	90
21	12	10
21	13	80
21	14	100
21	15	60
21	16	60
21	17	70
21	18	0
21	19	80
21	20	60
21	21	100
21	22	80
21	23	80
21	24	70
21	25	60
21	26	50
21	27	80
21	28	80
21	29	50
21	30	60
21	31	80
21	32	80
21	33	10
21	34	10
21	35	80
21	36	80
21	37	80
21	38	80
21	39	70
21	40	60
22	1	120
22	2	90
22	3	90
22	4	90
22	5	80
22	6	20
22	7	70
22	8	110
22	9	90
22	10	100
22	11	110
22	12	10
22	13	90
22	14	120
22	15	70
22	16	60
22	17	70
22	18	0
22	19	90
22	20	70
22	21	110
22	22	80
22	23	110
22	24	70
22	25	50
22	26	70
22	27	120
22	28	90
22	29	110
22	30	50
22	31	80
22	32	80
22	33	30
22	34	30
22	35	100
22	36	110
22	37	100
22	38	100
22	39	70
22	40	100
23	1	60
23	2	50
23	3	20
23	4	50
23	5	60
23	6	50
23	7	50
23	8	70
23	9	50
23	10	80
23	11	70
23	12	60
23	13	70
23	14	80
23	15	50
23	16	60
23	17	70
23	18	50
23	19	70
23	20	50
23	21	70
23	22	80
23	23	70
23	24	50
23	25	50
23	26	50
23	27	60
23	28	70
23	29	50
23	30	50
23	31	80
23	32	10
23	33	60
23	34	60
23	35	60
23	36	70
23	37	80
23	38	80
23	39	50
23	40	60
24	1	80
24	2	50
24	3	40
24	4	90
24	5	60
24	6	70
24	7	90
24	8	110
24	9	90
24	10	100
24	11	90
24	12	70
24	13	90
24	14	110
24	15	70
24	16	50
24	17	90
24	18	70
24	19	70
24	20	110
24	21	70
24	22	100
24	23	90
24	24	90
24	25	70
24	26	50
24	27	80
24	28	110
24	29	110
24	30	70
24	31	120
24	32	0
24	33	100
24	34	140
24	35	70
24	36	90
24	37	70
24	38	100
24	39	50
24	40	110
25	1	100
25	2	80
25	3	80
25	4	100
25	5	60
25	6	10
25	7	50
25	8	120
25	9	90
25	10	100
25	11	110
25	12	10
25	13	100
25	14	120
25	15	60
25	16	60
25	17	70
25	18	0
25	19	100
25	20	100
25	21	100
25	22	80
25	23	100
25	24	70
25	25	60
25	26	50
25	27	100
25	28	80
25	29	110
25	30	60
25	31	100
25	32	60
25	33	10
25	34	50
25	35	80
25	36	100
25	37	100
25	38	100
25	39	50
25	40	120
26	1	90
26	2	90
26	3	40
26	4	70
26	5	70
26	6	70
26	7	70
26	8	90
26	9	70
26	10	90
26	11	110
26	12	50
26	13	70
26	14	90
26	15	70
26	16	50
26	17	70
26	18	50
26	19	90
26	20	50
26	21	110
26	22	70
26	23	110
26	24	70
26	25	50
26	26	70
26	27	90
26	28	90
26	29	90
26	30	50
26	31	70
26	32	20
26	33	70
26	34	50
26	35	70
26	36	110
26	37	90
26	38	90
26	39	70
26	40	70
27	1	100
27	2	70
27	3	0
27	4	70
27	5	60
27	6	50
27	7	50
27	8	50
27	9	70
27	10	80
27	11	90
27	12	50
27	13	50
27	14	50
27	15	50
27	16	50
27	17	50
27	18	50
27	19	70
27	20	50
27	21	90
27	22	60
27	23	70
27	24	50
27	25	50
27	26	50
27	27	80
27	28	50
27	29	70
27	30	50
27	31	60
27	32	0
27	33	60
27	34	60
27	35	50
27	36	70
27	37	70
27	38	80
27	39	70
27	40	70
28	1	110
28	2	90
28	3	0
28	4	110
28	5	50
28	6	50
28	7	70
28	8	90
28	9	110
28	10	70
28	11	110
28	12	50
28	13	70
28	14	110
28	15	50
28	16	50
28	17	50
28	18	50
28	19	70
28	20	110
28	21	90
28	22	50
28	23	70
28	24	110
28	25	70
28	26	50
28	27	110
28	28	70
28	29	110
28	30	70
28	31	90
28	32	20
28	33	70
28	34	110
28	35	90
28	36	90
28	37	70
28	38	70
28	39	70
28	40	110
29	1	80
29	2	70
29	3	0
29	4	50
29	5	60
29	6	50
29	7	50
29	8	50
29	9	70
29	10	60
29	11	70
29	12	60
29	13	50
29	14	80
29	15	50
29	16	60
29	17	50
29	18	50
29	19	50
29	20	50
29	21	70
29	22	60
29	23	50
29	24	70
29	25	50
29	26	50
29	27	80
29	28	50
29	29	50
29	30	50
29	31	60
29	32	30
29	33	60
29	34	60
29	35	80
29	36	50
29	37	60
29	38	60
29	39	70
29	40	60
30	1	100
30	2	70
30	3	70
30	4	110
30	5	60
30	6	0
30	7	70
30	8	90
30	9	70
30	10	100
30	11	90
30	12	0
30	13	90
30	14	90
30	15	50
30	16	50
30	17	70
30	18	0
30	19	90
30	20	90
30	21	90
30	22	80
30	23	90
30	24	70
30	25	70
30	26	50
30	27	100
30	28	90
30	29	90
30	30	70
30	31	100
30	32	50
30	33	30
30	34	50
30	35	70
30	36	110
30	37	90
30	38	100
30	39	50
30	40	90
31	1	80
31	2	80
31	3	80
31	4	80
31	5	60
31	6	10
31	7	50
31	8	80
31	9	50
31	10	100
31	11	90
31	12	10
31	13	80
31	14	80
31	15	60
31	16	60
31	17	70
31	18	0
31	19	100
31	20	60
31	21	100
31	22	80
31	23	100
31	24	50
31	25	60
31	26	50
31	27	80
31	28	80
31	29	70
31	30	60
31	31	80
31	32	60
31	33	10
31	34	10
31	35	60
31	36	100
31	37	100
31	38	100
31	39	50
31	40	80
32	1	120
32	2	100
32	3	50
32	4	120
32	5	80
32	6	80
32	7	90
32	8	120
32	9	90
32	10	100
32	11	110
32	12	60
32	13	100
32	14	120
32	15	80
32	16	60
32	17	70
32	18	50
32	19	100
32	20	100
32	21	120
32	22	80
32	23	120
32	24	90
32	25	80
32	26	70
32	27	120
32	28	120
32	29	110
32	30	80
32	31	100
32	32	30
32	33	100
32	34	100
32	35	100
32	36	140
32	37	100
32	38	100
32	39	70
32	40	100
33	1	100
33	2	70
33	3	20
33	4	110
33	5	60
33	6	50
33	7	50
33	8	110
33	9	90
33	10	100
33	11	110
33	12	60
33	13	110
33	14	120
33	15	50
33	16	80
33	17	70
33	18	50
33	19	110
33	20	110
33	21	90
33	22	80
33	23	90
33	24	70
33	25	70
33	26	50
33	27	100
33	28	70
33	29	110
33	30	70
33	31	120
33	32	10
33	33	60
33	34	100
33	35	80
33	36	90
33	37	120
33	38	100
33	39	50
33	40	120
34	1	90
34	2	70
34	3	20
34	4	110
34	5	50
34	6	70
34	7	90
34	8	70
34	9	70
34	10	90
34	11	70
34	12	70
34	13	70
34	14	70
34	15	70
34	16	50
34	17	70
34	18	70
34	19	70
34	20	90
34	21	70
34	22	70
34	23	90
34	24	70
34	25	70
34	26	50
34	27	90
34	28	90
34	29	110
34	30	70
34	31	70
34	32	0
34	33	90
34	34	110
34	35	70
34	36	90
34	37	70
34	38	90
34	39	50
34	40	110
35	1	90
35	2	90
35	3	50
35	4	90
35	5	50
35	6	0
35	7	70
35	8	70
35	9	90
35	10	70
35	11	110
35	12	0
35	13	50
35	14	90
35	15	50
35	16	50
35	17	50
35	18	0
35	19	70
35	20	90
35	21	90
35	22	50
35	23	70
35	24	110
35	25	70
35	26	50
35	27	90
35	28	70
35	29	90
35	30	70
35	31	90
35	32	70
35	33	20
35	34	40
35	35	70
35	36	90
35	37	70
35	38	70
35	39	70
35	40	90
36	1	120
36	2	80
36	3	60
36	4	120
36	5	60
36	6	10
36	7	70
36	8	100
36	9	110
36	10	80
36	11	110
36	12	10
36	13	80
36	14	100
36	15	60
36	16	60
36	17	50
36	18	0
36	19	80
36	20	120
36	21	100
36	22	60
36	23	80
36	24	90
36	25	80
36	26	50
36	27	100
36	28	80
36	29	110
36	30	80
36	31	100
36	32	60
36	33	30
36	34	70
36	35	80
36	36	100
36	37	80
36	38	80
36	39	70
36	40	120
37	1	80
37	2	80
37	3	10
37	4	100
37	5	80
37	6	60
37	7	70
37	8	120
37	9	90
37	10	60
37	11	70
37	12	60
37	13	80
37	14	120
37	15	60
37	16	60
37	17	50
37	18	50
37	19	60
37	20	120
37	21	60
37	22	60
37	23	60
37	24	110
37	25	80
37	26	70
37	27	100
37	28	80
37	29	90
37	30	80
37	31	100
37	32	30
37	33	80
37	34	120
37	35	100
37	36	100
37	37	60
37	38	60
37	39	50
37	40	100
38	1	120
38	2	70
38	3	0
38	4	130
38	5	60
38	6	50
38	7	70
38	8	70
38	9	90
38	10	80
38	11	90
38	12	50
38	13	90
38	14	70
38	15	50
38	16	70
38	17	50
38	18	50
38	19	90
38	20	110
38	21	90
38	22	60
38	23	70
38	24	70
38	25	90
38	26	50
38	27	100
38	28	70
38	29	90
38	30	90
38	31	100
38	32	0
38	33	80
38	34	100
38	35	70
38	36	90
38	37	90
38	38	80
38	39	70
38	40	90
39	1	80
39	2	60
39	3	30
39	4	100
39	5	60
39	6	60
39	7	70
39	8	120
39	9	90
39	10	80
39	11	90
39	12	60
39	13	100
39	14	120
39	15	60
39	16	60
39	17	70
39	18	50
39	19	80
39	20	120
39	21	80
39	22	80
39	23	80
39	24	90
39	25	80
39	26	50
39	27	80
39	28	100
39	29	90
39	30	80
39	31	120
39	32	10
39	33	80
39	34	120
39	35	80
39	36	100
39	37	80
39	38	80
39	39	50
39	40	100
40	1	80
40	2	50
40	3	0
40	4	90
40	5	60
40	6	50
40	7	70
40	8	90
40	9	90
40	10	60
40	11	70
40	12	60
40	13	70
40	14	100
40	15	50
40	16	60
40	17	50
40	18	50
40	19	50
40	20	110
40	21	50
40	22	60
40	23	50
40	24	90
40	25	70
40	26	50
40	27	80
40	28	70
40	29	90
40	30	70
40	31	100
40	32	10
40	33	80
40	34	120
40	35	80
40	36	70
40	37	60
40	38	60
40	39	50
40	40	100
41	1	80
41	2	50
41	3	20
41	4	90
41	5	60
41	6	50
41	7	70
41	8	90
41	9	90
41	10	80
41	11	110
41	12	50
41	13	90
41	14	90
41	15	50
41	16	70
41	17	70
41	18	50
41	19	90
41	20	110
41	21	90
41	22	80
41	23	70
41	24	90
41	25	90
41	26	50
41	27	60
41	28	90
41	29	70
41	30	90
41	31	140
41	32	0
41	33	80
41	34	100
41	35	50
41	36	90
41	37	90
41	38	80
41	39	70
41	40	70
42	1	100
42	2	90
42	3	20
42	4	110
42	5	80
42	6	50
42	7	70
42	8	110
42	9	70
42	10	100
42	11	90
42	12	50
42	13	90
42	14	110
42	15	50
42	16	50
42	17	70
42	18	50
42	19	90
42	20	90
42	21	90
42	22	80
42	23	90
42	24	90
42	25	70
42	26	70
42	27	120
42	28	90
42	29	90
42	30	70
42	31	100
42	32	20
42	33	80
42	34	100
42	35	90
42	36	130
42	37	90
42	38	100
42	39	50
42	40	90
43	1	100
43	2	90
43	3	70
43	4	110
43	5	80
43	6	0
43	7	70
43	8	110
43	9	70
43	10	100
43	11	90
43	12	10
43	13	90
43	14	120
43	15	50
43	16	60
43	17	70
43	18	0
43	19	90
43	20	90
43	21	90
43	22	80
43	23	90
43	24	90
43	25	70
43	26	70
43	27	120
43	28	90
43	29	90
43	30	70
43	31	100
43	32	80
43	33	30
43	34	50
43	35	100
43	36	130
43	37	100
43	38	100
43	39	50
43	40	100
44	1	70
44	2	50
44	3	20
44	4	70
44	5	50
44	6	70
44	7	70
44	8	70
44	9	70
44	10	70
44	11	50
44	12	70
44	13	70
44	14	70
44	15	70
44	16	50
44	17	70
44	18	70
44	19	50
44	20	70
44	21	50
44	22	70
44	23	70
44	24	50
44	25	50
44	26	50
44	27	70
44	28	70
44	29	90
44	30	50
44	31	50
44	32	0
44	33	70
44	34	90
44	35	70
44	36	50
44	37	50
44	38	70
44	39	50
44	40	90
45	1	100
45	2	80
45	3	60
45	4	100
45	5	60
45	6	10
45	7	70
45	8	60
45	9	70
45	10	80
45	11	90
45	12	10
45	13	60
45	14	60
45	15	60
45	16	60
45	17	50
45	18	0
45	19	80
45	20	80
45	21	100
45	22	60
45	23	80
45	24	70
45	25	80
45	26	50
45	27	80
45	28	80
45	29	70
45	30	80
45	31	80
45	32	60
45	33	30
45	34	30
45	35	60
45	36	100
45	37	80
45	38	80
45	39	70
45	40	80
46	1	100
46	2	90
46	3	90
46	4	90
46	5	80
46	6	20
46	7	90
46	8	110
46	9	90
46	10	100
46	11	130
46	12	10
46	13	70
46	14	120
46	15	70
46	16	60
46	17	70
46	18	0
46	19	90
46	20	90
46	21	110
46	22	80
46	23	110
46	24	110
46	25	70
46	26	70
46	27	100
46	28	110
46	29	110
46	30	70
46	31	120
46	32	80
46	33	50
46	34	50
46	35	80
46	36	130
46	37	100
46	38	100
46	39	70
46	40	100
47	1	80
47	2	60
47	3	60
47	4	120
47	5	60
47	6	10
47	7	70
47	8	80
47	9	70
47	10	60
47	11	50
47	12	10
47	13	100
47	14	80
47	15	60
47	16	80
47	17	50
47	18	0
47	19	80
47	20	120
47	21	60
47	22	60
47	23	60
47	24	70
47	25	100
47	26	50
47	27	80
47	28	80
47	29	70
47	30	100
47	31	100
47	32	60
47	33	30
47	34	50
47	35	80
47	36	80
47	37	80
47	38	60
47	39	50
47	40	80
48	1	80
48	2	50
48	3	50
48	4	70
48	5	60
48	6	0
48	7	70
48	8	50
48	9	70
48	10	60
48	11	70
48	12	0
48	13	50
48	14	50
48	15	50
48	16	50
48	17	50
48	18	0
48	19	50
48	20	70
48	21	70
48	22	60
48	23	50
48	24	70
48	25	70
48	26	50
48	27	60
48	28	70
48	29	50
48	30	70
48	31	80
48	32	50
48	33	30
48	34	30
48	35	50
48	36	70
48	37	50
48	38	60
48	39	70
48	40	50
49	1	90
49	2	70
49	3	0
49	4	70
49	5	50
49	6	50
49	7	50
49	8	50
49	9	70
49	10	90
49	11	90
49	12	70
49	13	50
49	14	50
49	15	50
49	16	50
49	17	70
49	18	70
49	19	70
49	20	50
49	21	90
49	22	70
49	23	70
49	24	50
49	25	50
49	26	50
49	27	70
49	28	50
49	29	70
49	30	50
49	31	50
49	32	0
49	33	50
49	34	70
49	35	50
49	36	70
49	37	70
49	38	90
49	39	70
49	40	90
50	1	80
50	2	70
50	3	20
50	4	90
50	5	60
50	6	50
50	7	50
50	8	90
50	9	70
50	10	100
50	11	110
50	12	60
50	13	90
50	14	100
50	15	50
50	16	80
50	17	70
50	18	50
50	19	110
50	20	90
50	21	90
50	22	80
50	23	90
50	24	70
50	25	70
50	26	50
50	27	80
50	28	70
50	29	90
50	30	70
50	31	120
50	32	10
50	33	60
50	34	80
50	35	60
50	36	90
50	37	120
50	38	100
50	39	50
50	40	100
51	1	100
51	2	90
51	3	20
51	4	70
51	5	80
51	6	70
51	7	70
51	8	70
51	9	70
51	10	80
51	11	90
51	12	60
51	13	50
51	14	80
51	15	70
51	16	60
51	17	50
51	18	50
51	19	70
51	20	50
51	21	90
51	22	60
51	23	90
51	24	70
51	25	50
51	26	70
51	27	100
51	28	70
51	29	90
51	30	50
51	31	60
51	32	30
51	33	80
51	34	60
51	35	80
51	36	90
51	37	80
51	38	80
51	39	70
51	40	80
52	1	80
52	2	80
52	3	80
52	4	60
52	5	80
52	6	30
52	7	70
52	8	100
52	9	90
52	10	60
52	11	90
52	12	10
52	13	60
52	14	100
52	15	80
52	16	60
52	17	50
52	18	0
52	19	60
52	20	80
52	21	80
52	22	60
52	23	80
52	24	90
52	25	60
52	26	70
52	27	80
52	28	80
52	29	90
52	30	60
52	31	80
52	32	80
52	33	30
52	34	30
52	35	80
52	36	80
52	37	60
52	38	60
52	39	70
52	40	80
53	1	70
53	2	50
53	3	20
53	4	70
53	5	50
53	6	50
53	7	50
53	8	70
53	9	70
53	10	70
53	11	90
53	12	50
53	13	90
53	14	70
53	15	50
53	16	70
53	17	70
53	18	50
53	19	90
53	20	70
53	21	90
53	22	70
53	23	70
53	24	50
53	25	70
53	26	50
53	27	50
53	28	70
53	29	50
53	30	70
53	31	90
53	32	0
53	33	50
53	34	50
53	35	50
53	36	70
53	37	90
53	38	70
53	39	70
53	40	50
54	1	60
54	2	50
54	3	70
54	4	70
54	5	60
54	6	0
54	7	70
54	8	70
54	9	50
54	10	80
54	11	70
54	12	10
54	13	70
54	14	80
54	15	50
54	16	60
54	17	70
54	18	0
54	19	70
54	20	70
54	21	70
54	22	80
54	23	70
54	24	70
54	25	70
54	26	50
54	27	60
54	28	90
54	29	50
54	30	70
54	31	100
54	32	60
54	33	30
54	34	30
54	35	60
54	36	90
54	37	80
54	38	80
54	39	50
54	40	60
55	1	100
55	2	80
55	3	30
55	4	140
55	5	60
55	6	60
55	7	70
55	8	120
55	9	90
55	10	100
55	11	110
55	12	60
55	13	120
55	14	120
55	15	60
55	16	80
55	17	70
55	18	50
55	19	120
55	20	140
55	21	100
55	22	80
55	23	100
55	24	90
55	25	100
55	26	50
55	27	100
55	28	100
55	29	110
55	30	100
55	31	140
55	32	10
55	33	80
55	34	120
55	35	80
55	36	120
55	37	120
55	38	100
55	39	50
55	40	120
56	1	100
56	2	80
56	3	80
56	4	120
56	5	60
56	6	10
56	7	70
56	8	100
56	9	90
56	10	100
56	11	130
56	12	10
56	13	100
56	14	100
56	15	60
56	16	80
56	17	70
56	18	0
56	19	120
56	20	120
56	21	120
56	22	80
56	23	100
56	24	90
56	25	100
56	26	50
56	27	80
56	28	100
56	29	90
56	30	100
56	31	140
56	32	60
56	33	30
56	34	50
56	35	60
56	36	120
56	37	120
56	38	100
56	39	70
56	40	100
57	1	110
57	2	90
57	3	70
57	4	90
57	5	50
57	6	0
57	7	50
57	8	110
57	9	110
57	10	90
57	11	130
57	12	0
57	13	90
57	14	130
57	15	50
57	16	50
57	17	70
57	18	0
57	19	90
57	20	90
57	21	110
57	22	70
57	23	90
57	24	90
57	25	50
57	26	50
57	27	110
57	28	70
57	29	110
57	30	50
57	31	90
57	32	70
57	33	0
57	34	40
57	35	90
57	36	90
57	37	90
57	38	90
57	39	70
57	40	110
58	1	90
58	2	90
58	3	70
58	4	90
58	5	70
58	6	20
58	7	90
58	8	70
58	9	70
58	10	70
58	11	90
58	12	0
58	13	50
58	14	70
58	15	70
58	16	50
58	17	50
58	18	0
58	19	70
58	20	70
58	21	90
58	22	50
58	23	90
58	24	90
58	25	70
58	26	70
58	27	90
58	28	90
58	29	90
58	30	70
58	31	70
58	32	70
58	33	40
58	34	20
58	35	70
58	36	110
58	37	70
58	38	70
58	39	70
58	40	70
59	1	70
59	2	50
59	3	50
59	4	50
59	5	50
59	6	0
59	7	50
59	8	50
59	9	70
59	10	70
59	11	70
59	12	20
59	13	50
59	14	50
59	15	50
59	16	50
59	17	70
59	18	20
59	19	50
59	20	50
59	21	70
59	22	70
59	23	50
59	24	50
59	25	50
59	26	50
59	27	50
59	28	50
59	29	50
59	30	50
59	31	50
59	32	50
59	33	0
59	34	20
59	35	50
59	36	50
59	37	50
59	38	70
59	39	70
59	40	70
60	1	100
60	2	80
60	3	80
60	4	100
60	5	60
60	6	10
60	7	50
60	8	100
60	9	70
60	10	100
60	11	90
60	12	10
60	13	100
60	14	100
60	15	60
60	16	60
60	17	70
60	18	0
60	19	100
60	20	80
60	21	100
60	22	80
60	23	100
60	24	50
60	25	60
60	26	50
60	27	100
60	28	80
60	29	90
60	30	60
60	31	80
60	32	60
60	33	10
60	34	30
60	35	80
60	36	100
60	37	100
60	38	100
60	39	50
60	40	100
61	1	100
61	2	80
61	3	80
61	4	80
61	5	60
61	6	10
61	7	50
61	8	100
61	9	90
61	10	80
61	11	90
61	12	10
61	13	100
61	14	120
61	15	60
61	16	60
61	17	70
61	18	0
61	19	80
61	20	80
61	21	100
61	22	80
61	23	80
61	24	70
61	25	60
61	26	50
61	27	100
61	28	80
61	29	70
61	30	60
61	31	80
61	32	80
61	33	10
61	34	30
61	35	100
61	36	80
61	37	80
61	38	80
61	39	70
61	40	80
62	1	100
62	2	60
62	3	80
62	4	120
62	5	60
62	6	10
62	7	70
62	8	100
62	9	90
62	10	80
62	11	90
62	12	10
62	13	120
62	14	100
62	15	60
62	16	80
62	17	70
62	18	0
62	19	100
62	20	120
62	21	100
62	22	80
62	23	80
62	24	70
62	25	100
62	26	50
62	27	80
62	28	100
62	29	70
62	30	100
62	31	120
62	32	60
62	33	30
62	34	50
62	35	80
62	36	100
62	37	100
62	38	80
62	39	70
62	40	80
63	1	70
63	2	50
63	3	0
63	4	50
63	5	50
63	6	50
63	7	50
63	8	70
63	9	90
63	10	50
63	11	90
63	12	50
63	13	50
63	14	70
63	15	50
63	16	50
63	17	50
63	18	50
63	19	50
63	20	70
63	21	70
63	22	50
63	23	50
63	24	70
63	25	50
63	26	50
63	27	50
63	28	50
63	29	70
63	30	50
63	31	70
63	32	0
63	33	50
63	34	70
63	35	50
63	36	50
63	37	50
63	38	50
63	39	70
63	40	70
64	1	110
64	2	70
64	3	50
64	4	90
64	5	50
64	6	0
64	7	50
64	8	70
64	9	90
64	10	70
64	11	90
64	12	0
64	13	70
64	14	70
64	15	50
64	16	50
64	17	50
64	18	0
64	19	70
64	20	70
64	21	90
64	22	50
64	23	70
64	24	50
64	25	50
64	26	50
64	27	90
64	28	50
64	29	90
64	30	50
64	31	50
64	32	50
64	33	0
64	34	20
64	35	70
64	36	70
64	37	70
64	38	70
64	39	70
64	40	90
65	1	120
65	2	80
65	3	80
65	4	120
65	5	60
65	6	10
65	7	50
65	8	100
65	9	90
65	10	100
65	11	110
65	12	10
65	13	120
65	14	100
65	15	60
65	16	80
65	17	70
65	18	0
65	19	120
65	20	100
65	21	120
65	22	80
65	23	100
65	24	50
65	25	80
65	26	50
65	27	100
65	28	80
65	29	90
65	30	80
65	31	100
65	32	60
65	33	10
65	34	30
65	35	80
65	36	100
65	37	120
65	38	100
65	39	70
65	40	100
66	1	100
66	2	70
66	3	20
66	4	90
66	5	60
66	6	50
66	7	70
66	8	110
66	9	110
66	10	80
66	11	110
66	12	60
66	13	90
66	14	140
66	15	50
66	16	60
66	17	70
66	18	50
66	19	70
66	20	110
66	21	90
66	22	80
66	23	70
66	24	110
66	25	70
66	26	50
66	27	100
66	28	90
66	29	90
66	30	70
66	31	120
66	32	30
66	33	80
66	34	120
66	35	100
66	36	90
66	37	80
66	38	80
66	39	70
66	40	100
67	1	80
67	2	70
67	3	20
67	4	110
67	5	60
67	6	50
67	7	70
67	8	90
67	9	70
67	10	100
67	11	110
67	12	60
67	13	90
67	14	100
67	15	50
67	16	80
67	17	70
67	18	50
67	19	110
67	20	110
67	21	90
67	22	80
67	23	90
67	24	90
67	25	90
67	26	50
67	27	80
67	28	90
67	29	90
67	30	90
67	31	140
67	32	10
67	33	80
67	34	100
67	35	60
67	36	110
67	37	120
67	38	100
67	39	50
67	40	100
68	1	90
68	2	90
68	3	90
68	4	90
68	5	70
68	6	20
68	7	90
68	8	110
68	9	90
68	10	90
68	11	130
68	12	0
68	13	70
68	14	110
68	15	70
68	16	50
68	17	70
68	18	0
68	19	90
68	20	90
68	21	110
68	22	70
68	23	110
68	24	110
68	25	70
68	26	70
68	27	90
68	28	110
68	29	110
68	30	70
68	31	110
68	32	70
68	33	40
68	34	40
68	35	70
68	36	130
68	37	90
68	38	90
68	39	70
68	40	90
69	1	120
69	2	70
69	3	50
69	4	110
69	5	60
69	6	0
69	7	70
69	8	90
69	9	110
69	10	80
69	11	110
69	12	10
69	13	70
69	14	100
69	15	50
69	16	60
69	17	50
69	18	0
69	19	70
69	20	110
69	21	90
69	22	60
69	23	70
69	24	90
69	25	70
69	26	50
69	27	100
69	28	70
69	29	110
69	30	70
69	31	100
69	32	60
69	33	30
69	34	70
69	35	80
69	36	90
69	37	80
69	38	80
69	39	70
69	40	120
70	1	80
70	2	60
70	3	30
70	4	80
70	5	60
70	6	60
70	7	50
70	8	100
70	9	70
70	10	80
70	11	70
70	12	60
70	13	100
70	14	100
70	15	60
70	16	60
70	17	70
70	18	50
70	19	80
70	20	80
70	21	80
70	22	80
70	23	80
70	24	50
70	25	60
70	26	50
70	27	80
70	28	80
70	29	70
70	30	60
70	31	80
70	32	10
70	33	60
70	34	80
70	35	80
70	36	80
70	37	80
70	38	80
70	39	50
70	40	80
71	1	80
71	2	70
71	3	50
71	4	90
71	5	60
71	6	0
71	7	50
71	8	50
71	9	50
71	10	80
71	11	70
71	12	10
71	13	70
71	14	60
71	15	50
71	16	80
71	17	50
71	18	0
71	19	90
71	20	70
71	21	70
71	22	60
71	23	70
71	24	50
71	25	70
71	26	50
71	27	80
71	28	50
71	29	70
71	30	70
71	31	80
71	32	60
71	33	10
71	34	10
71	35	60
71	36	70
71	37	100
71	38	80
71	39	50
71	40	80
72	1	100
72	2	70
72	3	50
72	4	90
72	5	60
72	6	0
72	7	50
72	8	90
72	9	90
72	10	80
72	11	90
72	12	10
72	13	70
72	14	100
72	15	50
72	16	60
72	17	50
72	18	0
72	19	70
72	20	90
72	21	70
72	22	60
72	23	70
72	24	70
72	25	50
72	26	50
72	27	100
72	28	50
72	29	110
72	30	50
72	31	80
72	32	60
72	33	10
72	34	50
72	35	80
72	36	70
72	37	80
72	38	80
72	39	50
72	40	120
73	1	80
73	2	80
73	3	30
73	4	100
73	5	60
73	6	60
73	7	50
73	8	80
73	9	50
73	10	100
73	11	90
73	12	60
73	13	100
73	14	80
73	15	60
73	16	80
73	17	70
73	18	50
73	19	120
73	20	80
73	21	100
73	22	80
73	23	100
73	24	50
73	25	80
73	26	50
73	27	80
73	28	80
73	29	70
73	30	80
73	31	100
73	32	10
73	33	60
73	34	60
73	35	60
73	36	100
73	37	120
73	38	100
73	39	50
73	40	80
74	1	100
74	2	80
74	3	80
74	4	100
74	5	60
74	6	10
74	7	50
74	8	120
74	9	90
74	10	100
74	11	110
74	12	10
74	13	100
74	14	120
74	15	60
74	16	60
74	17	70
74	18	0
74	19	100
74	20	100
74	21	100
74	22	80
74	23	100
74	24	70
74	25	60
74	26	50
74	27	100
74	28	80
74	29	110
74	30	60
74	31	100
74	32	60
74	33	10
74	34	50
74	35	80
74	36	100
74	37	100
74	38	100
74	39	50
74	40	120
75	1	100
75	2	100
75	3	50
75	4	100
75	5	80
75	6	80
75	7	90
75	8	120
75	9	90
75	10	100
75	11	130
75	12	60
75	13	80
75	14	120
75	15	80
75	16	60
75	17	70
75	18	50
75	19	100
75	20	100
75	21	120
75	22	80
75	23	120
75	24	110
75	25	80
75	26	70
75	27	100
75	28	120
75	29	110
75	30	80
75	31	120
75	32	30
75	33	100
75	34	100
75	35	80
75	36	140
75	37	100
75	38	100
75	39	70
75	40	100
76	1	100
76	2	80
76	3	80
76	4	120
76	5	60
76	6	10
76	7	70
76	8	80
76	9	70
76	10	100
76	11	110
76	12	10
76	13	100
76	14	80
76	15	60
76	16	80
76	17	70
76	18	0
76	19	120
76	20	100
76	21	120
76	22	80
76	23	100
76	24	70
76	25	100
76	26	50
76	27	80
76	28	100
76	29	70
76	30	100
76	31	120
76	32	60
76	33	30
76	34	30
76	35	60
76	36	120
76	37	120
76	38	100
76	39	70
76	40	80
77	1	120
77	2	70
77	3	0
77	4	90
77	5	60
77	6	50
77	7	50
77	8	70
77	9	90
77	10	100
77	11	90
77	12	80
77	13	70
77	14	80
77	15	50
77	16	60
77	17	70
77	18	70
77	19	70
77	20	70
77	21	90
77	22	80
77	23	70
77	24	50
77	25	50
77	26	50
77	27	100
77	28	50
77	29	90
77	30	50
77	31	60
77	32	10
77	33	60
77	34	100
77	35	80
77	36	70
77	37	80
77	38	100
77	39	70
77	40	120
78	1	80
78	2	70
78	3	90
78	4	70
78	5	60
78	6	20
78	7	70
78	8	70
78	9	50
78	10	120
78	11	90
78	12	30
78	13	70
78	14	80
78	15	70
78	16	60
78	17	90
78	18	20
78	19	90
78	20	50
78	21	90
78	22	100
78	23	110
78	24	50
78	25	50
78	26	50
78	27	80
78	28	90
78	29	90
78	30	50
78	31	80
78	32	60
78	33	30
78	34	30
78	35	60
78	36	90
78	37	100
78	38	120
78	39	50
78	40	100
79	1	110
79	2	90
79	3	0
79	4	90
79	5	50
79	6	50
79	7	50
79	8	90
79	9	110
79	10	70
79	11	110
79	12	50
79	13	70
79	14	110
79	15	50
79	16	50
79	17	50
79	18	50
79	19	70
79	20	90
79	21	90
79	22	50
79	23	70
79	24	90
79	25	50
79	26	50
79	27	110
79	28	50
79	29	110
79	30	50
79	31	70
79	32	20
79	33	50
79	34	90
79	35	90
79	36	70
79	37	70
79	38	70
79	39	70
79	40	110
80	1	70
80	2	50
80	3	90
80	4	90
80	5	50
80	6	20
80	7	90
80	8	110
80	9	90
80	10	90
80	11	90
80	12	20
80	13	90
80	14	110
80	15	70
80	16	50
80	17	90
80	18	20
80	19	70
80	20	110
80	21	70
80	22	90
80	23	90
80	24	90
80	25	70
80	26	50
80	27	70
80	28	110
80	29	110
80	30	70
80	31	110
80	32	50
80	33	40
80	34	80
80	35	70
80	36	90
80	37	70
80	38	90
80	39	50
80	40	110
81	1	90
81	2	70
81	3	70
81	4	110
81	5	50
81	6	0
81	7	50
81	8	90
81	9	70
81	10	90
81	11	90
81	12	0
81	13	110
81	14	90
81	15	50
81	16	70
81	17	70
81	18	0
81	19	110
81	20	90
81	21	90
81	22	70
81	23	90
81	24	50
81	25	70
81	26	50
81	27	90
81	28	70
81	29	90
81	30	70
81	31	90
81	32	50
81	33	0
81	34	20
81	35	70
81	36	90
81	37	110
81	38	90
81	39	50
81	40	90
82	1	60
82	2	50
82	3	20
82	4	90
82	5	60
82	6	50
82	7	70
82	8	90
82	9	70
82	10	80
82	11	90
82	12	50
82	13	90
82	14	90
82	15	50
82	16	70
82	17	70
82	18	50
82	19	90
82	20	110
82	21	70
82	22	80
82	23	70
82	24	90
82	25	90
82	26	50
82	27	60
82	28	90
82	29	70
82	30	90
82	31	140
82	32	0
82	33	80
82	34	100
82	35	50
82	36	90
82	37	90
82	38	80
82	39	50
82	40	70
83	1	80
83	2	70
83	3	20
83	4	110
83	5	60
83	6	50
83	7	70
83	8	90
83	9	70
83	10	100
83	11	110
83	12	50
83	13	90
83	14	90
83	15	50
83	16	70
83	17	70
83	18	50
83	19	110
83	20	110
83	21	90
83	22	80
83	23	90
83	24	90
83	25	90
83	26	50
83	27	80
83	28	90
83	29	90
83	30	90
83	31	140
83	32	0
83	33	80
83	34	100
83	35	50
83	36	110
83	37	110
83	38	100
83	39	50
83	40	90
84	1	90
84	2	90
84	3	20
84	4	90
84	5	70
84	6	70
84	7	90
84	8	70
84	9	70
84	10	70
84	11	90
84	12	50
84	13	50
84	14	70
84	15	70
84	16	50
84	17	50
84	18	50
84	19	70
84	20	70
84	21	90
84	22	50
84	23	90
84	24	90
84	25	70
84	26	70
84	27	90
84	28	90
84	29	90
84	30	70
84	31	70
84	32	20
84	33	90
84	34	70
84	35	70
84	36	110
84	37	70
84	38	70
84	39	70
84	40	70
85	1	70
85	2	70
85	3	20
85	4	90
85	5	50
85	6	50
85	7	70
85	8	70
85	9	50
85	10	90
85	11	90
85	12	50
85	13	70
85	14	70
85	15	50
85	16	50
85	17	70
85	18	50
85	19	90
85	20	70
85	21	90
85	22	70
85	23	90
85	24	70
85	25	70
85	26	50
85	27	70
85	28	90
85	29	70
85	30	70
85	31	90
85	32	0
85	33	70
85	34	70
85	35	50
85	36	110
85	37	90
85	38	90
85	39	50
85	40	70
86	1	80
86	2	100
86	3	60
86	4	100
86	5	80
86	6	10
86	7	70
86	8	80
86	9	50
86	10	80
86	11	70
86	12	10
86	13	60
86	14	80
86	15	60
86	16	60
86	17	50
86	18	0
86	19	80
86	20	80
86	21	80
86	22	60
86	23	80
86	24	90
86	25	80
86	26	70
86	27	100
86	28	80
86	29	70
86	30	80
86	31	80
86	32	80
86	33	30
86	34	30
86	35	80
86	36	120
86	37	80
86	38	80
86	39	50
86	40	80
87	1	90
87	2	70
87	3	50
87	4	110
87	5	50
87	6	0
87	7	50
87	8	70
87	9	70
87	10	70
87	11	70
87	12	0
87	13	90
87	14	70
87	15	50
87	16	70
87	17	50
87	18	0
87	19	90
87	20	90
87	21	70
87	22	50
87	23	70
87	24	50
87	25	70
87	26	50
87	27	90
87	28	50
87	29	90
87	30	70
87	31	70
87	32	50
87	33	0
87	34	20
87	35	70
87	36	70
87	37	90
87	38	70
87	39	50
87	40	90
88	1	100
88	2	70
88	3	0
88	4	130
88	5	60
88	6	50
88	7	70
88	8	90
88	9	90
88	10	80
88	11	90
88	12	50
88	13	90
88	14	90
88	15	50
88	16	70
88	17	50
88	18	50
88	19	90
88	20	130
88	21	70
88	22	60
88	23	70
88	24	90
88	25	90
88	26	50
88	27	100
88	28	70
88	29	110
88	30	90
88	31	120
88	32	0
88	33	80
88	34	120
88	35	70
88	36	90
88	37	90
88	38	80
88	39	50
88	40	110
89	1	90
89	2	90
89	3	0
89	4	110
89	5	70
89	6	50
89	7	70
89	8	90
89	9	70
89	10	70
89	11	70
89	12	50
89	13	70
89	14	90
89	15	50
89	16	50
89	17	50
89	18	50
89	19	70
89	20	90
89	21	70
89	22	50
89	23	70
89	24	90
89	25	70
89	26	70
89	27	110
89	28	70
89	29	90
89	30	70
89	31	70
89	32	20
89	33	70
89	34	90
89	35	90
89	36	110
89	37	70
89	38	70
89	39	50
89	40	90
90	1	100
90	2	90
90	3	20
90	4	110
90	5	80
90	6	50
90	7	70
90	8	110
90	9	70
90	10	100
90	11	90
90	12	50
90	13	90
90	14	110
90	15	50
90	16	50
90	17	70
90	18	50
90	19	90
90	20	90
90	21	90
90	22	80
90	23	90
90	24	90
90	25	70
90	26	70
90	27	120
90	28	90
90	29	90
90	30	70
90	31	100
90	32	20
90	33	80
90	34	100
90	35	90
90	36	130
90	37	90
90	38	100
90	39	50
90	40	90
91	1	100
91	2	90
91	3	70
91	4	110
91	5	80
91	6	0
91	7	70
91	8	110
91	9	70
91	10	100
91	11	90
91	12	10
91	13	90
91	14	120
91	15	50
91	16	60
91	17	70
91	18	0
91	19	90
91	20	90
91	21	90
91	22	80
91	23	90
91	24	90
91	25	70
91	26	70
91	27	120
91	28	90
91	29	90
91	30	70
91	31	100
91	32	80
91	33	30
91	34	50
91	35	100
91	36	130
91	37	100
91	38	100
91	39	50
91	40	100
92	1	100
92	2	80
92	3	100
92	4	100
92	5	80
92	6	30
92	7	90
92	8	140
92	9	110
92	10	80
92	11	110
92	12	10
92	13	100
92	14	140
92	15	80
92	16	60
92	17	70
92	18	0
92	19	80
92	20	120
92	21	100
92	22	80
92	23	100
92	24	110
92	25	80
92	26	70
92	27	100
92	28	120
92	29	110
92	30	80
92	31	120
92	32	80
92	33	50
92	34	70
92	35	100
92	36	120
92	37	80
92	38	80
92	39	70
92	40	100
93	1	100
93	2	70
93	3	70
93	4	90
93	5	60
93	6	0
93	7	70
93	8	110
93	9	110
93	10	80
93	11	110
93	12	10
93	13	90
93	14	140
93	15	50
93	16	60
93	17	70
93	18	0
93	19	70
93	20	110
93	21	90
93	22	80
93	23	70
93	24	110
93	25	70
93	26	50
93	27	100
93	28	90
93	29	90
93	30	70
93	31	120
93	32	80
93	33	30
93	34	70
93	35	100
93	36	90
93	37	80
93	38	80
93	39	70
93	40	100
94	1	100
94	2	50
94	3	70
94	4	70
94	5	60
94	6	0
94	7	50
94	8	90
94	9	90
94	10	80
94	11	90
94	12	0
94	13	90
94	14	90
94	15	50
94	16	50
94	17	70
94	18	0
94	19	70
94	20	70
94	21	90
94	22	80
94	23	70
94	24	50
94	25	50
94	26	50
94	27	80
94	28	70
94	29	70
94	30	50
94	31	80
94	32	50
94	33	10
94	34	30
94	35	70
94	36	70
94	37	70
94	38	80
94	39	70
94	40	70
95	1	120
95	2	70
95	3	70
95	4	110
95	5	60
95	6	0
95	7	70
95	8	90
95	9	90
95	10	120
95	11	110
95	12	30
95	13	90
95	14	100
95	15	50
95	16	60
95	17	90
95	18	20
95	19	90
95	20	90
95	21	110
95	22	100
95	23	90
95	24	70
95	25	70
95	26	50
95	27	100
95	28	90
95	29	90
95	30	70
95	31	100
95	32	60
95	33	30
95	34	70
95	35	80
95	36	110
95	37	100
95	38	120
95	39	70
95	40	120
96	1	120
96	2	70
96	3	50
96	4	90
96	5	60
96	6	0
96	7	50
96	8	70
96	9	90
96	10	100
96	11	90
96	12	30
96	13	70
96	14	80
96	15	50
96	16	60
96	17	70
96	18	20
96	19	70
96	20	70
96	21	90
96	22	80
96	23	70
96	24	50
96	25	50
96	26	50
96	27	100
96	28	50
96	29	90
96	30	50
96	31	60
96	32	60
96	33	10
96	34	50
96	35	80
96	36	70
96	37	80
96	38	100
96	39	70
96	40	120
97	1	100
97	2	70
97	3	90
97	4	110
97	5	60
97	6	20
97	7	90
97	8	110
97	9	90
97	10	120
97	11	110
97	12	30
97	13	90
97	14	120
97	15	70
97	16	60
97	17	90
97	18	20
97	19	90
97	20	110
97	21	90
97	22	100
97	23	110
97	24	90
97	25	70
97	26	50
97	27	100
97	28	110
97	29	130
97	30	70
97	31	120
97	32	60
97	33	50
97	34	90
97	35	80
97	36	110
97	37	100
97	38	120
97	39	50
97	40	140
98	1	80
98	2	80
98	3	10
98	4	100
98	5	60
98	6	60
98	7	50
98	8	80
98	9	70
98	10	80
98	11	90
98	12	60
98	13	80
98	14	80
98	15	60
98	16	80
98	17	50
98	18	50
98	19	100
98	20	100
98	21	80
98	22	60
98	23	80
98	24	70
98	25	80
98	26	50
98	27	80
98	28	60
98	29	90
98	30	80
98	31	100
98	32	10
98	33	60
98	34	80
98	35	60
98	36	80
98	37	100
98	38	80
98	39	50
98	40	100
99	1	50
99	2	50
99	3	0
99	4	70
99	5	50
99	6	50
99	7	70
99	8	50
99	9	50
99	10	50
99	11	50
99	12	50
99	13	50
99	14	50
99	15	50
99	16	50
99	17	50
99	18	50
99	19	50
99	20	70
99	21	50
99	22	50
99	23	50
99	24	70
99	25	70
99	26	50
99	27	50
99	28	70
99	29	50
99	30	70
99	31	70
99	32	0
99	33	70
99	34	70
99	35	50
99	36	70
99	37	50
99	38	50
99	39	50
99	40	50
100	1	80
100	2	80
100	3	10
100	4	100
100	5	80
100	6	60
100	7	70
100	8	120
100	9	90
100	10	60
100	11	70
100	12	60
100	13	80
100	14	120
100	15	60
100	16	60
100	17	50
100	18	50
100	19	60
100	20	120
100	21	60
100	22	60
100	23	60
100	24	110
100	25	80
100	26	70
100	27	100
100	28	80
100	29	90
100	30	80
100	31	100
100	32	30
100	33	80
100	34	120
100	35	100
100	36	100
100	37	60
100	38	60
100	39	50
100	40	100
101	1	100
101	2	70
101	3	40
101	4	90
101	5	80
101	6	70
101	7	90
101	8	110
101	9	90
101	10	80
101	11	90
101	12	50
101	13	90
101	14	110
101	15	70
101	16	50
101	17	70
101	18	50
101	19	70
101	20	90
101	21	90
101	22	80
101	23	90
101	24	90
101	25	70
101	26	70
101	27	100
101	28	110
101	29	90
101	30	70
101	31	100
101	32	20
101	33	100
101	34	100
101	35	90
101	36	110
101	37	70
101	38	80
101	39	70
101	40	70
102	1	100
102	2	70
102	3	20
102	4	110
102	5	60
102	6	70
102	7	90
102	8	70
102	9	70
102	10	100
102	11	70
102	12	80
102	13	70
102	14	80
102	15	70
102	16	60
102	17	70
102	18	70
102	19	70
102	20	90
102	21	70
102	22	80
102	23	90
102	24	70
102	25	70
102	26	50
102	27	100
102	28	90
102	29	110
102	30	70
102	31	80
102	32	10
102	33	100
102	34	120
102	35	80
102	36	90
102	37	80
102	38	100
102	39	50
102	40	120
103	1	80
103	2	50
103	3	70
103	4	90
103	5	60
103	6	0
103	7	70
103	8	90
103	9	70
103	10	80
103	11	70
103	12	0
103	13	90
103	14	90
103	15	50
103	16	50
103	17	70
103	18	0
103	19	70
103	20	90
103	21	70
103	22	80
103	23	70
103	24	70
103	25	70
103	26	50
103	27	80
103	28	90
103	29	70
103	30	70
103	31	100
103	32	50
103	33	30
103	34	50
103	35	70
103	36	90
103	37	70
103	38	80
103	39	50
103	40	70
104	1	100
104	2	80
104	3	10
104	4	120
104	5	60
104	6	60
104	7	70
104	8	80
104	9	70
104	10	80
104	11	70
104	12	60
104	13	80
104	14	80
104	15	60
104	16	60
104	17	50
104	18	50
104	19	80
104	20	100
104	21	80
104	22	60
104	23	80
104	24	70
104	25	80
104	26	50
104	27	100
104	28	80
104	29	90
104	30	80
104	31	80
104	32	10
104	33	80
104	34	100
104	35	80
104	36	100
104	37	80
104	38	80
104	39	50
104	40	100
105	1	100
105	2	50
105	3	0
105	4	90
105	5	60
105	6	50
105	7	50
105	8	90
105	9	110
105	10	60
105	11	90
105	12	50
105	13	90
105	14	90
105	15	50
105	16	70
105	17	50
105	18	50
105	19	70
105	20	110
105	21	70
105	22	60
105	23	50
105	24	70
105	25	70
105	26	50
105	27	80
105	28	50
105	29	90
105	30	70
105	31	100
105	32	0
105	33	60
105	34	100
105	35	70
105	36	50
105	37	70
105	38	60
105	39	70
105	40	90
106	1	90
106	2	70
106	3	0
106	4	90
106	5	50
106	6	50
106	7	50
106	8	50
106	9	70
106	10	70
106	11	90
106	12	50
106	13	70
106	14	50
106	15	50
106	16	70
106	17	50
106	18	50
106	19	90
106	20	70
106	21	90
106	22	50
106	23	70
106	24	50
106	25	70
106	26	50
106	27	70
106	28	50
106	29	70
106	30	70
106	31	70
106	32	0
106	33	50
106	34	50
106	35	50
106	36	70
106	37	90
106	38	70
106	39	70
106	40	70
107	1	70
107	2	70
107	3	70
107	4	90
107	5	50
107	6	0
107	7	50
107	8	90
107	9	70
107	10	90
107	11	110
107	12	0
107	13	90
107	14	90
107	15	50
107	16	70
107	17	70
107	18	0
107	19	110
107	20	90
107	21	90
107	22	70
107	23	90
107	24	70
107	25	70
107	26	50
107	27	70
107	28	70
107	29	90
107	30	70
107	31	110
107	32	50
107	33	0
107	34	20
107	35	50
107	36	90
107	37	110
107	38	90
107	39	50
107	40	90
108	1	80
108	2	50
108	3	90
108	4	90
108	5	60
108	6	20
108	7	90
108	8	110
108	9	90
108	10	100
108	11	90
108	12	30
108	13	90
108	14	120
108	15	70
108	16	60
108	17	90
108	18	20
108	19	70
108	20	110
108	21	70
108	22	100
108	23	90
108	24	90
108	25	70
108	26	50
108	27	80
108	28	110
108	29	110
108	30	70
108	31	120
108	32	60
108	33	50
108	34	90
108	35	80
108	36	90
108	37	80
108	38	100
108	39	50
108	40	120
109	1	100
109	2	80
109	3	80
109	4	80
109	5	60
109	6	10
109	7	50
109	8	80
109	9	70
109	10	120
109	11	110
109	12	30
109	13	80
109	14	80
109	15	60
109	16	60
109	17	90
109	18	20
109	19	100
109	20	60
109	21	120
109	22	100
109	23	100
109	24	50
109	25	60
109	26	50
109	27	80
109	28	80
109	29	70
109	30	60
109	31	80
109	32	60
109	33	10
109	34	30
109	35	60
109	36	100
109	37	100
109	38	120
109	39	70
109	40	100
110	1	100
110	2	70
110	3	70
110	4	70
110	5	80
110	6	20
110	7	70
110	8	90
110	9	90
110	10	60
110	11	70
110	12	0
110	13	70
110	14	90
110	15	70
110	16	50
110	17	50
110	18	0
110	19	50
110	20	70
110	21	70
110	22	60
110	23	70
110	24	70
110	25	50
110	26	70
110	27	100
110	28	70
110	29	90
110	30	50
110	31	60
110	32	70
110	33	30
110	34	30
110	35	90
110	36	70
110	37	50
110	38	60
110	39	70
110	40	70
111	1	100
111	2	60
111	3	80
111	4	100
111	5	60
111	6	10
111	7	70
111	8	100
111	9	90
111	10	80
111	11	90
111	12	10
111	13	100
111	14	100
111	15	60
111	16	60
111	17	70
111	18	0
111	19	80
111	20	100
111	21	100
111	22	80
111	23	80
111	24	70
111	25	80
111	26	50
111	27	80
111	28	100
111	29	70
111	30	80
111	31	100
111	32	60
111	33	30
111	34	50
111	35	80
111	36	100
111	37	80
111	38	80
111	39	70
111	40	80
112	1	120
112	2	90
112	3	20
112	4	110
112	5	60
112	6	50
112	7	70
112	8	90
112	9	90
112	10	100
112	11	110
112	12	60
112	13	90
112	14	120
112	15	50
112	16	60
112	17	70
112	18	50
112	19	90
112	20	90
112	21	110
112	22	80
112	23	90
112	24	90
112	25	70
112	26	50
112	27	120
112	28	90
112	29	90
112	30	70
112	31	100
112	32	30
112	33	80
112	34	100
112	35	100
112	36	110
112	37	100
112	38	100
112	39	70
112	40	100
113	1	70
113	2	70
113	3	40
113	4	90
113	5	50
113	6	70
113	7	90
113	8	90
113	9	70
113	10	110
113	11	110
113	12	70
113	13	70
113	14	90
113	15	70
113	16	50
113	17	90
113	18	70
113	19	90
113	20	90
113	21	90
113	22	90
113	23	110
113	24	90
113	25	70
113	26	50
113	27	70
113	28	110
113	29	110
113	30	70
113	31	110
113	32	0
113	33	90
113	34	110
113	35	50
113	36	110
113	37	90
113	38	110
113	39	50
113	40	110
114	1	100
114	2	70
114	3	70
114	4	90
114	5	60
114	6	0
114	7	70
114	8	90
114	9	90
114	10	100
114	11	130
114	12	10
114	13	70
114	14	100
114	15	50
114	16	60
114	17	70
114	18	0
114	19	90
114	20	90
114	21	110
114	22	80
114	23	90
114	24	90
114	25	70
114	26	50
114	27	80
114	28	90
114	29	90
114	30	70
114	31	120
114	32	60
114	33	30
114	34	50
114	35	60
114	36	110
114	37	100
114	38	100
114	39	70
114	40	100
115	1	100
115	2	60
115	3	60
115	4	80
115	5	60
115	6	10
115	7	50
115	8	100
115	9	110
115	10	60
115	11	90
115	12	10
115	13	80
115	14	100
115	15	60
115	16	60
115	17	50
115	18	0
115	19	60
115	20	100
115	21	80
115	22	60
115	23	60
115	24	70
115	25	60
115	26	50
115	27	80
115	28	60
115	29	90
115	30	60
115	31	80
115	32	60
115	33	10
115	34	50
115	35	80
115	36	60
115	37	60
115	38	60
115	39	70
115	40	100
116	1	100
116	2	100
116	3	10
116	4	100
116	5	60
116	6	60
116	7	70
116	8	60
116	9	70
116	10	80
116	11	90
116	12	60
116	13	60
116	14	80
116	15	60
116	16	60
116	17	50
116	18	50
116	19	80
116	20	80
116	21	100
116	22	60
116	23	80
116	24	90
116	25	80
116	26	50
116	27	100
116	28	80
116	29	70
116	30	80
116	31	80
116	32	30
116	33	80
116	34	80
116	35	80
116	36	100
116	37	80
116	38	80
116	39	70
116	40	80
117	1	80
117	2	70
117	3	20
117	4	70
117	5	60
117	6	50
117	7	50
117	8	90
117	9	70
117	10	100
117	11	110
117	12	60
117	13	70
117	14	100
117	15	50
117	16	60
117	17	70
117	18	50
117	19	90
117	20	70
117	21	90
117	22	80
117	23	90
117	24	70
117	25	50
117	26	50
117	27	80
117	28	70
117	29	90
117	30	50
117	31	100
117	32	10
117	33	60
117	34	80
117	35	60
117	36	90
117	37	100
117	38	100
117	39	50
117	40	100
118	1	80
118	2	100
118	3	80
118	4	80
118	5	80
118	6	10
118	7	50
118	8	120
118	9	70
118	10	100
118	11	110
118	12	10
118	13	80
118	14	120
118	15	60
118	16	60
118	17	70
118	18	0
118	19	100
118	20	80
118	21	100
118	22	80
118	23	100
118	24	90
118	25	60
118	26	70
118	27	100
118	28	80
118	29	90
118	30	60
118	31	100
118	32	80
118	33	10
118	34	30
118	35	80
118	36	120
118	37	100
118	38	100
118	39	50
118	40	100
119	1	80
119	2	70
119	3	40
119	4	90
119	5	60
119	6	70
119	7	90
119	8	90
119	9	70
119	10	120
119	11	110
119	12	80
119	13	70
119	14	100
119	15	70
119	16	60
119	17	90
119	18	70
119	19	90
119	20	90
119	21	90
119	22	100
119	23	110
119	24	90
119	25	70
119	26	50
119	27	80
119	28	110
119	29	110
119	30	70
119	31	120
119	32	10
119	33	100
119	34	120
119	35	60
119	36	110
119	37	100
119	38	120
119	39	50
119	40	120
120	1	120
120	2	70
120	3	70
120	4	110
120	5	60
120	6	0
120	7	70
120	8	90
120	9	90
120	10	120
120	11	110
120	12	20
120	13	90
120	14	90
120	15	50
120	16	50
120	17	90
120	18	20
120	19	90
120	20	90
120	21	110
120	22	100
120	23	90
120	24	70
120	25	70
120	26	50
120	27	100
120	28	90
120	29	90
120	30	70
120	31	100
120	32	50
120	33	30
120	34	70
120	35	70
120	36	110
120	37	90
120	38	120
120	39	70
120	40	110
121	1	100
121	2	80
121	3	10
121	4	100
121	5	60
121	6	60
121	7	70
121	8	100
121	9	110
121	10	60
121	11	90
121	12	60
121	13	80
121	14	120
121	15	60
121	16	60
121	17	50
121	18	50
121	19	60
121	20	120
121	21	80
121	22	60
121	23	60
121	24	110
121	25	80
121	26	50
121	27	100
121	28	80
121	29	90
121	30	80
121	31	100
121	32	30
121	33	80
121	34	120
121	35	100
121	36	80
121	37	60
121	38	60
121	39	70
121	40	100
122	1	100
122	2	50
122	3	50
122	4	110
122	5	60
122	6	0
122	7	70
122	8	70
122	9	90
122	10	60
122	11	70
122	12	10
122	13	90
122	14	80
122	15	50
122	16	80
122	17	50
122	18	0
122	19	70
122	20	110
122	21	70
122	22	60
122	23	50
122	24	70
122	25	90
122	26	50
122	27	80
122	28	70
122	29	70
122	30	90
122	31	100
122	32	60
122	33	30
122	34	50
122	35	80
122	36	70
122	37	80
122	38	60
122	39	70
122	40	80
123	1	100
123	2	90
123	3	0
123	4	90
123	5	80
123	6	50
123	7	50
123	8	90
123	9	70
123	10	80
123	11	70
123	12	60
123	13	70
123	14	100
123	15	50
123	16	60
123	17	50
123	18	50
123	19	70
123	20	70
123	21	70
123	22	60
123	23	70
123	24	70
123	25	50
123	26	70
123	27	120
123	28	50
123	29	90
123	30	50
123	31	60
123	32	30
123	33	60
123	34	80
123	35	100
123	36	90
123	37	80
123	38	80
123	39	50
123	40	100
124	1	80
124	2	70
124	3	40
124	4	90
124	5	60
124	6	70
124	7	90
124	8	90
124	9	70
124	10	120
124	11	110
124	12	80
124	13	70
124	14	100
124	15	70
124	16	60
124	17	90
124	18	70
124	19	90
124	20	90
124	21	90
124	22	100
124	23	110
124	24	90
124	25	70
124	26	50
124	27	80
124	28	110
124	29	110
124	30	70
124	31	120
124	32	10
124	33	100
124	34	120
124	35	60
124	36	110
124	37	100
124	38	120
124	39	50
124	40	120
125	1	90
125	2	90
125	3	90
125	4	90
125	5	70
125	6	20
125	7	90
125	8	90
125	9	70
125	10	90
125	11	110
125	12	0
125	13	70
125	14	90
125	15	70
125	16	50
125	17	70
125	18	0
125	19	90
125	20	70
125	21	110
125	22	70
125	23	110
125	24	90
125	25	70
125	26	70
125	27	90
125	28	110
125	29	90
125	30	70
125	31	90
125	32	70
125	33	40
125	34	20
125	35	70
125	36	130
125	37	90
125	38	90
125	39	70
125	40	70
126	1	80
126	2	50
126	3	50
126	4	70
126	5	60
126	6	0
126	7	70
126	8	70
126	9	90
126	10	80
126	11	90
126	12	20
126	13	50
126	14	70
126	15	50
126	16	50
126	17	70
126	18	20
126	19	50
126	20	90
126	21	70
126	22	80
126	23	50
126	24	90
126	25	70
126	26	50
126	27	60
126	28	70
126	29	70
126	30	70
126	31	100
126	32	50
126	33	30
126	34	70
126	35	50
126	36	70
126	37	50
126	38	80
126	39	70
126	40	90
127	1	80
127	2	80
127	3	30
127	4	80
127	5	60
127	6	80
127	7	70
127	8	80
127	9	70
127	10	100
127	11	90
127	12	80
127	13	60
127	14	80
127	15	80
127	16	60
127	17	70
127	18	70
127	19	80
127	20	80
127	21	80
127	22	80
127	23	100
127	24	70
127	25	60
127	26	50
127	27	80
127	28	80
127	29	110
127	30	60
127	31	80
127	32	10
127	33	80
127	34	100
127	35	60
127	36	80
127	37	80
127	38	100
127	39	50
127	40	120
128	1	100
128	2	70
128	3	50
128	4	110
128	5	60
128	6	0
128	7	70
128	8	90
128	9	90
128	10	80
128	11	90
128	12	10
128	13	70
128	14	100
128	15	50
128	16	60
128	17	50
128	18	0
128	19	70
128	20	110
128	21	70
128	22	60
128	23	70
128	24	90
128	25	70
128	26	50
128	27	100
128	28	70
128	29	110
128	30	70
128	31	100
128	32	60
128	33	30
128	34	70
128	35	80
128	36	90
128	37	80
128	38	80
128	39	50
128	40	120
129	1	80
129	2	70
129	3	70
129	4	70
129	5	60
129	6	0
129	7	50
129	8	70
129	9	50
129	10	100
129	11	90
129	12	10
129	13	70
129	14	80
129	15	50
129	16	60
129	17	70
129	18	0
129	19	90
129	20	50
129	21	90
129	22	80
129	23	90
129	24	50
129	25	50
129	26	50
129	27	80
129	28	70
129	29	70
129	30	50
129	31	80
129	32	60
129	33	10
129	34	10
129	35	60
129	36	90
129	37	100
129	38	100
129	39	50
129	40	80
130	1	60
130	2	80
130	3	80
130	4	80
130	5	80
130	6	10
130	7	70
130	8	120
130	9	70
130	10	80
130	11	90
130	12	10
130	13	80
130	14	120
130	15	60
130	16	60
130	17	70
130	18	0
130	19	80
130	20	100
130	21	80
130	22	80
130	23	80
130	24	110
130	25	80
130	26	70
130	27	80
130	28	100
130	29	70
130	30	80
130	31	120
130	32	80
130	33	30
130	34	50
130	35	80
130	36	120
130	37	80
130	38	80
130	39	50
130	40	80
131	1	90
131	2	90
131	3	70
131	4	90
131	5	70
131	6	0
131	7	50
131	8	130
131	9	90
131	10	90
131	11	110
131	12	0
131	13	90
131	14	130
131	15	50
131	16	50
131	17	70
131	18	0
131	19	90
131	20	90
131	21	90
131	22	70
131	23	90
131	24	90
131	25	50
131	26	70
131	27	110
131	28	70
131	29	110
131	30	50
131	31	90
131	32	70
131	33	0
131	34	40
131	35	90
131	36	110
131	37	90
131	38	90
131	39	50
131	40	110
132	1	100
132	2	80
132	3	80
132	4	80
132	5	60
132	6	10
132	7	50
132	8	80
132	9	70
132	10	120
132	11	110
132	12	30
132	13	80
132	14	80
132	15	60
132	16	60
132	17	90
132	18	20
132	19	100
132	20	60
132	21	120
132	22	100
132	23	100
132	24	50
132	25	60
132	26	50
132	27	80
132	28	80
132	29	70
132	30	60
132	31	80
132	32	60
132	33	10
132	34	30
132	35	60
132	36	100
132	37	100
132	38	120
132	39	70
132	40	100
133	1	70
133	2	50
133	3	70
133	4	110
133	5	50
133	6	0
133	7	70
133	8	110
133	9	90
133	10	70
133	11	90
133	12	0
133	13	110
133	14	110
133	15	50
133	16	70
133	17	70
133	18	0
133	19	90
133	20	130
133	21	70
133	22	70
133	23	70
133	24	90
133	25	90
133	26	50
133	27	70
133	28	90
133	29	90
133	30	90
133	31	130
133	32	50
133	33	20
133	34	60
133	35	70
133	36	90
133	37	90
133	38	70
133	39	50
133	40	90
134	1	80
134	2	60
134	3	30
134	4	80
134	5	60
134	6	60
134	7	50
134	8	100
134	9	90
134	10	80
134	11	110
134	12	60
134	13	100
134	14	100
134	15	60
134	16	80
134	17	70
134	18	50
134	19	100
134	20	100
134	21	100
134	22	80
134	23	80
134	24	70
134	25	80
134	26	50
134	27	60
134	28	80
134	29	70
134	30	80
134	31	120
134	32	10
134	33	60
134	34	80
134	35	60
134	36	80
134	37	100
134	38	80
134	39	70
134	40	80
135	1	70
135	2	70
135	3	90
135	4	70
135	5	70
135	6	20
135	7	90
135	8	110
135	9	90
135	10	70
135	11	110
135	12	0
135	13	70
135	14	110
135	15	70
135	16	50
135	17	70
135	18	0
135	19	70
135	20	90
135	21	90
135	22	70
135	23	90
135	24	110
135	25	70
135	26	70
135	27	70
135	28	110
135	29	90
135	30	70
135	31	110
135	32	70
135	33	40
135	34	40
135	35	70
135	36	110
135	37	70
135	38	70
135	39	70
135	40	70
136	1	120
136	2	90
136	3	70
136	4	110
136	5	80
136	6	20
136	7	90
136	8	110
136	9	110
136	10	80
136	11	110
136	12	10
136	13	70
136	14	120
136	15	70
136	16	60
136	17	50
136	18	0
136	19	70
136	20	110
136	21	90
136	22	60
136	23	90
136	24	110
136	25	70
136	26	70
136	27	120
136	28	90
136	29	130
136	30	70
136	31	100
136	32	80
136	33	50
136	34	70
136	35	100
136	36	110
136	37	80
136	38	80
136	39	70
136	40	120
137	1	80
137	2	70
137	3	20
137	4	90
137	5	60
137	6	50
137	7	70
137	8	90
137	9	70
137	10	100
137	11	110
137	12	50
137	13	70
137	14	90
137	15	50
137	16	50
137	17	70
137	18	50
137	19	90
137	20	90
137	21	90
137	22	80
137	23	90
137	24	90
137	25	70
137	26	50
137	27	80
137	28	90
137	29	90
137	30	70
137	31	120
137	32	0
137	33	80
137	34	100
137	35	50
137	36	110
137	37	90
137	38	100
137	39	50
137	40	90
138	1	80
138	2	60
138	3	80
138	4	100
138	5	60
138	6	10
138	7	70
138	8	120
138	9	90
138	10	80
138	11	90
138	12	10
138	13	100
138	14	120
138	15	60
138	16	60
138	17	70
138	18	0
138	19	80
138	20	120
138	21	80
138	22	80
138	23	80
138	24	90
138	25	80
138	26	50
138	27	80
138	28	100
138	29	90
138	30	80
138	31	120
138	32	60
138	33	30
138	34	70
138	35	80
138	36	100
138	37	80
138	38	80
138	39	50
138	40	100
139	1	70
139	2	70
139	3	20
139	4	90
139	5	50
139	6	50
139	7	70
139	8	90
139	9	70
139	10	90
139	11	110
139	12	50
139	13	70
139	14	90
139	15	50
139	16	50
139	17	70
139	18	50
139	19	90
139	20	90
139	21	90
139	22	70
139	23	90
139	24	90
139	25	70
139	26	50
139	27	70
139	28	90
139	29	90
139	30	70
139	31	110
139	32	0
139	33	70
139	34	90
139	35	50
139	36	110
139	37	90
139	38	90
139	39	50
139	40	90
140	1	90
140	2	70
140	3	0
140	4	70
140	5	50
140	6	50
140	7	50
140	8	70
140	9	90
140	10	50
140	11	70
140	12	50
140	13	70
140	14	90
140	15	50
140	16	50
140	17	50
140	18	50
140	19	50
140	20	70
140	21	70
140	22	50
140	23	50
140	24	70
140	25	50
140	26	50
140	27	90
140	28	50
140	29	70
140	30	50
140	31	50
140	32	20
140	33	50
140	34	70
140	35	90
140	36	50
140	37	50
140	38	50
140	39	70
140	40	70
141	1	80
141	2	60
141	3	60
141	4	80
141	5	60
141	6	10
141	7	70
141	8	80
141	9	90
141	10	60
141	11	90
141	12	10
141	13	60
141	14	80
141	15	60
141	16	60
141	17	50
141	18	0
141	19	60
141	20	100
141	21	80
141	22	60
141	23	60
141	24	90
141	25	80
141	26	50
141	27	60
141	28	80
141	29	70
141	30	80
141	31	100
141	32	60
141	33	30
141	34	50
141	35	60
141	36	80
141	37	60
141	38	60
141	39	70
141	40	80
142	1	90
142	2	90
142	3	50
142	4	90
142	5	50
142	6	0
142	7	70
142	8	70
142	9	90
142	10	70
142	11	110
142	12	0
142	13	50
142	14	90
142	15	50
142	16	50
142	17	50
142	18	0
142	19	70
142	20	90
142	21	90
142	22	50
142	23	70
142	24	110
142	25	70
142	26	50
142	27	90
142	28	70
142	29	90
142	30	70
142	31	90
142	32	70
142	33	20
142	34	40
142	35	70
142	36	90
142	37	70
142	38	70
142	39	70
142	40	90
143	1	60
143	2	80
143	3	10
143	4	80
143	5	80
143	6	60
143	7	70
143	8	80
143	9	50
143	10	60
143	11	50
143	12	60
143	13	60
143	14	80
143	15	60
143	16	60
143	17	50
143	18	50
143	19	60
143	20	80
143	21	60
143	22	60
143	23	60
143	24	90
143	25	80
143	26	70
143	27	80
143	28	80
143	29	50
143	30	80
143	31	80
143	32	30
143	33	80
143	34	80
143	35	80
143	36	100
143	37	60
143	38	60
143	39	50
143	40	60
144	1	90
144	2	50
144	3	0
144	4	90
144	5	50
144	6	50
144	7	70
144	8	70
144	9	90
144	10	70
144	11	70
144	12	70
144	13	70
144	14	70
144	15	50
144	16	50
144	17	70
144	18	70
144	19	50
144	20	90
144	21	70
144	22	70
144	23	50
144	24	70
144	25	70
144	26	50
144	27	70
144	28	70
144	29	70
144	30	70
144	31	70
144	32	0
144	33	70
144	34	110
144	35	70
144	36	70
144	37	50
144	38	70
144	39	70
144	40	90
145	1	80
145	2	80
145	3	60
145	4	80
145	5	60
145	6	10
145	7	50
145	8	60
145	9	50
145	10	80
145	11	70
145	12	10
145	13	60
145	14	60
145	15	60
145	16	60
145	17	50
145	18	0
145	19	80
145	20	60
145	21	80
145	22	60
145	23	80
145	24	50
145	25	60
145	26	50
145	27	80
145	28	60
145	29	70
145	30	60
145	31	60
145	32	60
145	33	10
145	34	10
145	35	60
145	36	80
145	37	80
145	38	80
145	39	50
145	40	80
146	1	100
146	2	70
146	3	20
146	4	70
146	5	80
146	6	70
146	7	70
146	8	90
146	9	90
146	10	60
146	11	70
146	12	50
146	13	70
146	14	90
146	15	70
146	16	50
146	17	50
146	18	50
146	19	50
146	20	70
146	21	70
146	22	60
146	23	70
146	24	70
146	25	50
146	26	70
146	27	100
146	28	70
146	29	90
146	30	50
146	31	60
146	32	20
146	33	80
146	34	80
146	35	90
146	36	70
146	37	50
146	38	60
146	39	70
146	40	70
147	1	90
147	2	50
147	3	50
147	4	70
147	5	50
147	6	0
147	7	50
147	8	90
147	9	110
147	10	70
147	11	90
147	12	20
147	13	70
147	14	90
147	15	50
147	16	50
147	17	70
147	18	20
147	19	50
147	20	90
147	21	70
147	22	70
147	23	50
147	24	70
147	25	50
147	26	50
147	27	70
147	28	50
147	29	90
147	30	50
147	31	70
147	32	50
147	33	0
147	34	60
147	35	70
147	36	50
147	37	50
147	38	70
147	39	70
147	40	110
148	1	90
148	2	70
148	3	20
148	4	90
148	5	50
148	6	50
148	7	70
148	8	110
148	9	110
148	10	70
148	11	110
148	12	50
148	13	90
148	14	130
148	15	50
148	16	50
148	17	70
148	18	50
148	19	70
148	20	110
148	21	90
148	22	70
148	23	70
148	24	110
148	25	70
148	26	50
148	27	90
148	28	90
148	29	90
148	30	70
148	31	110
148	32	20
148	33	70
148	34	110
148	35	90
148	36	90
148	37	70
148	38	70
148	39	70
148	40	90
149	1	50
149	2	50
149	3	70
149	4	70
149	5	50
149	6	20
149	7	90
149	8	50
149	9	50
149	10	70
149	11	50
149	12	20
149	13	50
149	14	50
149	15	70
149	16	50
149	17	70
149	18	20
149	19	50
149	20	70
149	21	50
149	22	70
149	23	70
149	24	70
149	25	70
149	26	50
149	27	50
149	28	90
149	29	70
149	30	70
149	31	70
149	32	50
149	33	40
149	34	40
149	35	50
149	36	70
149	37	50
149	38	70
149	39	50
149	40	70
150	1	100
150	2	80
150	3	60
150	4	120
150	5	60
150	6	10
150	7	70
150	8	100
150	9	90
150	10	80
150	11	90
150	12	10
150	13	80
150	14	100
150	15	60
150	16	60
150	17	50
150	18	0
150	19	80
150	20	120
150	21	80
150	22	60
150	23	80
150	24	90
150	25	80
150	26	50
150	27	100
150	28	80
150	29	110
150	30	80
150	31	100
150	32	60
150	33	30
150	34	70
150	35	80
150	36	100
150	37	80
150	38	80
150	39	50
150	40	120
151	1	70
151	2	70
151	3	70
151	4	90
151	5	70
151	6	0
151	7	70
151	8	130
151	9	90
151	10	70
151	11	90
151	12	0
151	13	90
151	14	130
151	15	50
151	16	50
151	17	70
151	18	0
151	19	70
151	20	110
151	21	70
151	22	70
151	23	70
151	24	110
151	25	70
151	26	70
151	27	90
151	28	90
151	29	90
151	30	70
151	31	110
151	32	70
151	33	20
151	34	60
151	35	90
151	36	110
151	37	70
151	38	70
151	39	50
151	40	90
152	1	100
152	2	50
152	3	20
152	4	90
152	5	60
152	6	50
152	7	50
152	8	110
152	9	110
152	10	80
152	11	110
152	12	60
152	13	110
152	14	120
152	15	50
152	16	80
152	17	70
152	18	50
152	19	90
152	20	110
152	21	90
152	22	80
152	23	70
152	24	70
152	25	70
152	26	50
152	27	80
152	28	70
152	29	90
152	30	70
152	31	120
152	32	10
152	33	60
152	34	100
152	35	80
152	36	70
152	37	100
152	38	80
152	39	70
152	40	100
153	1	80
153	2	70
153	3	20
153	4	90
153	5	60
153	6	50
153	7	70
153	8	70
153	9	50
153	10	100
153	11	90
153	12	60
153	13	70
153	14	80
153	15	50
153	16	60
153	17	70
153	18	50
153	19	90
153	20	70
153	21	90
153	22	80
153	23	90
153	24	70
153	25	70
153	26	50
153	27	80
153	28	90
153	29	70
153	30	70
153	31	100
153	32	10
153	33	80
153	34	80
153	35	60
153	36	110
153	37	100
153	38	100
153	39	50
153	40	80
154	1	100
154	2	50
154	3	50
154	4	90
154	5	60
154	6	0
154	7	50
154	8	70
154	9	90
154	10	60
154	11	70
154	12	10
154	13	90
154	14	80
154	15	50
154	16	80
154	17	50
154	18	0
154	19	70
154	20	90
154	21	70
154	22	60
154	23	50
154	24	50
154	25	70
154	26	50
154	27	80
154	28	50
154	29	70
154	30	70
154	31	80
154	32	60
154	33	10
154	34	30
154	35	80
154	36	50
154	37	80
154	38	60
154	39	70
154	40	80
155	1	100
155	2	70
155	3	70
155	4	70
155	5	60
155	6	0
155	7	50
155	8	110
155	9	110
155	10	80
155	11	110
155	12	0
155	13	90
155	14	130
155	15	50
155	16	50
155	17	70
155	18	0
155	19	70
155	20	90
155	21	90
155	22	80
155	23	70
155	24	90
155	25	50
155	26	50
155	27	100
155	28	70
155	29	90
155	30	50
155	31	100
155	32	70
155	33	10
155	34	50
155	35	90
155	36	70
155	37	70
155	38	80
155	39	70
155	40	90
156	1	90
156	2	70
156	3	90
156	4	110
156	5	50
156	6	20
156	7	90
156	8	90
156	9	70
156	10	110
156	11	90
156	12	20
156	13	90
156	14	90
156	15	70
156	16	50
156	17	90
156	18	20
156	19	90
156	20	90
156	21	90
156	22	90
156	23	110
156	24	70
156	25	70
156	26	50
156	27	90
156	28	110
156	29	110
156	30	70
156	31	90
156	32	50
156	33	40
156	34	60
156	35	70
156	36	110
156	37	90
156	38	110
156	39	50
156	40	110
157	1	80
157	2	50
157	3	0
157	4	70
157	5	60
157	6	50
157	7	50
157	8	50
157	9	70
157	10	60
157	11	70
157	12	60
157	13	70
157	14	60
157	15	50
157	16	80
157	17	50
157	18	50
157	19	70
157	20	70
157	21	70
157	22	60
157	23	50
157	24	50
157	25	70
157	26	50
157	27	60
157	28	50
157	29	50
157	30	70
157	31	80
157	32	10
157	33	60
157	34	60
157	35	60
157	36	50
157	37	80
157	38	60
157	39	70
157	40	60
158	1	120
158	2	80
158	3	60
158	4	120
158	5	60
158	6	10
158	7	70
158	8	80
158	9	90
158	10	80
158	11	90
158	12	10
158	13	80
158	14	80
158	15	60
158	16	60
158	17	50
158	18	0
158	19	80
158	20	100
158	21	100
158	22	60
158	23	80
158	24	70
158	25	80
158	26	50
158	27	100
158	28	80
158	29	90
158	30	80
158	31	80
158	32	60
158	33	30
158	34	50
158	35	80
158	36	100
158	37	80
158	38	80
158	39	70
158	40	100
159	1	100
159	2	70
159	3	0
159	4	110
159	5	60
159	6	50
159	7	70
159	8	90
159	9	90
159	10	80
159	11	90
159	12	50
159	13	70
159	14	90
159	15	50
159	16	50
159	17	50
159	18	50
159	19	70
159	20	110
159	21	70
159	22	60
159	23	70
159	24	90
159	25	70
159	26	50
159	27	100
159	28	70
159	29	110
159	30	70
159	31	100
159	32	0
159	33	80
159	34	120
159	35	70
159	36	90
159	37	70
159	38	80
159	39	50
159	40	110
160	1	120
160	2	70
160	3	20
160	4	90
160	5	60
160	6	50
160	7	50
160	8	110
160	9	110
160	10	100
160	11	130
160	12	50
160	13	90
160	14	110
160	15	50
160	16	50
160	17	70
160	18	50
160	19	90
160	20	90
160	21	110
160	22	80
160	23	90
160	24	70
160	25	50
160	26	50
160	27	100
160	28	70
160	29	110
160	30	50
160	31	100
160	32	0
160	33	60
160	34	100
160	35	70
160	36	90
160	37	90
160	38	100
160	39	70
160	40	110
161	1	120
161	2	70
161	3	0
161	4	110
161	5	60
161	6	50
161	7	70
161	8	70
161	9	90
161	10	80
161	11	90
161	12	60
161	13	70
161	14	80
161	15	50
161	16	60
161	17	50
161	18	50
161	19	70
161	20	90
161	21	90
161	22	60
161	23	70
161	24	70
161	25	70
161	26	50
161	27	100
161	28	70
161	29	90
161	30	70
161	31	80
161	32	10
161	33	80
161	34	100
161	35	80
161	36	90
161	37	80
161	38	80
161	39	70
161	40	100
162	1	100
162	2	80
162	3	10
162	4	140
162	5	60
162	6	60
162	7	70
162	8	100
162	9	90
162	10	80
162	11	90
162	12	60
162	13	100
162	14	100
162	15	60
162	16	80
162	17	50
162	18	50
162	19	100
162	20	140
162	21	80
162	22	60
162	23	80
162	24	90
162	25	100
162	26	50
162	27	100
162	28	80
162	29	110
162	30	100
162	31	120
162	32	10
162	33	80
162	34	120
162	35	80
162	36	100
162	37	100
162	38	80
162	39	50
162	40	120
163	1	80
163	2	60
163	3	10
163	4	100
163	5	60
163	6	60
163	7	70
163	8	60
163	9	70
163	10	60
163	11	70
163	12	60
163	13	80
163	14	60
163	15	60
163	16	80
163	17	50
163	18	50
163	19	80
163	20	100
163	21	80
163	22	60
163	23	60
163	24	70
163	25	100
163	26	50
163	27	60
163	28	80
163	29	50
163	30	100
163	31	100
163	32	10
163	33	80
163	34	80
163	35	60
163	36	80
163	37	80
163	38	60
163	39	70
163	40	60
164	1	120
164	2	90
164	3	50
164	4	90
164	5	60
164	6	0
164	7	50
164	8	70
164	9	90
164	10	80
164	11	90
164	12	10
164	13	70
164	14	100
164	15	50
164	16	60
164	17	50
164	18	0
164	19	70
164	20	70
164	21	90
164	22	60
164	23	70
164	24	70
164	25	50
164	26	50
164	27	120
164	28	50
164	29	90
164	30	50
164	31	60
164	32	80
164	33	10
164	34	30
164	35	100
164	36	70
164	37	80
164	38	80
164	39	70
164	40	100
165	1	100
165	2	70
165	3	70
165	4	90
165	5	60
165	6	0
165	7	50
165	8	70
165	9	70
165	10	100
165	11	110
165	12	10
165	13	90
165	14	80
165	15	50
165	16	80
165	17	70
165	18	0
165	19	110
165	20	70
165	21	110
165	22	80
165	23	90
165	24	50
165	25	70
165	26	50
165	27	80
165	28	70
165	29	70
165	30	70
165	31	100
165	32	60
165	33	10
165	34	10
165	35	60
165	36	90
165	37	120
165	38	100
165	39	70
165	40	80
166	1	70
166	2	70
166	3	90
166	4	50
166	5	70
166	6	20
166	7	70
166	8	90
166	9	70
166	10	70
166	11	90
166	12	0
166	13	70
166	14	90
166	15	70
166	16	50
166	17	70
166	18	0
166	19	70
166	20	50
166	21	90
166	22	70
166	23	90
166	24	70
166	25	50
166	26	70
166	27	70
166	28	90
166	29	70
166	30	50
166	31	70
166	32	70
166	33	20
166	34	0
166	35	70
166	36	90
166	37	70
166	38	70
166	39	70
166	40	50
167	1	80
167	2	70
167	3	50
167	4	50
167	5	60
167	6	0
167	7	50
167	8	70
167	9	90
167	10	60
167	11	90
167	12	10
167	13	50
167	14	100
167	15	50
167	16	60
167	17	50
167	18	0
167	19	50
167	20	70
167	21	70
167	22	60
167	23	50
167	24	90
167	25	50
167	26	50
167	27	80
167	28	50
167	29	70
167	30	50
167	31	80
167	32	80
167	33	10
167	34	30
167	35	80
167	36	50
167	37	60
167	38	60
167	39	70
167	40	80
168	1	100
168	2	80
168	3	60
168	4	80
168	5	60
168	6	10
168	7	50
168	8	60
168	9	70
168	10	80
168	11	90
168	12	10
168	13	60
168	14	60
168	15	60
168	16	60
168	17	50
168	18	0
168	19	80
168	20	60
168	21	100
168	22	60
168	23	80
168	24	50
168	25	60
168	26	50
168	27	80
168	28	60
168	29	70
168	30	60
168	31	60
168	32	60
168	33	10
168	34	10
168	35	60
168	36	80
168	37	80
168	38	80
168	39	70
168	40	80
169	1	70
169	2	50
169	3	20
169	4	50
169	5	50
169	6	50
169	7	50
169	8	70
169	9	70
169	10	70
169	11	90
169	12	50
169	13	70
169	14	70
169	15	50
169	16	50
169	17	70
169	18	50
169	19	70
169	20	50
169	21	90
169	22	70
169	23	70
169	24	50
169	25	50
169	26	50
169	27	50
169	28	70
169	29	50
169	30	50
169	31	70
169	32	0
169	33	50
169	34	50
169	35	50
169	36	70
169	37	70
169	38	70
169	39	70
169	40	50
170	1	100
170	2	70
170	3	70
170	4	90
170	5	60
170	6	0
170	7	70
170	8	70
170	9	70
170	10	100
170	11	110
170	12	0
170	13	70
170	14	70
170	15	50
170	16	50
170	17	70
170	18	0
170	19	90
170	20	70
170	21	110
170	22	80
170	23	90
170	24	70
170	25	70
170	26	50
170	27	80
170	28	90
170	29	70
170	30	70
170	31	100
170	32	50
170	33	30
170	34	30
170	35	50
170	36	110
170	37	90
170	38	100
170	39	70
170	40	70
171	1	100
171	2	70
171	3	0
171	4	130
171	5	60
171	6	50
171	7	70
171	8	70
171	9	70
171	10	80
171	11	70
171	12	60
171	13	90
171	14	80
171	15	50
171	16	80
171	17	50
171	18	50
171	19	90
171	20	110
171	21	70
171	22	60
171	23	70
171	24	70
171	25	90
171	26	50
171	27	100
171	28	70
171	29	90
171	30	90
171	31	100
171	32	10
171	33	80
171	34	100
171	35	80
171	36	90
171	37	100
171	38	80
171	39	50
171	40	100
172	1	70
172	2	50
172	3	50
172	4	90
172	5	50
172	6	0
172	7	70
172	8	70
172	9	70
172	10	50
172	11	50
172	12	0
172	13	70
172	14	70
172	15	50
172	16	50
172	17	50
172	18	0
172	19	50
172	20	90
172	21	50
172	22	50
172	23	50
172	24	70
172	25	70
172	26	50
172	27	70
172	28	70
172	29	70
172	30	70
172	31	70
172	32	50
172	33	20
172	34	40
172	35	70
172	36	70
172	37	50
172	38	50
172	39	50
172	40	70
173	1	60
173	2	60
173	3	60
173	4	60
173	5	60
173	6	10
173	7	50
173	8	80
173	9	70
173	10	60
173	11	70
173	12	10
173	13	60
173	14	80
173	15	60
173	16	60
173	17	50
173	18	0
173	19	60
173	20	80
173	21	60
173	22	60
173	23	60
173	24	70
173	25	60
173	26	50
173	27	60
173	28	60
173	29	70
173	30	60
173	31	80
173	32	60
173	33	10
173	34	30
173	35	60
173	36	60
173	37	60
173	38	60
173	39	50
173	40	80
174	1	80
174	2	50
174	3	0
174	4	50
174	5	60
174	6	50
174	7	50
174	8	70
174	9	90
174	10	80
174	11	90
174	12	70
174	13	50
174	14	70
174	15	50
174	16	50
174	17	70
174	18	70
174	19	50
174	20	70
174	21	70
174	22	80
174	23	50
174	24	70
174	25	50
174	26	50
174	27	60
174	28	50
174	29	70
174	30	50
174	31	80
174	32	0
174	33	60
174	34	100
174	35	50
174	36	50
174	37	50
174	38	80
174	39	70
174	40	90
175	1	80
175	2	70
175	3	20
175	4	90
175	5	60
175	6	50
175	7	50
175	8	70
175	9	50
175	10	100
175	11	90
175	12	60
175	13	90
175	14	80
175	15	50
175	16	80
175	17	70
175	18	50
175	19	110
175	20	70
175	21	90
175	22	80
175	23	90
175	24	50
175	25	70
175	26	50
175	27	80
175	28	70
175	29	70
175	30	70
175	31	100
175	32	10
175	33	60
175	34	60
175	35	60
175	36	90
175	37	120
175	38	100
175	39	50
175	40	80
176	1	80
176	2	50
176	3	50
176	4	70
176	5	60
176	6	0
176	7	50
176	8	90
176	9	90
176	10	60
176	11	70
176	12	10
176	13	70
176	14	100
176	15	50
176	16	60
176	17	50
176	18	0
176	19	50
176	20	90
176	21	50
176	22	60
176	23	50
176	24	70
176	25	50
176	26	50
176	27	80
176	28	50
176	29	90
176	30	50
176	31	80
176	32	60
176	33	10
176	34	50
176	35	80
176	36	50
176	37	60
176	38	60
176	39	50
176	40	100
177	1	80
177	2	80
177	3	60
177	4	80
177	5	60
177	6	10
177	7	50
177	8	60
177	9	50
177	10	80
177	11	70
177	12	10
177	13	60
177	14	60
177	15	60
177	16	60
177	17	50
177	18	0
177	19	80
177	20	60
177	21	80
177	22	60
177	23	80
177	24	50
177	25	60
177	26	50
177	27	80
177	28	60
177	29	70
177	30	60
177	31	60
177	32	60
177	33	10
177	34	10
177	35	60
177	36	80
177	37	80
177	38	80
177	39	50
177	40	80
178	1	70
178	2	50
178	3	50
178	4	70
178	5	50
178	6	0
178	7	50
178	8	50
178	9	70
178	10	50
178	11	70
178	12	0
178	13	70
178	14	50
178	15	50
178	16	70
178	17	50
178	18	0
178	19	70
178	20	70
178	21	70
178	22	50
178	23	50
178	24	50
178	25	70
178	26	50
178	27	50
178	28	50
178	29	50
178	30	70
178	31	70
178	32	50
178	33	0
178	34	0
178	35	50
178	36	50
178	37	70
178	38	50
178	39	70
178	40	50
179	1	80
179	2	100
179	3	30
179	4	80
179	5	80
179	6	60
179	7	50
179	8	100
179	9	50
179	10	100
179	11	90
179	12	60
179	13	80
179	14	100
179	15	60
179	16	60
179	17	70
179	18	50
179	19	100
179	20	60
179	21	100
179	22	80
179	23	100
179	24	70
179	25	60
179	26	70
179	27	100
179	28	80
179	29	70
179	30	60
179	31	80
179	32	30
179	33	60
179	34	60
179	35	80
179	36	120
179	37	100
179	38	100
179	39	50
179	40	80
180	1	50
180	2	50
180	3	50
180	4	70
180	5	50
180	6	0
180	7	70
180	8	50
180	9	50
180	10	50
180	11	50
180	12	0
180	13	50
180	14	50
180	15	50
180	16	50
180	17	50
180	18	0
180	19	50
180	20	70
180	21	50
180	22	50
180	23	50
180	24	70
180	25	70
180	26	50
180	27	50
180	28	70
180	29	50
180	30	70
180	31	70
180	32	50
180	33	20
180	34	20
180	35	50
180	36	70
180	37	50
180	38	50
180	39	50
180	40	50
181	1	100
181	2	70
181	3	70
181	4	110
181	5	60
181	6	0
181	7	50
181	8	110
181	9	90
181	10	100
181	11	110
181	12	0
181	13	110
181	14	110
181	15	50
181	16	70
181	17	70
181	18	0
181	19	110
181	20	110
181	21	90
181	22	80
181	23	90
181	24	70
181	25	70
181	26	50
181	27	100
181	28	70
181	29	110
181	30	70
181	31	120
181	32	50
181	33	10
181	34	50
181	35	70
181	36	90
181	37	110
181	38	100
181	39	50
181	40	110
182	1	60
182	2	70
182	3	20
182	4	50
182	5	80
182	6	50
182	7	50
182	8	110
182	9	70
182	10	80
182	11	90
182	12	60
182	13	70
182	14	120
182	15	50
182	16	60
182	17	70
182	18	50
182	19	70
182	20	70
182	21	70
182	22	80
182	23	70
182	24	90
182	25	50
182	26	70
182	27	80
182	28	70
182	29	70
182	30	50
182	31	100
182	32	30
182	33	60
182	34	80
182	35	80
182	36	90
182	37	80
182	38	80
182	39	50
182	40	80
183	1	120
183	2	100
183	3	50
183	4	100
183	5	80
183	6	80
183	7	70
183	8	140
183	9	110
183	10	100
183	11	130
183	12	60
183	13	100
183	14	140
183	15	80
183	16	60
183	17	70
183	18	50
183	19	100
183	20	100
183	21	120
183	22	80
183	23	120
183	24	90
183	25	60
183	26	70
183	27	120
183	28	100
183	29	130
183	30	60
183	31	100
183	32	30
183	33	80
183	34	100
183	35	100
183	36	120
183	37	100
183	38	100
183	39	70
183	40	120
184	1	80
184	2	80
184	3	80
184	4	100
184	5	60
184	6	10
184	7	70
184	8	80
184	9	50
184	10	100
184	11	90
184	12	10
184	13	80
184	14	80
184	15	60
184	16	60
184	17	70
184	18	0
184	19	100
184	20	80
184	21	100
184	22	80
184	23	100
184	24	70
184	25	80
184	26	50
184	27	80
184	28	100
184	29	70
184	30	80
184	31	100
184	32	60
184	33	30
184	34	30
184	35	60
184	36	120
184	37	100
184	38	100
184	39	50
184	40	80
185	1	80
185	2	70
185	3	20
185	4	90
185	5	60
185	6	70
185	7	90
185	8	50
185	9	50
185	10	100
185	11	70
185	12	70
185	13	50
185	14	50
185	15	70
185	16	50
185	17	70
185	18	70
185	19	70
185	20	70
185	21	70
185	22	80
185	23	90
185	24	70
185	25	70
185	26	50
185	27	80
185	28	90
185	29	90
185	30	70
185	31	80
185	32	0
185	33	100
185	34	100
185	35	50
185	36	90
185	37	70
185	38	100
185	39	50
185	40	90
186	1	100
186	2	70
186	3	20
186	4	110
186	5	60
186	6	50
186	7	50
186	8	110
186	9	90
186	10	100
186	11	110
186	12	50
186	13	110
186	14	110
186	15	50
186	16	70
186	17	70
186	18	50
186	19	110
186	20	110
186	21	90
186	22	80
186	23	90
186	24	70
186	25	70
186	26	50
186	27	100
186	28	70
186	29	110
186	30	70
186	31	120
186	32	0
186	33	60
186	34	100
186	35	70
186	36	90
186	37	110
186	38	100
186	39	50
186	40	110
187	1	100
187	2	100
187	3	80
187	4	120
187	5	80
187	6	10
187	7	70
187	8	140
187	9	90
187	10	100
187	11	110
187	12	10
187	13	100
187	14	140
187	15	60
187	16	60
187	17	70
187	18	0
187	19	100
187	20	120
187	21	100
187	22	80
187	23	100
187	24	110
187	25	80
187	26	70
187	27	120
187	28	100
187	29	110
187	30	80
187	31	120
187	32	80
187	33	30
187	34	70
187	35	100
187	36	140
187	37	100
187	38	100
187	39	50
187	40	120
188	1	100
188	2	80
188	3	10
188	4	140
188	5	60
188	6	60
188	7	70
188	8	100
188	9	90
188	10	80
188	11	90
188	12	60
188	13	100
188	14	100
188	15	60
188	16	80
188	17	50
188	18	50
188	19	100
188	20	140
188	21	80
188	22	60
188	23	80
188	24	90
188	25	100
188	26	50
188	27	100
188	28	80
188	29	110
188	30	100
188	31	120
188	32	10
188	33	80
188	34	120
188	35	80
188	36	100
188	37	100
188	38	80
188	39	50
188	40	120
189	1	60
189	2	50
189	3	0
189	4	50
189	5	60
189	6	50
189	7	50
189	8	50
189	9	50
189	10	60
189	11	50
189	12	50
189	13	50
189	14	50
189	15	50
189	16	50
189	17	50
189	18	50
189	19	50
189	20	50
189	21	50
189	22	60
189	23	50
189	24	50
189	25	50
189	26	50
189	27	60
189	28	50
189	29	50
189	30	50
189	31	60
189	32	0
189	33	60
189	34	60
189	35	50
189	36	50
189	37	50
189	38	60
189	39	50
189	40	50
190	1	70
190	2	90
190	3	0
190	4	70
190	5	70
190	6	50
190	7	50
190	8	90
190	9	70
190	10	70
190	11	90
190	12	50
190	13	50
190	14	90
190	15	50
190	16	50
190	17	50
190	18	50
190	19	70
190	20	70
190	21	70
190	22	50
190	23	70
190	24	90
190	25	50
190	26	70
190	27	90
190	28	50
190	29	90
190	30	50
190	31	70
190	32	20
190	33	50
190	34	70
190	35	70
190	36	90
190	37	70
190	38	70
190	39	50
190	40	90
191	1	60
191	2	60
191	3	30
191	4	60
191	5	60
191	6	80
191	7	70
191	8	60
191	9	50
191	10	80
191	11	50
191	12	80
191	13	60
191	14	60
191	15	80
191	16	60
191	17	70
191	18	70
191	19	60
191	20	60
191	21	60
191	22	80
191	23	80
191	24	50
191	25	60
191	26	50
191	27	60
191	28	80
191	29	70
191	30	60
191	31	60
191	32	10
191	33	80
191	34	80
191	35	60
191	36	60
191	37	60
191	38	80
191	39	50
191	40	80
192	1	60
192	2	50
192	3	20
192	4	70
192	5	60
192	6	50
192	7	70
192	8	90
192	9	70
192	10	80
192	11	90
192	12	60
192	13	70
192	14	100
192	15	50
192	16	60
192	17	70
192	18	50
192	19	70
192	20	90
192	21	70
192	22	80
192	23	70
192	24	90
192	25	70
192	26	50
192	27	60
192	28	90
192	29	70
192	30	70
192	31	120
192	32	10
192	33	80
192	34	100
192	35	60
192	36	90
192	37	80
192	38	80
192	39	50
192	40	80
193	1	60
193	2	60
193	3	100
193	4	80
193	5	60
193	6	30
193	7	90
193	8	100
193	9	70
193	10	100
193	11	90
193	12	30
193	13	80
193	14	100
193	15	80
193	16	60
193	17	90
193	18	20
193	19	80
193	20	100
193	21	80
193	22	100
193	23	100
193	24	90
193	25	80
193	26	50
193	27	60
193	28	120
193	29	90
193	30	80
193	31	120
193	32	60
193	33	50
193	34	70
193	35	60
193	36	100
193	37	80
193	38	100
193	39	50
193	40	100
194	1	100
194	2	100
194	3	30
194	4	100
194	5	80
194	6	60
194	7	50
194	8	140
194	9	90
194	10	100
194	11	110
194	12	60
194	13	100
194	14	140
194	15	60
194	16	60
194	17	70
194	18	50
194	19	100
194	20	100
194	21	100
194	22	80
194	23	100
194	24	90
194	25	60
194	26	70
194	27	120
194	28	80
194	29	110
194	30	60
194	31	100
194	32	30
194	33	60
194	34	100
194	35	100
194	36	120
194	37	100
194	38	100
194	39	50
194	40	120
195	1	80
195	2	70
195	3	0
195	4	90
195	5	60
195	6	50
195	7	50
195	8	50
195	9	50
195	10	80
195	11	70
195	12	50
195	13	70
195	14	50
195	15	50
195	16	70
195	17	50
195	18	50
195	19	90
195	20	70
195	21	70
195	22	60
195	23	70
195	24	50
195	25	70
195	26	50
195	27	80
195	28	50
195	29	70
195	30	70
195	31	80
195	32	0
195	33	60
195	34	60
195	35	50
195	36	70
195	37	90
195	38	80
195	39	50
195	40	70
196	1	100
196	2	70
196	3	50
196	4	90
196	5	60
196	6	0
196	7	70
196	8	50
196	9	70
196	10	100
196	11	90
196	12	30
196	13	50
196	14	60
196	15	50
196	16	60
196	17	70
196	18	20
196	19	70
196	20	70
196	21	90
196	22	80
196	23	70
196	24	70
196	25	70
196	26	50
196	27	80
196	28	70
196	29	70
196	30	70
196	31	80
196	32	60
196	33	30
196	34	50
196	35	60
196	36	90
196	37	80
196	38	100
196	39	70
196	40	100
197	1	60
197	2	50
197	3	0
197	4	50
197	5	60
197	6	50
197	7	50
197	8	50
197	9	50
197	10	60
197	11	50
197	12	60
197	13	50
197	14	60
197	15	50
197	16	60
197	17	50
197	18	50
197	19	50
197	20	50
197	21	50
197	22	60
197	23	50
197	24	50
197	25	50
197	26	50
197	27	60
197	28	50
197	29	50
197	30	50
197	31	60
197	32	10
197	33	60
197	34	60
197	35	60
197	36	50
197	37	60
197	38	60
197	39	50
197	40	60
198	1	80
198	2	70
198	3	70
198	4	50
198	5	80
198	6	20
198	7	70
198	8	70
198	9	70
198	10	60
198	11	70
198	12	0
198	13	50
198	14	70
198	15	70
198	16	50
198	17	50
198	18	0
198	19	50
198	20	50
198	21	70
198	22	60
198	23	70
198	24	70
198	25	50
198	26	70
198	27	80
198	28	70
198	29	70
198	30	50
198	31	60
198	32	70
198	33	30
198	34	10
198	35	70
198	36	70
198	37	50
198	38	60
198	39	70
198	40	50
199	1	100
199	2	80
199	3	30
199	4	80
199	5	60
199	6	60
199	7	50
199	8	100
199	9	90
199	10	100
199	11	130
199	12	60
199	13	80
199	14	100
199	15	60
199	16	60
199	17	70
199	18	50
199	19	100
199	20	80
199	21	120
199	22	80
199	23	100
199	24	70
199	25	60
199	26	50
199	27	80
199	28	80
199	29	90
199	30	60
199	31	100
199	32	10
199	33	60
199	34	80
199	35	60
199	36	100
199	37	100
199	38	100
199	39	70
199	40	100
200	1	100
200	2	70
200	3	70
200	4	70
200	5	60
200	6	0
200	7	50
200	8	90
200	9	90
200	10	80
200	11	90
200	12	0
200	13	90
200	14	110
200	15	50
200	16	50
200	17	70
200	18	0
200	19	70
200	20	70
200	21	90
200	22	80
200	23	70
200	24	70
200	25	50
200	26	50
200	27	100
200	28	70
200	29	70
200	30	50
200	31	80
200	32	70
200	33	10
200	34	30
200	35	90
200	36	70
200	37	70
200	38	80
200	39	70
200	40	70
201	1	100
201	2	70
201	3	70
201	4	110
201	5	60
201	6	20
201	7	90
201	8	90
201	9	90
201	10	100
201	11	90
201	12	20
201	13	70
201	14	90
201	15	70
201	16	50
201	17	70
201	18	20
201	19	70
201	20	110
201	21	70
201	22	80
201	23	90
201	24	90
201	25	70
201	26	50
201	27	100
201	28	90
201	29	130
201	30	70
201	31	100
201	32	50
201	33	50
201	34	90
201	35	70
201	36	90
201	37	70
201	38	100
201	39	50
201	40	130
202	1	60
202	2	50
202	3	20
202	4	70
202	5	60
202	6	50
202	7	70
202	8	70
202	9	50
202	10	80
202	11	70
202	12	60
202	13	70
202	14	80
202	15	50
202	16	60
202	17	70
202	18	50
202	19	70
202	20	70
202	21	70
202	22	80
202	23	70
202	24	70
202	25	70
202	26	50
202	27	60
202	28	90
202	29	50
202	30	70
202	31	100
202	32	10
202	33	80
202	34	80
202	35	60
202	36	90
202	37	80
202	38	80
202	39	50
202	40	60
203	1	90
203	2	70
203	3	20
203	4	110
203	5	50
203	6	70
203	7	90
203	8	70
203	9	70
203	10	90
203	11	70
203	12	70
203	13	70
203	14	70
203	15	70
203	16	50
203	17	70
203	18	70
203	19	70
203	20	90
203	21	70
203	22	70
203	23	90
203	24	70
203	25	70
203	26	50
203	27	90
203	28	90
203	29	110
203	30	70
203	31	70
203	32	0
203	33	90
203	34	110
203	35	70
203	36	90
203	37	70
203	38	90
203	39	50
203	40	110
204	1	80
204	2	80
204	3	30
204	4	100
204	5	60
204	6	60
204	7	70
204	8	100
204	9	70
204	10	100
204	11	110
204	12	60
204	13	80
204	14	100
204	15	60
204	16	60
204	17	70
204	18	50
204	19	100
204	20	100
204	21	100
204	22	80
204	23	100
204	24	90
204	25	80
204	26	50
204	27	80
204	28	100
204	29	90
204	30	80
204	31	120
204	32	10
204	33	80
204	34	100
204	35	60
204	36	120
204	37	100
204	38	100
204	39	50
204	40	100
205	1	100
205	2	70
205	3	20
205	4	110
205	5	60
205	6	70
205	7	90
205	8	90
205	9	90
205	10	100
205	11	90
205	12	70
205	13	70
205	14	90
205	15	70
205	16	50
205	17	70
205	18	70
205	19	70
205	20	110
205	21	70
205	22	80
205	23	90
205	24	90
205	25	70
205	26	50
205	27	100
205	28	90
205	29	130
205	30	70
205	31	100
205	32	0
205	33	100
205	34	140
205	35	70
205	36	90
205	37	70
205	38	100
205	39	50
205	40	130
206	1	90
206	2	70
206	3	20
206	4	110
206	5	50
206	6	50
206	7	70
206	8	110
206	9	90
206	10	90
206	11	110
206	12	50
206	13	90
206	14	110
206	15	50
206	16	50
206	17	70
206	18	50
206	19	90
206	20	110
206	21	90
206	22	70
206	23	90
206	24	90
206	25	70
206	26	50
206	27	90
206	28	90
206	29	110
206	30	70
206	31	110
206	32	0
206	33	70
206	34	110
206	35	70
206	36	110
206	37	90
206	38	90
206	39	50
206	40	110
207	1	80
207	2	80
207	3	30
207	4	80
207	5	60
207	6	60
207	7	70
207	8	80
207	9	70
207	10	80
207	11	90
207	12	60
207	13	80
207	14	100
207	15	60
207	16	60
207	17	70
207	18	50
207	19	80
207	20	80
207	21	100
207	22	80
207	23	80
207	24	90
207	25	80
207	26	50
207	27	80
207	28	100
207	29	50
207	30	80
207	31	100
207	32	30
207	33	80
207	34	80
207	35	80
207	36	100
207	37	80
207	38	80
207	39	70
207	40	60
208	1	70
208	2	50
208	3	90
208	4	70
208	5	50
208	6	20
208	7	70
208	8	90
208	9	70
208	10	90
208	11	70
208	12	20
208	13	90
208	14	90
208	15	70
208	16	50
208	17	90
208	18	20
208	19	70
208	20	70
208	21	70
208	22	90
208	23	90
208	24	50
208	25	50
208	26	50
208	27	70
208	28	90
208	29	90
208	30	50
208	31	70
208	32	50
208	33	20
208	34	40
208	35	70
208	36	70
208	37	70
208	38	90
208	39	50
208	40	90
209	1	100
209	2	70
209	3	90
209	4	70
209	5	80
209	6	20
209	7	70
209	8	110
209	9	90
209	10	80
209	11	90
209	12	10
209	13	90
209	14	120
209	15	70
209	16	60
209	17	70
209	18	0
209	19	70
209	20	70
209	21	90
209	22	80
209	23	90
209	24	70
209	25	50
209	26	70
209	27	100
209	28	90
209	29	90
209	30	50
209	31	80
209	32	80
209	33	30
209	34	30
209	35	100
209	36	90
209	37	80
209	38	80
209	39	70
209	40	80
210	1	50
210	2	50
210	3	50
210	4	70
210	5	50
210	6	0
210	7	70
210	8	50
210	9	50
210	10	50
210	11	50
210	12	0
210	13	50
210	14	50
210	15	50
210	16	50
210	17	50
210	18	0
210	19	50
210	20	70
210	21	50
210	22	50
210	23	50
210	24	70
210	25	70
210	26	50
210	27	50
210	28	70
210	29	50
210	30	70
210	31	70
210	32	50
210	33	20
210	34	20
210	35	50
210	36	70
210	37	50
210	38	50
210	39	50
210	40	50
211	1	110
211	2	70
211	3	50
211	4	110
211	5	50
211	6	0
211	7	50
211	8	70
211	9	90
211	10	70
211	11	90
211	12	0
211	13	90
211	14	70
211	15	50
211	16	70
211	17	50
211	18	0
211	19	90
211	20	90
211	21	90
211	22	50
211	23	70
211	24	50
211	25	70
211	26	50
211	27	90
211	28	50
211	29	90
211	30	70
211	31	70
211	32	50
211	33	0
211	34	20
211	35	70
211	36	70
211	37	90
211	38	70
211	39	70
211	40	90
212	1	100
212	2	80
212	3	60
212	4	140
212	5	60
212	6	10
212	7	70
212	8	80
212	9	70
212	10	80
212	11	70
212	12	10
212	13	100
212	14	80
212	15	60
212	16	80
212	17	50
212	18	0
212	19	100
212	20	120
212	21	80
212	22	60
212	23	80
212	24	70
212	25	100
212	26	50
212	27	100
212	28	80
212	29	90
212	30	100
212	31	100
212	32	60
212	33	30
212	34	50
212	35	80
212	36	100
212	37	100
212	38	80
212	39	50
212	40	100
213	1	80
213	2	60
213	3	100
213	4	100
213	5	60
213	6	30
213	7	90
213	8	120
213	9	90
213	10	100
213	11	90
213	12	30
213	13	100
213	14	120
213	15	80
213	16	60
213	17	90
213	18	20
213	19	80
213	20	120
213	21	80
213	22	100
213	23	100
213	24	90
213	25	80
213	26	50
213	27	80
213	28	120
213	29	110
213	30	80
213	31	120
213	32	60
213	33	50
213	34	90
213	35	80
213	36	100
213	37	80
213	38	100
213	39	50
213	40	120
214	1	50
214	2	70
214	3	50
214	4	50
214	5	70
214	6	0
214	7	50
214	8	70
214	9	50
214	10	50
214	11	50
214	12	0
214	13	50
214	14	70
214	15	50
214	16	50
214	17	50
214	18	0
214	19	50
214	20	50
214	21	50
214	22	50
214	23	50
214	24	70
214	25	50
214	26	70
214	27	70
214	28	50
214	29	50
214	30	50
214	31	50
214	32	70
214	33	0
214	34	0
214	35	70
214	36	70
214	37	50
214	38	50
214	39	50
214	40	50
215	1	80
215	2	80
215	3	10
215	4	80
215	5	80
215	6	60
215	7	50
215	8	100
215	9	70
215	10	60
215	11	50
215	12	60
215	13	80
215	14	100
215	15	60
215	16	60
215	17	50
215	18	50
215	19	60
215	20	80
215	21	60
215	22	60
215	23	60
215	24	70
215	25	60
215	26	70
215	27	100
215	28	60
215	29	70
215	30	60
215	31	60
215	32	30
215	33	60
215	34	80
215	35	100
215	36	80
215	37	60
215	38	60
215	39	50
215	40	80
216	1	80
216	2	60
216	3	30
216	4	100
216	5	60
216	6	60
216	7	50
216	8	120
216	9	90
216	10	80
216	11	90
216	12	60
216	13	120
216	14	120
216	15	60
216	16	80
216	17	70
216	18	50
216	19	100
216	20	120
216	21	80
216	22	80
216	23	80
216	24	70
216	25	80
216	26	50
216	27	80
216	28	80
216	29	90
216	30	80
216	31	120
216	32	10
216	33	60
216	34	100
216	35	80
216	36	80
216	37	100
216	38	80
216	39	50
216	40	100
217	1	90
217	2	90
217	3	0
217	4	90
217	5	50
217	6	50
217	7	70
217	8	70
217	9	90
217	10	70
217	11	110
217	12	50
217	13	50
217	14	90
217	15	50
217	16	50
217	17	50
217	18	50
217	19	70
217	20	90
217	21	90
217	22	50
217	23	70
217	24	110
217	25	70
217	26	50
217	27	90
217	28	70
217	29	90
217	30	70
217	31	90
217	32	20
217	33	70
217	34	90
217	35	70
217	36	90
217	37	70
217	38	70
217	39	70
217	40	90
218	1	120
218	2	100
218	3	30
218	4	100
218	5	60
218	6	60
218	7	50
218	8	120
218	9	110
218	10	100
218	11	130
218	12	60
218	13	100
218	14	140
218	15	60
218	16	60
218	17	70
218	18	50
218	19	100
218	20	100
218	21	120
218	22	80
218	23	100
218	24	90
218	25	60
218	26	50
218	27	120
218	28	80
218	29	110
218	30	60
218	31	100
218	32	30
218	33	60
218	34	100
218	35	100
218	36	100
218	37	100
218	38	100
218	39	70
218	40	120
219	1	80
219	2	50
219	3	50
219	4	70
219	5	60
219	6	0
219	7	50
219	8	70
219	9	90
219	10	60
219	11	90
219	12	10
219	13	70
219	14	80
219	15	50
219	16	80
219	17	50
219	18	0
219	19	70
219	20	90
219	21	70
219	22	60
219	23	50
219	24	70
219	25	70
219	26	50
219	27	60
219	28	50
219	29	70
219	30	70
219	31	100
219	32	60
219	33	10
219	34	30
219	35	60
219	36	50
219	37	80
219	38	60
219	39	70
219	40	80
220	1	80
220	2	70
220	3	0
220	4	90
220	5	60
220	6	50
220	7	70
220	8	50
220	9	50
220	10	80
220	11	70
220	12	60
220	13	50
220	14	60
220	15	50
220	16	60
220	17	50
220	18	50
220	19	70
220	20	70
220	21	70
220	22	60
220	23	70
220	24	70
220	25	70
220	26	50
220	27	80
220	28	70
220	29	70
220	30	70
220	31	80
220	32	10
220	33	80
220	34	80
220	35	60
220	36	90
220	37	80
220	38	80
220	39	50
220	40	80
221	1	70
221	2	70
221	3	20
221	4	50
221	5	70
221	6	70
221	7	70
221	8	70
221	9	70
221	10	50
221	11	70
221	12	50
221	13	50
221	14	70
221	15	70
221	16	50
221	17	50
221	18	50
221	19	50
221	20	50
221	21	70
221	22	50
221	23	70
221	24	70
221	25	50
221	26	70
221	27	70
221	28	70
221	29	70
221	30	50
221	31	50
221	32	20
221	33	70
221	34	50
221	35	70
221	36	70
221	37	50
221	38	50
221	39	70
221	40	50
222	1	100
222	2	70
222	3	0
222	4	110
222	5	60
222	6	50
222	7	70
222	8	90
222	9	90
222	10	80
222	11	90
222	12	50
222	13	70
222	14	90
222	15	50
222	16	50
222	17	50
222	18	50
222	19	70
222	20	110
222	21	70
222	22	60
222	23	70
222	24	90
222	25	70
222	26	50
222	27	100
222	28	70
222	29	110
222	30	70
222	31	100
222	32	0
222	33	80
222	34	120
222	35	70
222	36	90
222	37	70
222	38	80
222	39	50
222	40	110
223	1	100
223	2	80
223	3	80
223	4	80
223	5	80
223	6	30
223	7	70
223	8	100
223	9	90
223	10	60
223	11	70
223	12	10
223	13	80
223	14	100
223	15	80
223	16	60
223	17	50
223	18	0
223	19	60
223	20	80
223	21	80
223	22	60
223	23	80
223	24	70
223	25	60
223	26	70
223	27	100
223	28	80
223	29	90
223	30	60
223	31	60
223	32	80
223	33	30
223	34	30
223	35	100
223	36	80
223	37	60
223	38	60
223	39	70
223	40	80
224	1	80
224	2	70
224	3	20
224	4	70
224	5	80
224	6	50
224	7	50
224	8	110
224	9	70
224	10	80
224	11	70
224	12	50
224	13	90
224	14	110
224	15	50
224	16	50
224	17	70
224	18	50
224	19	70
224	20	70
224	21	70
224	22	80
224	23	70
224	24	70
224	25	50
224	26	70
224	27	100
224	28	70
224	29	70
224	30	50
224	31	80
224	32	20
224	33	60
224	34	80
224	35	90
224	36	90
224	37	70
224	38	80
224	39	50
224	40	70
225	1	80
225	2	90
225	3	50
225	4	70
225	5	80
225	6	0
225	7	50
225	8	70
225	9	50
225	10	80
225	11	70
225	12	10
225	13	50
225	14	80
225	15	50
225	16	60
225	17	50
225	18	0
225	19	70
225	20	50
225	21	70
225	22	60
225	23	70
225	24	70
225	25	50
225	26	70
225	27	100
225	28	50
225	29	70
225	30	50
225	31	60
225	32	80
225	33	10
225	34	10
225	35	80
225	36	90
225	37	80
225	38	80
225	39	50
225	40	80
226	1	80
226	2	70
226	3	0
226	4	110
226	5	60
226	6	50
226	7	70
226	8	50
226	9	50
226	10	80
226	11	70
226	12	50
226	13	70
226	14	50
226	15	50
226	16	70
226	17	50
226	18	50
226	19	90
226	20	90
226	21	70
226	22	60
226	23	70
226	24	70
226	25	90
226	26	50
226	27	80
226	28	70
226	29	70
226	30	90
226	31	100
226	32	0
226	33	80
226	34	80
226	35	50
226	36	90
226	37	90
226	38	80
226	39	50
226	40	70
227	1	50
227	2	70
227	3	50
227	4	50
227	5	70
227	6	0
227	7	50
227	8	70
227	9	50
227	10	50
227	11	50
227	12	0
227	13	50
227	14	70
227	15	50
227	16	50
227	17	50
227	18	0
227	19	50
227	20	50
227	21	50
227	22	50
227	23	50
227	24	70
227	25	50
227	26	70
227	27	70
227	28	50
227	29	50
227	30	50
227	31	50
227	32	70
227	33	0
227	34	0
227	35	70
227	36	70
227	37	50
227	38	50
227	39	50
227	40	50
228	1	100
228	2	100
228	3	60
228	4	120
228	5	80
228	6	10
228	7	70
228	8	100
228	9	70
228	10	80
228	11	70
228	12	10
228	13	80
228	14	100
228	15	60
228	16	60
228	17	50
228	18	0
228	19	80
228	20	100
228	21	80
228	22	60
228	23	80
228	24	90
228	25	80
228	26	70
228	27	120
228	28	80
228	29	90
228	30	80
228	31	80
228	32	80
228	33	30
228	34	50
228	35	100
228	36	120
228	37	80
228	38	80
228	39	50
228	40	100
229	1	100
229	2	80
229	3	30
229	4	120
229	5	60
229	6	60
229	7	50
229	8	120
229	9	90
229	10	100
229	11	110
229	12	60
229	13	120
229	14	120
229	15	60
229	16	80
229	17	70
229	18	50
229	19	120
229	20	120
229	21	100
229	22	80
229	23	100
229	24	70
229	25	80
229	26	50
229	27	100
229	28	80
229	29	110
229	30	80
229	31	120
229	32	10
229	33	60
229	34	100
229	35	80
229	36	100
229	37	120
229	38	100
229	39	50
229	40	120
230	1	70
230	2	70
230	3	0
230	4	110
230	5	50
230	6	50
230	7	70
230	8	70
230	9	70
230	10	70
230	11	90
230	12	50
230	13	70
230	14	70
230	15	50
230	16	70
230	17	50
230	18	50
230	19	90
230	20	110
230	21	70
230	22	50
230	23	70
230	24	90
230	25	90
230	26	50
230	27	70
230	28	70
230	29	90
230	30	90
230	31	110
230	32	0
230	33	70
230	34	90
230	35	50
230	36	90
230	37	90
230	38	70
230	39	50
230	40	90
231	1	120
231	2	80
231	3	30
231	4	100
231	5	60
231	6	60
231	7	50
231	8	100
231	9	90
231	10	100
231	11	110
231	12	60
231	13	100
231	14	100
231	15	60
231	16	60
231	17	70
231	18	50
231	19	100
231	20	80
231	21	120
231	22	80
231	23	100
231	24	50
231	25	60
231	26	50
231	27	100
231	28	80
231	29	90
231	30	60
231	31	80
231	32	10
231	33	60
231	34	80
231	35	80
231	36	100
231	37	100
231	38	100
231	39	70
231	40	100
232	1	80
232	2	70
232	3	20
232	4	90
232	5	80
232	6	50
232	7	70
232	8	110
232	9	70
232	10	80
232	11	70
232	12	50
232	13	90
232	14	110
232	15	50
232	16	50
232	17	70
232	18	50
232	19	70
232	20	90
232	21	70
232	22	80
232	23	70
232	24	90
232	25	70
232	26	70
232	27	100
232	28	90
232	29	70
232	30	70
232	31	100
232	32	20
232	33	80
232	34	100
232	35	90
232	36	110
232	37	70
232	38	80
232	39	50
232	40	70
233	1	100
233	2	70
233	3	0
233	4	70
233	5	60
233	6	50
233	7	50
233	8	90
233	9	110
233	10	60
233	11	90
233	12	50
233	13	70
233	14	110
233	15	50
233	16	50
233	17	50
233	18	50
233	19	50
233	20	90
233	21	70
233	22	60
233	23	50
233	24	90
233	25	50
233	26	50
233	27	100
233	28	50
233	29	90
233	30	50
233	31	80
233	32	20
233	33	60
233	34	100
233	35	90
233	36	50
233	37	50
233	38	60
233	39	70
233	40	90
234	1	100
234	2	100
234	3	80
234	4	100
234	5	80
234	6	30
234	7	90
234	8	80
234	9	70
234	10	80
234	11	90
234	12	10
234	13	60
234	14	80
234	15	80
234	16	60
234	17	50
234	18	0
234	19	80
234	20	80
234	21	100
234	22	60
234	23	100
234	24	90
234	25	80
234	26	70
234	27	100
234	28	100
234	29	90
234	30	80
234	31	80
234	32	80
234	33	50
234	34	30
234	35	80
234	36	120
234	37	80
234	38	80
234	39	70
234	40	80
235	1	50
235	2	50
235	3	70
235	4	70
235	5	50
235	6	20
235	7	90
235	8	50
235	9	50
235	10	70
235	11	50
235	12	20
235	13	50
235	14	50
235	15	70
235	16	50
235	17	70
235	18	20
235	19	50
235	20	70
235	21	50
235	22	70
235	23	70
235	24	70
235	25	70
235	26	50
235	27	50
235	28	90
235	29	70
235	30	70
235	31	70
235	32	50
235	33	40
235	34	40
235	35	50
235	36	70
235	37	50
235	38	70
235	39	50
235	40	70
236	1	80
236	2	50
236	3	20
236	4	70
236	5	60
236	6	50
236	7	70
236	8	90
236	9	90
236	10	100
236	11	110
236	12	80
236	13	70
236	14	100
236	15	50
236	16	60
236	17	90
236	18	70
236	19	70
236	20	90
236	21	90
236	22	100
236	23	70
236	24	90
236	25	70
236	26	50
236	27	60
236	28	90
236	29	70
236	30	70
236	31	120
236	32	10
236	33	80
236	34	120
236	35	60
236	36	90
236	37	80
236	38	100
236	39	70
236	40	100
237	1	120
237	2	70
237	3	70
237	4	90
237	5	60
237	6	0
237	7	50
237	8	110
237	9	110
237	10	100
237	11	130
237	12	10
237	13	90
237	14	120
237	15	50
237	16	60
237	17	70
237	18	0
237	19	90
237	20	90
237	21	110
237	22	80
237	23	90
237	24	70
237	25	50
237	26	50
237	27	100
237	28	70
237	29	110
237	30	50
237	31	100
237	32	60
237	33	10
237	34	50
237	35	80
237	36	90
237	37	100
237	38	100
237	39	70
237	40	120
238	1	80
238	2	50
238	3	0
238	4	70
238	5	60
238	6	50
238	7	70
238	8	50
238	9	70
238	10	60
238	11	70
238	12	50
238	13	50
238	14	50
238	15	50
238	16	50
238	17	50
238	18	50
238	19	50
238	20	70
238	21	70
238	22	60
238	23	50
238	24	70
238	25	70
238	26	50
238	27	60
238	28	70
238	29	50
238	30	70
238	31	80
238	32	0
238	33	80
238	34	80
238	35	50
238	36	70
238	37	50
238	38	60
238	39	70
238	40	50
239	1	70
239	2	50
239	3	20
239	4	70
239	5	50
239	6	50
239	7	50
239	8	110
239	9	90
239	10	70
239	11	90
239	12	50
239	13	90
239	14	110
239	15	50
239	16	50
239	17	70
239	18	50
239	19	70
239	20	90
239	21	70
239	22	70
239	23	70
239	24	70
239	25	50
239	26	50
239	27	70
239	28	70
239	29	90
239	30	50
239	31	90
239	32	0
239	33	50
239	34	90
239	35	70
239	36	70
239	37	70
239	38	70
239	39	50
239	40	90
240	1	100
240	2	80
240	3	30
240	4	100
240	5	60
240	6	60
240	7	50
240	8	100
240	9	70
240	10	100
240	11	90
240	12	60
240	13	100
240	14	100
240	15	60
240	16	60
240	17	70
240	18	50
240	19	100
240	20	80
240	21	100
240	22	80
240	23	100
240	24	50
240	25	60
240	26	50
240	27	100
240	28	80
240	29	90
240	30	60
240	31	80
240	32	10
240	33	60
240	34	80
240	35	80
240	36	100
240	37	100
240	38	100
240	39	50
240	40	100
241	1	100
241	2	70
241	3	70
241	4	70
241	5	60
241	6	0
241	7	50
241	8	90
241	9	90
241	10	120
241	11	130
241	12	20
241	13	70
241	14	90
241	15	50
241	16	50
241	17	90
241	18	20
241	19	90
241	20	70
241	21	110
241	22	100
241	23	90
241	24	70
241	25	50
241	26	50
241	27	80
241	28	70
241	29	90
241	30	50
241	31	100
241	32	50
241	33	10
241	34	50
241	35	50
241	36	90
241	37	90
241	38	120
241	39	70
241	40	110
242	1	80
242	2	50
242	3	0
242	4	70
242	5	60
242	6	50
242	7	50
242	8	50
242	9	70
242	10	60
242	11	70
242	12	50
242	13	70
242	14	50
242	15	50
242	16	70
242	17	50
242	18	50
242	19	70
242	20	70
242	21	70
242	22	60
242	23	50
242	24	50
242	25	70
242	26	50
242	27	60
242	28	50
242	29	50
242	30	70
242	31	80
242	32	0
242	33	60
242	34	60
242	35	50
242	36	50
242	37	70
242	38	60
242	39	70
242	40	50
243	1	80
243	2	80
243	3	30
243	4	80
243	5	60
243	6	60
243	7	70
243	8	80
243	9	70
243	10	80
243	11	90
243	12	60
243	13	80
243	14	100
243	15	60
243	16	60
243	17	70
243	18	50
243	19	80
243	20	80
243	21	100
243	22	80
243	23	80
243	24	90
243	25	80
243	26	50
243	27	80
243	28	100
243	29	50
243	30	80
243	31	100
243	32	30
243	33	80
243	34	80
243	35	80
243	36	100
243	37	80
243	38	80
243	39	70
243	40	60
244	1	100
244	2	50
244	3	70
244	4	90
244	5	60
244	6	0
244	7	50
244	8	110
244	9	110
244	10	80
244	11	110
244	12	0
244	13	110
244	14	110
244	15	50
244	16	70
244	17	70
244	18	0
244	19	90
244	20	110
244	21	90
244	22	80
244	23	70
244	24	70
244	25	70
244	26	50
244	27	80
244	28	70
244	29	90
244	30	70
244	31	120
244	32	50
244	33	10
244	34	50
244	35	70
244	36	70
244	37	90
244	38	80
244	39	70
244	40	90
245	1	110
245	2	90
245	3	20
245	4	110
245	5	50
245	6	50
245	7	70
245	8	110
245	9	110
245	10	90
245	11	130
245	12	50
245	13	90
245	14	130
245	15	50
245	16	50
245	17	70
245	18	50
245	19	90
245	20	110
245	21	110
245	22	70
245	23	90
245	24	110
245	25	70
245	26	50
245	27	110
245	28	90
245	29	110
245	30	70
245	31	110
245	32	20
245	33	70
245	34	110
245	35	90
245	36	110
245	37	90
245	38	90
245	39	70
245	40	110
246	1	90
246	2	50
246	3	50
246	4	90
246	5	50
246	6	0
246	7	50
246	8	70
246	9	90
246	10	50
246	11	70
246	12	0
246	13	90
246	14	70
246	15	50
246	16	70
246	17	50
246	18	0
246	19	70
246	20	90
246	21	70
246	22	50
246	23	50
246	24	50
246	25	70
246	26	50
246	27	70
246	28	50
246	29	70
246	30	70
246	31	70
246	32	50
246	33	0
246	34	20
246	35	70
246	36	50
246	37	70
246	38	50
246	39	70
246	40	70
247	1	100
247	2	70
247	3	20
247	4	90
247	5	60
247	6	70
247	7	70
247	8	70
247	9	70
247	10	100
247	11	70
247	12	80
247	13	70
247	14	80
247	15	70
247	16	60
247	17	70
247	18	70
247	19	70
247	20	70
247	21	70
247	22	80
247	23	90
247	24	50
247	25	50
247	26	50
247	27	100
247	28	70
247	29	110
247	30	50
247	31	60
247	32	10
247	33	80
247	34	100
247	35	80
247	36	70
247	37	80
247	38	100
247	39	50
247	40	120
248	1	110
248	2	70
248	3	50
248	4	110
248	5	50
248	6	0
248	7	70
248	8	90
248	9	110
248	10	70
248	11	110
248	12	0
248	13	70
248	14	90
248	15	50
248	16	50
248	17	50
248	18	0
248	19	70
248	20	110
248	21	90
248	22	50
248	23	70
248	24	90
248	25	70
248	26	50
248	27	90
248	28	70
248	29	110
248	30	70
248	31	90
248	32	50
248	33	20
248	34	60
248	35	70
248	36	90
248	37	70
248	38	70
248	39	70
248	40	110
249	1	80
249	2	60
249	3	50
249	4	100
249	5	60
249	6	80
249	7	90
249	8	120
249	9	90
249	10	100
249	11	90
249	12	80
249	13	100
249	14	120
249	15	80
249	16	60
249	17	90
249	18	70
249	19	80
249	20	120
249	21	80
249	22	100
249	23	100
249	24	90
249	25	80
249	26	50
249	27	80
249	28	120
249	29	110
249	30	80
249	31	120
249	32	10
249	33	100
249	34	140
249	35	80
249	36	100
249	37	80
249	38	100
249	39	50
249	40	120
250	1	80
250	2	80
250	3	30
250	4	80
250	5	80
250	6	80
250	7	90
250	8	80
250	9	70
250	10	60
250	11	70
250	12	60
250	13	60
250	14	80
250	15	80
250	16	60
250	17	50
250	18	50
250	19	60
250	20	80
250	21	80
250	22	60
250	23	80
250	24	90
250	25	80
250	26	70
250	27	80
250	28	100
250	29	70
250	30	80
250	31	80
250	32	30
250	33	100
250	34	80
250	35	80
250	36	100
250	37	60
250	38	60
250	39	70
250	40	60
