p	r	C_pr
1	1	70
1	2	70
1	3	110
1	4	90
1	5	70
1	6	40
1	7	70
1	8	50
1	9	70
1	10	110
1	11	70
1	12	0
1	13	110
1	14	70
1	15	50
1	16	110
1	17	70
1	18	90
1	19	50
1	20	50
1	21	90
1	22	90
1	23	20
1	24	70
1	25	50
1	26	70
1	27	90
1	28	70
1	29	90
1	30	70
1	31	70
1	32	20
1	33	60
1	34	110
1	35	70
1	36	50
1	37	90
1	38	70
1	39	60
1	40	90
2	1	60
2	2	70
2	3	120
2	4	120
2	5	100
2	6	50
2	7	80
2	8	80
2	9	70
2	10	120
2	11	90
2	12	30
2	13	120
2	14	60
2	15	60
2	16	100
2	17	60
2	18	80
2	19	80
2	20	60
2	21	100
2	22	90
2	23	30
2	24	80
2	25	60
2	26	90
2	27	80
2	28	100
2	29	90
2	30	80
2	31	60
2	32	20
2	33	70
2	34	120
2	35	80
2	36	60
2	37	70
2	38	100
2	39	50
2	40	100
3	1	60
3	2	70
3	3	80
3	4	100
3	5	60
3	6	60
3	7	60
3	8	10
3	9	70
3	10	100
3	11	50
3	12	60
3	13	100
3	14	60
3	15	60
3	16	80
3	17	10
3	18	60
3	19	60
3	20	80
3	21	80
3	22	50
3	23	60
3	24	80
3	25	60
3	26	50
3	27	60
3	28	80
3	29	0
3	30	80
3	31	10
3	32	70
3	33	80
3	34	30
3	35	80
3	36	60
3	37	20
3	38	30
3	39	80
3	40	80
4	1	50
4	2	70
4	3	110
4	4	110
4	5	80
4	6	80
4	7	80
4	8	10
4	9	90
4	10	120
4	11	70
4	12	60
4	13	110
4	14	50
4	15	50
4	16	100
4	17	10
4	18	80
4	19	60
4	20	70
4	21	100
4	22	70
4	23	80
4	24	80
4	25	50
4	26	70
4	27	80
4	28	80
4	29	40
4	30	80
4	31	0
4	32	90
4	33	120
4	34	50
4	35	80
4	36	60
4	37	20
4	38	30
4	39	100
4	40	90
5	1	70
5	2	70
5	3	90
5	4	70
5	5	90
5	6	40
5	7	70
5	8	70
5	9	70
5	10	70
5	11	90
5	12	0
5	13	110
5	14	70
5	15	70
5	16	90
5	17	70
5	18	70
5	19	50
5	20	50
5	21	90
5	22	90
5	23	0
5	24	90
5	25	50
5	26	90
5	27	70
5	28	90
5	29	70
5	30	70
5	31	70
5	32	40
5	33	20
5	34	70
5	35	70
5	36	70
5	37	70
5	38	50
5	39	40
5	40	70
6	1	70
6	2	70
6	3	70
6	4	90
6	5	120
6	6	50
6	7	60
6	8	50
6	9	90
6	10	50
6	11	110
6	12	30
6	13	90
6	14	70
6	15	70
6	16	100
6	17	80
6	18	70
6	19	70
6	20	70
6	21	80
6	22	90
6	23	0
6	24	80
6	25	50
6	26	90
6	27	70
6	28	80
6	29	70
6	30	50
6	31	70
6	32	60
6	33	30
6	34	80
6	35	60
6	36	50
6	37	70
6	38	80
6	39	50
6	40	50
7	1	50
7	2	50
7	3	90
7	4	90
7	5	80
7	6	80
7	7	60
7	8	0
7	9	90
7	10	70
7	11	70
7	12	60
7	13	90
7	14	50
7	15	50
7	16	60
7	17	10
7	18	50
7	19	50
7	20	70
7	21	60
7	22	50
7	23	50
7	24	80
7	25	50
7	26	70
7	27	50
7	28	80
7	29	20
7	30	70
7	31	0
7	32	90
7	33	80
7	34	10
7	35	80
7	36	50
7	37	0
7	38	10
7	39	80
7	40	70
8	1	70
8	2	90
8	3	90
8	4	110
8	5	70
8	6	60
8	7	70
8	8	90
8	9	70
8	10	90
8	11	70
8	12	0
8	13	110
8	14	70
8	15	70
8	16	90
8	17	70
8	18	70
8	19	50
8	20	50
8	21	90
8	22	90
8	23	20
8	24	70
8	25	70
8	26	110
8	27	70
8	28	90
8	29	90
8	30	70
8	31	70
8	32	20
8	33	60
8	34	110
8	35	70
8	36	70
8	37	90
8	38	70
8	39	60
8	40	70
9	1	70
9	2	50
9	3	70
9	4	50
9	5	60
9	6	80
9	7	100
9	8	30
9	9	50
9	10	80
9	11	50
9	12	60
9	13	50
9	14	70
9	15	50
9	16	100
9	17	30
9	18	100
9	19	60
9	20	50
9	21	100
9	22	90
9	23	80
9	24	60
9	25	50
9	26	50
9	27	100
9	28	60
9	29	20
9	30	60
9	31	20
9	32	50
9	33	80
9	34	50
9	35	60
9	36	80
9	37	20
9	38	10
9	39	80
9	40	70
10	1	70
10	2	110
10	3	90
10	4	110
10	5	100
10	6	70
10	7	80
10	8	90
10	9	70
10	10	90
10	11	90
10	12	10
10	13	130
10	14	70
10	15	90
10	16	120
10	17	80
10	18	70
10	19	50
10	20	50
10	21	120
10	22	110
10	23	20
10	24	100
10	25	70
10	26	130
10	27	70
10	28	120
10	29	90
10	30	70
10	31	70
10	32	40
10	33	70
10	34	120
10	35	80
10	36	70
10	37	90
10	38	80
10	39	70
10	40	70
11	1	50
11	2	50
11	3	70
11	4	70
11	5	60
11	6	10
11	7	60
11	8	60
11	9	70
11	10	80
11	11	50
11	12	10
11	13	70
11	14	50
11	15	50
11	16	60
11	17	60
11	18	60
11	19	60
11	20	70
11	21	60
11	22	50
11	23	10
11	24	80
11	25	50
11	26	50
11	27	60
11	28	80
11	29	50
11	30	80
11	31	50
11	32	20
11	33	10
11	34	60
11	35	80
11	36	60
11	37	50
11	38	60
11	39	10
11	40	70
12	1	70
12	2	70
12	3	50
12	4	90
12	5	90
12	6	40
12	7	50
12	8	70
12	9	70
12	10	50
12	11	90
12	12	20
12	13	70
12	14	70
12	15	70
12	16	90
12	17	70
12	18	70
12	19	70
12	20	70
12	21	70
12	22	110
12	23	0
12	24	70
12	25	50
12	26	90
12	27	70
12	28	90
12	29	50
12	30	50
12	31	70
12	32	40
12	33	0
12	34	90
12	35	50
12	36	50
12	37	70
12	38	70
12	39	20
12	40	50
13	1	50
13	2	70
13	3	110
13	4	70
13	5	120
13	6	30
13	7	80
13	8	60
13	9	70
13	10	100
13	11	110
13	12	30
13	13	110
13	14	50
13	15	70
13	16	100
13	17	60
13	18	80
13	19	80
13	20	50
13	21	100
13	22	90
13	23	30
13	24	100
13	25	50
13	26	90
13	27	80
13	28	100
13	29	90
13	30	80
13	31	50
13	32	40
13	33	50
13	34	80
13	35	80
13	36	60
13	37	50
13	38	80
13	39	30
13	40	90
14	1	70
14	2	70
14	3	90
14	4	70
14	5	100
14	6	100
14	7	60
14	8	0
14	9	70
14	10	70
14	11	90
14	12	60
14	13	110
14	14	70
14	15	70
14	16	100
14	17	30
14	18	70
14	19	50
14	20	50
14	21	80
14	22	90
14	23	50
14	24	100
14	25	50
14	26	90
14	27	70
14	28	100
14	29	20
14	30	70
14	31	20
14	32	90
14	33	80
14	34	30
14	35	80
14	36	50
14	37	20
14	38	10
14	39	100
14	40	70
15	1	80
15	2	70
15	3	100
15	4	100
15	5	80
15	6	120
15	7	80
15	8	30
15	9	70
15	10	80
15	11	70
15	12	60
15	13	80
15	14	80
15	15	80
15	16	100
15	17	30
15	18	100
15	19	60
15	20	60
15	21	80
15	22	110
15	23	100
15	24	60
15	25	80
15	26	110
15	27	100
15	28	80
15	29	60
15	30	60
15	31	30
15	32	70
15	33	120
15	34	70
15	35	60
15	36	60
15	37	20
15	38	10
15	39	100
15	40	80
16	1	70
16	2	50
16	3	70
16	4	70
16	5	50
16	6	40
16	7	50
16	8	70
16	9	50
16	10	70
16	11	50
16	12	0
16	13	70
16	14	70
16	15	50
16	16	70
16	17	70
16	18	70
16	19	50
16	20	50
16	21	50
16	22	90
16	23	0
16	24	70
16	25	50
16	26	70
16	27	70
16	28	90
16	29	50
16	30	70
16	31	70
16	32	0
16	33	0
16	34	90
16	35	70
16	36	50
16	37	70
16	38	50
16	39	20
16	40	70
17	1	70
17	2	70
17	3	50
17	4	70
17	5	50
17	6	70
17	7	50
17	8	0
17	9	50
17	10	70
17	11	50
17	12	50
17	13	70
17	14	70
17	15	50
17	16	90
17	17	20
17	18	70
17	19	50
17	20	50
17	21	70
17	22	70
17	23	50
17	24	50
17	25	50
17	26	50
17	27	70
17	28	50
17	29	0
17	30	50
17	31	20
17	32	50
17	33	70
17	34	40
17	35	50
17	36	50
17	37	40
17	38	20
17	39	90
17	40	50
18	1	70
18	2	70
18	3	50
18	4	70
18	5	60
18	6	80
18	7	80
18	8	20
18	9	50
18	10	70
18	11	50
18	12	60
18	13	70
18	14	70
18	15	50
18	16	100
18	17	30
18	18	70
18	19	50
18	20	50
18	21	100
18	22	70
18	23	50
18	24	60
18	25	50
18	26	50
18	27	70
18	28	60
18	29	0
18	30	50
18	31	20
18	32	50
18	33	80
18	34	50
18	35	60
18	36	70
18	37	40
18	38	30
18	39	100
18	40	50
19	1	60
19	2	70
19	3	120
19	4	140
19	5	80
19	6	100
19	7	80
19	8	30
19	9	90
19	10	120
19	11	70
19	12	60
19	13	120
19	14	60
19	15	60
19	16	100
19	17	10
19	18	80
19	19	60
19	20	80
19	21	100
19	22	90
19	23	80
19	24	80
19	25	60
19	26	90
19	27	80
19	28	100
19	29	40
19	30	80
19	31	10
19	32	90
19	33	120
19	34	70
19	35	80
19	36	60
19	37	20
19	38	30
19	39	100
19	40	100
20	1	70
20	2	70
20	3	110
20	4	90
20	5	80
20	6	120
20	7	100
20	8	40
20	9	70
20	10	90
20	11	70
20	12	60
20	13	90
20	14	70
20	15	70
20	16	100
20	17	30
20	18	90
20	19	50
20	20	50
20	21	100
20	22	110
20	23	90
20	24	80
20	25	70
20	26	110
20	27	90
20	28	100
20	29	60
20	30	70
20	31	20
20	32	70
20	33	120
20	34	70
20	35	80
20	36	70
20	37	20
20	38	10
20	39	100
20	40	90
21	1	70
21	2	50
21	3	90
21	4	70
21	5	80
21	6	50
21	7	80
21	8	70
21	9	70
21	10	70
21	11	70
21	12	10
21	13	90
21	14	70
21	15	50
21	16	80
21	17	80
21	18	70
21	19	50
21	20	50
21	21	80
21	22	70
21	23	0
21	24	80
21	25	50
21	26	70
21	27	70
21	28	80
21	29	70
21	30	70
21	31	70
21	32	20
21	33	30
21	34	80
21	35	80
21	36	70
21	37	70
21	38	60
21	39	50
21	40	70
22	1	60
22	2	90
22	3	100
22	4	120
22	5	80
22	6	30
22	7	80
22	8	80
22	9	70
22	10	120
22	11	70
22	12	10
22	13	120
22	14	60
22	15	80
22	16	120
22	17	60
22	18	80
22	19	60
22	20	80
22	21	120
22	22	110
22	23	30
22	24	100
22	25	60
22	26	90
22	27	80
22	28	120
22	29	70
22	30	80
22	31	60
22	32	40
22	33	50
22	34	120
22	35	80
22	36	60
22	37	70
22	38	80
22	39	30
22	40	100
23	1	70
23	2	70
23	3	90
23	4	110
23	5	80
23	6	70
23	7	60
23	8	70
23	9	70
23	10	90
23	11	70
23	12	10
23	13	110
23	14	70
23	15	50
23	16	100
23	17	80
23	18	70
23	19	50
23	20	50
23	21	80
23	22	90
23	23	0
23	24	80
23	25	50
23	26	90
23	27	70
23	28	100
23	29	70
23	30	70
23	31	70
23	32	20
23	33	50
23	34	120
23	35	80
23	36	50
23	37	90
23	38	80
23	39	70
23	40	70
24	1	70
24	2	90
24	3	90
24	4	70
24	5	70
24	6	20
24	7	90
24	8	70
24	9	50
24	10	110
24	11	70
24	12	0
24	13	110
24	14	70
24	15	70
24	16	130
24	17	70
24	18	90
24	19	50
24	20	50
24	21	130
24	22	110
24	23	20
24	24	90
24	25	50
24	26	70
24	27	90
24	28	90
24	29	70
24	30	70
24	31	70
24	32	20
24	33	40
24	34	110
24	35	70
24	36	70
24	37	90
24	38	70
24	39	40
24	40	90
25	1	70
25	2	110
25	3	90
25	4	90
25	5	90
25	6	40
25	7	70
25	8	70
25	9	70
25	10	90
25	11	90
25	12	0
25	13	130
25	14	70
25	15	90
25	16	110
25	17	70
25	18	70
25	19	50
25	20	50
25	21	110
25	22	90
25	23	20
25	24	90
25	25	70
25	26	110
25	27	70
25	28	90
25	29	90
25	30	70
25	31	70
25	32	40
25	33	60
25	34	90
25	35	70
25	36	70
25	37	90
25	38	70
25	39	60
25	40	70
26	1	80
26	2	70
26	3	100
26	4	80
26	5	80
26	6	100
26	7	100
26	8	50
26	9	50
26	10	100
26	11	70
26	12	60
26	13	100
26	14	80
26	15	80
26	16	120
26	17	30
26	18	100
26	19	60
26	20	60
26	21	120
26	22	130
26	23	80
26	24	100
26	25	60
26	26	90
26	27	100
26	28	120
26	29	20
26	30	80
26	31	30
26	32	70
26	33	80
26	34	70
26	35	80
26	36	80
26	37	20
26	38	10
26	39	80
26	40	100
27	1	70
27	2	50
27	3	70
27	4	50
27	5	60
27	6	30
27	7	80
27	8	70
27	9	50
27	10	70
27	11	50
27	12	10
27	13	70
27	14	70
27	15	50
27	16	80
27	17	80
27	18	70
27	19	50
27	20	50
27	21	80
27	22	70
27	23	0
27	24	80
27	25	50
27	26	50
27	27	70
27	28	80
27	29	50
27	30	70
27	31	70
27	32	0
27	33	10
27	34	80
27	35	80
27	36	70
27	37	70
27	38	60
27	39	30
27	40	70
28	1	80
28	2	90
28	3	120
28	4	120
28	5	80
28	6	70
28	7	100
28	8	100
28	9	70
28	10	120
28	11	70
28	12	10
28	13	120
28	14	80
28	15	80
28	16	120
28	17	80
28	18	100
28	19	60
28	20	60
28	21	120
28	22	110
28	23	50
28	24	80
28	25	80
28	26	110
28	27	100
28	28	100
28	29	110
28	30	80
28	31	80
28	32	20
28	33	90
28	34	140
28	35	80
28	36	80
28	37	90
28	38	80
28	39	70
28	40	100
29	1	70
29	2	70
29	3	70
29	4	70
29	5	100
29	6	50
29	7	80
29	8	80
29	9	70
29	10	60
29	11	90
29	12	10
29	13	90
29	14	70
29	15	70
29	16	100
29	17	80
29	18	80
29	19	60
29	20	50
29	21	100
29	22	90
29	23	10
29	24	80
29	25	50
29	26	90
29	27	80
29	28	80
29	29	70
29	30	60
29	31	70
29	32	40
29	33	30
29	34	80
29	35	60
29	36	80
29	37	70
29	38	60
29	39	50
29	40	50
30	1	70
30	2	90
30	3	50
30	4	70
30	5	70
30	6	70
30	7	50
30	8	0
30	9	50
30	10	70
30	11	70
30	12	50
30	13	90
30	14	70
30	15	70
30	16	110
30	17	20
30	18	70
30	19	50
30	20	50
30	21	90
30	22	90
30	23	50
30	24	70
30	25	50
30	26	70
30	27	70
30	28	70
30	29	0
30	30	50
30	31	20
30	32	70
30	33	70
30	34	40
30	35	50
30	36	50
30	37	40
30	38	20
30	39	90
30	40	50
31	1	70
31	2	70
31	3	70
31	4	70
31	5	70
31	6	90
31	7	50
31	8	0
31	9	70
31	10	50
31	11	70
31	12	50
31	13	70
31	14	70
31	15	70
31	16	70
31	17	20
31	18	70
31	19	50
31	20	50
31	21	50
31	22	70
31	23	70
31	24	50
31	25	70
31	26	90
31	27	70
31	28	50
31	29	40
31	30	50
31	31	20
31	32	70
31	33	90
31	34	20
31	35	50
31	36	50
31	37	20
31	38	0
31	39	90
31	40	50
32	1	80
32	2	90
32	3	100
32	4	100
32	5	100
32	6	50
32	7	60
32	8	60
32	9	70
32	10	100
32	11	90
32	12	10
32	13	140
32	14	80
32	15	80
32	16	120
32	17	80
32	18	80
32	19	60
32	20	60
32	21	100
32	22	90
32	23	10
32	24	100
32	25	60
32	26	90
32	27	80
32	28	100
32	29	70
32	30	80
32	31	80
32	32	40
32	33	50
32	34	100
32	35	80
32	36	60
32	37	90
32	38	80
32	39	70
32	40	80
33	1	70
33	2	50
33	3	70
33	4	50
33	5	60
33	6	80
33	7	60
33	8	10
33	9	50
33	10	80
33	11	50
33	12	60
33	13	70
33	14	70
33	15	50
33	16	80
33	17	30
33	18	80
33	19	60
33	20	50
33	21	60
33	22	70
33	23	60
33	24	80
33	25	50
33	26	50
33	27	80
33	28	80
33	29	0
33	30	80
33	31	20
33	32	50
33	33	60
33	34	30
33	35	80
33	36	60
33	37	20
33	38	10
33	39	80
33	40	70
34	1	80
34	2	70
34	3	100
34	4	100
34	5	80
34	6	50
34	7	60
34	8	60
34	9	70
34	10	100
34	11	70
34	12	10
34	13	120
34	14	80
34	15	60
34	16	100
34	17	80
34	18	80
34	19	60
34	20	60
34	21	80
34	22	70
34	23	10
34	24	80
34	25	60
34	26	70
34	27	80
34	28	80
34	29	70
34	30	80
34	31	80
34	32	20
34	33	50
34	34	100
34	35	80
34	36	60
34	37	90
34	38	80
34	39	70
34	40	80
35	1	70
35	2	70
35	3	110
35	4	90
35	5	100
35	6	120
35	7	100
35	8	40
35	9	70
35	10	90
35	11	90
35	12	60
35	13	110
35	14	70
35	15	70
35	16	120
35	17	30
35	18	90
35	19	50
35	20	50
35	21	120
35	22	130
35	23	70
35	24	100
35	25	50
35	26	110
35	27	90
35	28	120
35	29	40
35	30	70
35	31	20
35	32	90
35	33	100
35	34	70
35	35	80
35	36	70
35	37	20
35	38	10
35	39	100
35	40	90
36	1	60
36	2	70
36	3	120
36	4	100
36	5	120
36	6	100
36	7	80
36	8	30
36	9	70
36	10	100
36	11	110
36	12	80
36	13	120
36	14	60
36	15	80
36	16	100
36	17	10
36	18	80
36	19	80
36	20	60
36	21	100
36	22	110
36	23	80
36	24	100
36	25	60
36	26	110
36	27	80
36	28	120
36	29	40
36	30	80
36	31	10
36	32	90
36	33	100
36	34	50
36	35	80
36	36	60
36	37	0
36	38	30
36	39	80
36	40	100
37	1	70
37	2	90
37	3	90
37	4	90
37	5	100
37	6	100
37	7	80
37	8	10
37	9	70
37	10	100
37	11	90
37	12	60
37	13	110
37	14	70
37	15	70
37	16	140
37	17	30
37	18	100
37	19	60
37	20	50
37	21	120
37	22	110
37	23	80
37	24	80
37	25	50
37	26	90
37	27	100
37	28	80
37	29	40
37	30	60
37	31	20
37	32	90
37	33	120
37	34	70
37	35	60
37	36	60
37	37	40
37	38	30
37	39	120
37	40	70
38	1	70
38	2	90
38	3	90
38	4	90
38	5	100
38	6	100
38	7	60
38	8	10
38	9	70
38	10	100
38	11	90
38	12	60
38	13	130
38	14	70
38	15	70
38	16	120
38	17	30
38	18	80
38	19	60
38	20	50
38	21	100
38	22	90
38	23	60
38	24	100
38	25	50
38	26	90
38	27	80
38	28	100
38	29	20
38	30	80
38	31	20
38	32	90
38	33	100
38	34	50
38	35	80
38	36	60
38	37	40
38	38	30
38	39	120
38	40	70
39	1	70
39	2	70
39	3	70
39	4	70
39	5	60
39	6	50
39	7	80
39	8	100
39	9	50
39	10	80
39	11	50
39	12	10
39	13	70
39	14	70
39	15	70
39	16	80
39	17	80
39	18	80
39	19	60
39	20	50
39	21	80
39	22	90
39	23	30
39	24	80
39	25	70
39	26	90
39	27	80
39	28	100
39	29	70
39	30	80
39	31	70
39	32	0
39	33	30
39	34	100
39	35	80
39	36	80
39	37	70
39	38	60
39	39	30
39	40	70
40	1	70
40	2	90
40	3	90
40	4	90
40	5	60
40	6	100
40	7	100
40	8	40
40	9	50
40	10	110
40	11	50
40	12	60
40	13	90
40	14	70
40	15	70
40	16	120
40	17	30
40	18	90
40	19	50
40	20	50
40	21	120
40	22	110
40	23	90
40	24	80
40	25	70
40	26	90
40	27	90
40	28	100
40	29	40
40	30	70
40	31	20
40	32	50
40	33	120
40	34	90
40	35	80
40	36	70
40	37	40
40	38	30
40	39	100
40	40	90
41	1	50
41	2	70
41	3	110
41	4	110
41	5	100
41	6	50
41	7	100
41	8	100
41	9	90
41	10	100
41	11	90
41	12	10
41	13	110
41	14	50
41	15	70
41	16	100
41	17	60
41	18	80
41	19	60
41	20	70
41	21	120
41	22	110
41	23	30
41	24	100
41	25	50
41	26	110
41	27	80
41	28	120
41	29	90
41	30	80
41	31	50
41	32	60
41	33	50
41	34	100
41	35	80
41	36	80
41	37	50
41	38	60
41	39	30
41	40	90
42	1	70
42	2	70
42	3	50
42	4	90
42	5	70
42	6	20
42	7	50
42	8	50
42	9	70
42	10	70
42	11	70
42	12	20
42	13	70
42	14	70
42	15	50
42	16	90
42	17	70
42	18	70
42	19	70
42	20	70
42	21	70
42	22	70
42	23	0
42	24	50
42	25	50
42	26	50
42	27	70
42	28	50
42	29	50
42	30	50
42	31	70
42	32	20
42	33	20
42	34	90
42	35	50
42	36	50
42	37	90
42	38	90
42	39	40
42	40	50
43	1	70
43	2	70
43	3	90
43	4	110
43	5	80
43	6	70
43	7	60
43	8	70
43	9	70
43	10	90
43	11	70
43	12	10
43	13	110
43	14	70
43	15	50
43	16	100
43	17	80
43	18	70
43	19	50
43	20	50
43	21	80
43	22	90
43	23	0
43	24	80
43	25	50
43	26	90
43	27	70
43	28	100
43	29	70
43	30	70
43	31	70
43	32	20
43	33	50
43	34	120
43	35	80
43	36	50
43	37	90
43	38	80
43	39	70
43	40	70
44	1	50
44	2	70
44	3	70
44	4	70
44	5	70
44	6	50
44	7	50
44	8	0
44	9	70
44	10	70
44	11	70
44	12	50
44	13	90
44	14	50
44	15	70
44	16	70
44	17	0
44	18	50
44	19	50
44	20	70
44	21	70
44	22	70
44	23	50
44	24	90
44	25	50
44	26	70
44	27	50
44	28	90
44	29	0
44	30	70
44	31	0
44	32	90
44	33	50
44	34	0
44	35	70
44	36	50
44	37	0
44	38	0
44	39	50
44	40	70
45	1	70
45	2	70
45	3	110
45	4	90
45	5	80
45	6	70
45	7	100
45	8	90
45	9	70
45	10	90
45	11	70
45	12	10
45	13	90
45	14	70
45	15	70
45	16	100
45	17	80
45	18	90
45	19	50
45	20	50
45	21	100
45	22	110
45	23	40
45	24	80
45	25	70
45	26	110
45	27	90
45	28	100
45	29	110
45	30	70
45	31	70
45	32	20
45	33	70
45	34	120
45	35	80
45	36	70
45	37	70
45	38	60
45	39	50
45	40	90
46	1	80
46	2	70
46	3	80
46	4	120
46	5	120
46	6	120
46	7	60
46	8	30
46	9	90
46	10	60
46	11	110
46	12	80
46	13	100
46	14	80
46	15	80
46	16	100
46	17	30
46	18	80
46	19	80
46	20	80
46	21	80
46	22	110
46	23	60
46	24	80
46	25	60
46	26	110
46	27	80
46	28	100
46	29	20
46	30	60
46	31	30
46	32	110
46	33	80
46	34	50
46	35	60
46	36	60
46	37	20
46	38	30
46	39	100
46	40	60
47	1	70
47	2	90
47	3	70
47	4	90
47	5	70
47	6	90
47	7	50
47	8	20
47	9	50
47	10	90
47	11	70
47	12	50
47	13	110
47	14	70
47	15	70
47	16	110
47	17	20
47	18	70
47	19	50
47	20	50
47	21	90
47	22	110
47	23	50
47	24	90
47	25	50
47	26	90
47	27	70
47	28	110
47	29	0
47	30	70
47	31	20
47	32	70
47	33	70
47	34	60
47	35	70
47	36	50
47	37	40
47	38	20
47	39	90
47	40	70
48	1	50
48	2	70
48	3	70
48	4	90
48	5	70
48	6	20
48	7	70
48	8	90
48	9	70
48	10	70
48	11	70
48	12	0
48	13	90
48	14	50
48	15	70
48	16	70
48	17	50
48	18	50
48	19	50
48	20	70
48	21	90
48	22	90
48	23	0
48	24	90
48	25	50
48	26	90
48	27	50
48	28	110
48	29	50
48	30	70
48	31	50
48	32	40
48	33	0
48	34	70
48	35	70
48	36	70
48	37	50
48	38	50
48	39	0
48	40	70
49	1	70
49	2	70
49	3	70
49	4	90
49	5	50
49	6	40
49	7	50
49	8	70
49	9	50
49	10	90
49	11	50
49	12	0
49	13	90
49	14	70
49	15	50
49	16	90
49	17	70
49	18	70
49	19	50
49	20	50
49	21	70
49	22	90
49	23	0
49	24	70
49	25	50
49	26	70
49	27	70
49	28	90
49	29	50
49	30	70
49	31	70
49	32	0
49	33	20
49	34	110
49	35	70
49	36	50
49	37	90
49	38	70
49	39	40
49	40	70
50	1	60
50	2	90
50	3	100
50	4	120
50	5	120
50	6	100
50	7	60
50	8	30
50	9	70
50	10	100
50	11	110
50	12	80
50	13	140
50	14	60
50	15	80
50	16	100
50	17	10
50	18	60
50	19	80
50	20	60
50	21	100
50	22	90
50	23	60
50	24	100
50	25	60
50	26	110
50	27	60
50	28	120
50	29	20
50	30	80
50	31	10
50	32	90
50	33	100
50	34	50
50	35	80
50	36	60
50	37	20
50	38	50
50	39	100
50	40	80
51	1	80
51	2	70
51	3	120
51	4	100
51	5	100
51	6	70
51	7	80
51	8	80
51	9	70
51	10	100
51	11	90
51	12	10
51	13	120
51	14	80
51	15	80
51	16	120
51	17	80
51	18	100
51	19	60
51	20	60
51	21	100
51	22	130
51	23	30
51	24	100
51	25	60
51	26	110
51	27	100
51	28	120
51	29	90
51	30	80
51	31	80
51	32	40
51	33	50
51	34	120
51	35	80
51	36	60
51	37	70
51	38	60
51	39	50
51	40	100
52	1	70
52	2	110
52	3	90
52	4	110
52	5	90
52	6	60
52	7	70
52	8	90
52	9	70
52	10	90
52	11	90
52	12	0
52	13	130
52	14	70
52	15	90
52	16	110
52	17	70
52	18	70
52	19	50
52	20	50
52	21	110
52	22	110
52	23	20
52	24	90
52	25	70
52	26	130
52	27	70
52	28	110
52	29	90
52	30	70
52	31	70
52	32	40
52	33	60
52	34	110
52	35	70
52	36	70
52	37	90
52	38	70
52	39	60
52	40	70
53	1	70
53	2	90
53	3	50
53	4	70
53	5	80
53	6	80
53	7	60
53	8	0
53	9	50
53	10	70
53	11	70
53	12	60
53	13	90
53	14	70
53	15	70
53	16	120
53	17	30
53	18	70
53	19	50
53	20	50
53	21	100
53	22	90
53	23	50
53	24	80
53	25	50
53	26	70
53	27	70
53	28	80
53	29	0
53	30	50
53	31	20
53	32	70
53	33	80
53	34	50
53	35	60
53	36	50
53	37	40
53	38	30
53	39	100
53	40	50
54	1	50
54	2	70
54	3	90
54	4	110
54	5	90
54	6	40
54	7	70
54	8	90
54	9	90
54	10	70
54	11	90
54	12	0
54	13	110
54	14	50
54	15	70
54	16	70
54	17	50
54	18	50
54	19	50
54	20	70
54	21	90
54	22	90
54	23	0
54	24	90
54	25	50
54	26	110
54	27	50
54	28	110
54	29	70
54	30	70
54	31	50
54	32	60
54	33	20
54	34	70
54	35	70
54	36	70
54	37	50
54	38	50
54	39	20
54	40	70
55	1	50
55	2	70
55	3	110
55	4	90
55	5	100
55	6	30
55	7	80
55	8	60
55	9	90
55	10	100
55	11	90
55	12	10
55	13	110
55	14	50
55	15	70
55	16	100
55	17	60
55	18	80
55	19	60
55	20	70
55	21	100
55	22	90
55	23	30
55	24	100
55	25	50
55	26	90
55	27	80
55	28	100
55	29	90
55	30	80
55	31	50
55	32	60
55	33	50
55	34	80
55	35	80
55	36	60
55	37	50
55	38	60
55	39	30
55	40	90
56	1	60
56	2	90
56	3	100
56	4	120
56	5	80
56	6	30
56	7	100
56	8	100
56	9	70
56	10	120
56	11	70
56	12	10
56	13	120
56	14	60
56	15	80
56	16	120
56	17	60
56	18	80
56	19	60
56	20	80
56	21	140
56	22	110
56	23	30
56	24	100
56	25	60
56	26	90
56	27	80
56	28	120
56	29	70
56	30	80
56	31	60
56	32	40
56	33	50
56	34	120
56	35	80
56	36	80
56	37	70
56	38	80
56	39	30
56	40	100
57	1	70
57	2	50
57	3	90
57	4	90
57	5	70
57	6	60
57	7	90
57	8	90
57	9	70
57	10	70
57	11	70
57	12	0
57	13	70
57	14	70
57	15	50
57	16	90
57	17	70
57	18	90
57	19	50
57	20	50
57	21	90
57	22	110
57	23	20
57	24	50
57	25	50
57	26	90
57	27	90
57	28	70
57	29	90
57	30	50
57	31	70
57	32	20
57	33	40
57	34	110
57	35	50
57	36	70
57	37	70
57	38	50
57	39	40
57	40	70
58	1	70
58	2	110
58	3	110
58	4	90
58	5	100
58	6	50
58	7	100
58	8	80
58	9	70
58	10	120
58	11	90
58	12	10
58	13	130
58	14	70
58	15	90
58	16	140
58	17	80
58	18	100
58	19	60
58	20	50
58	21	140
58	22	110
58	23	50
58	24	100
58	25	70
58	26	110
58	27	100
58	28	100
58	29	110
58	30	80
58	31	70
58	32	40
58	33	90
58	34	120
58	35	80
58	36	80
58	37	90
58	38	80
58	39	70
58	40	90
59	1	70
59	2	70
59	3	90
59	4	70
59	5	80
59	6	100
59	7	80
59	8	10
59	9	70
59	10	80
59	11	70
59	12	60
59	13	70
59	14	70
59	15	70
59	16	100
59	17	30
59	18	100
59	19	60
59	20	50
59	21	80
59	22	90
59	23	100
59	24	60
59	25	70
59	26	90
59	27	100
59	28	60
59	29	60
59	30	60
59	31	20
59	32	70
59	33	120
59	34	50
59	35	60
59	36	60
59	37	20
59	38	10
59	39	100
59	40	70
60	1	70
60	2	90
60	3	90
60	4	110
60	5	100
60	6	70
60	7	80
60	8	80
60	9	70
60	10	100
60	11	90
60	12	10
60	13	110
60	14	70
60	15	70
60	16	140
60	17	80
60	18	100
60	19	60
60	20	50
60	21	120
60	22	130
60	23	30
60	24	80
60	25	50
60	26	110
60	27	100
60	28	100
60	29	90
60	30	60
60	31	70
60	32	40
60	33	70
60	34	140
60	35	60
60	36	60
60	37	90
60	38	80
60	39	70
60	40	70
61	1	70
61	2	50
61	3	70
61	4	90
61	5	70
61	6	90
61	7	70
61	8	20
61	9	70
61	10	70
61	11	70
61	12	70
61	13	50
61	14	70
61	15	50
61	16	90
61	17	20
61	18	90
61	19	70
61	20	70
61	21	70
61	22	110
61	23	70
61	24	50
61	25	50
61	26	70
61	27	90
61	28	70
61	29	20
61	30	50
61	31	20
61	32	70
61	33	70
61	34	60
61	35	50
61	36	50
61	37	20
61	38	20
61	39	70
61	40	70
62	1	50
62	2	50
62	3	70
62	4	70
62	5	50
62	6	50
62	7	70
62	8	20
62	9	70
62	10	70
62	11	50
62	12	50
62	13	70
62	14	50
62	15	50
62	16	50
62	17	0
62	18	50
62	19	50
62	20	70
62	21	70
62	22	50
62	23	50
62	24	70
62	25	50
62	26	50
62	27	50
62	28	70
62	29	0
62	30	70
62	31	0
62	32	70
62	33	50
62	34	0
62	35	70
62	36	70
62	37	0
62	38	0
62	39	50
62	40	70
63	1	70
63	2	90
63	3	90
63	4	110
63	5	80
63	6	120
63	7	80
63	8	50
63	9	70
63	10	100
63	11	70
63	12	60
63	13	110
63	14	70
63	15	70
63	16	100
63	17	30
63	18	80
63	19	60
63	20	50
63	21	100
63	22	90
63	23	80
63	24	80
63	25	70
63	26	110
63	27	80
63	28	100
63	29	40
63	30	80
63	31	20
63	32	70
63	33	120
63	34	70
63	35	80
63	36	80
63	37	40
63	38	30
63	39	120
63	40	70
64	1	50
64	2	70
64	3	90
64	4	90
64	5	70
64	6	20
64	7	70
64	8	70
64	9	50
64	10	110
64	11	70
64	12	20
64	13	90
64	14	50
64	15	50
64	16	90
64	17	50
64	18	70
64	19	70
64	20	50
64	21	90
64	22	90
64	23	20
64	24	70
64	25	50
64	26	70
64	27	70
64	28	90
64	29	70
64	30	70
64	31	50
64	32	0
64	33	40
64	34	110
64	35	70
64	36	50
64	37	70
64	38	90
64	39	20
64	40	90
65	1	70
65	2	70
65	3	70
65	4	50
65	5	60
65	6	30
65	7	80
65	8	80
65	9	50
65	10	80
65	11	50
65	12	10
65	13	70
65	14	70
65	15	70
65	16	80
65	17	80
65	18	80
65	19	60
65	20	50
65	21	80
65	22	70
65	23	30
65	24	80
65	25	70
65	26	70
65	27	80
65	28	80
65	29	70
65	30	80
65	31	70
65	32	0
65	33	30
65	34	80
65	35	80
65	36	80
65	37	70
65	38	60
65	39	30
65	40	70
66	1	70
66	2	70
66	3	90
66	4	90
66	5	100
66	6	70
66	7	80
66	8	70
66	9	70
66	10	70
66	11	90
66	12	10
66	13	90
66	14	70
66	15	70
66	16	120
66	17	80
66	18	90
66	19	50
66	20	50
66	21	100
66	22	130
66	23	20
66	24	80
66	25	50
66	26	110
66	27	90
66	28	100
66	29	90
66	30	50
66	31	70
66	32	40
66	33	50
66	34	120
66	35	60
66	36	50
66	37	70
66	38	60
66	39	50
66	40	70
67	1	50
67	2	50
67	3	110
67	4	90
67	5	70
67	6	70
67	7	70
67	8	0
67	9	90
67	10	90
67	11	70
67	12	50
67	13	90
67	14	50
67	15	50
67	16	70
67	17	0
67	18	70
67	19	50
67	20	70
67	21	70
67	22	70
67	23	70
67	24	70
67	25	50
67	26	70
67	27	70
67	28	70
67	29	40
67	30	70
67	31	0
67	32	90
67	33	90
67	34	20
67	35	70
67	36	50
67	37	0
67	38	0
67	39	70
67	40	90
68	1	50
68	2	70
68	3	110
68	4	110
68	5	100
68	6	100
68	7	80
68	8	20
68	9	70
68	10	110
68	11	90
68	12	80
68	13	110
68	14	50
68	15	50
68	16	100
68	17	10
68	18	70
68	19	70
68	20	50
68	21	100
68	22	90
68	23	70
68	24	80
68	25	50
68	26	90
68	27	70
68	28	100
68	29	40
68	30	70
68	31	0
68	32	70
68	33	120
68	34	70
68	35	80
68	36	50
68	37	20
68	38	50
68	39	100
68	40	90
69	1	50
69	2	70
69	3	90
69	4	70
69	5	80
69	6	10
69	7	100
69	8	70
69	9	70
69	10	90
69	11	70
69	12	10
69	13	90
69	14	50
69	15	70
69	16	100
69	17	60
69	18	70
69	19	50
69	20	70
69	21	120
69	22	90
69	23	20
69	24	100
69	25	50
69	26	70
69	27	70
69	28	100
69	29	70
69	30	70
69	31	50
69	32	40
69	33	30
69	34	80
69	35	80
69	36	70
69	37	50
69	38	60
69	39	10
69	40	90
70	1	80
70	2	90
70	3	60
70	4	100
70	5	100
70	6	30
70	7	60
70	8	60
70	9	70
70	10	80
70	11	90
70	12	30
70	13	100
70	14	80
70	15	80
70	16	120
70	17	80
70	18	80
70	19	80
70	20	80
70	21	100
70	22	90
70	23	10
70	24	80
70	25	60
70	26	70
70	27	80
70	28	80
70	29	50
70	30	60
70	31	80
70	32	40
70	33	30
70	34	100
70	35	60
70	36	60
70	37	90
70	38	100
70	39	50
70	40	60
71	1	80
71	2	110
71	3	100
71	4	100
71	5	80
71	6	100
71	7	100
71	8	50
71	9	50
71	10	120
71	11	70
71	12	60
71	13	120
71	14	80
71	15	100
71	16	140
71	17	30
71	18	100
71	19	60
71	20	60
71	21	140
71	22	130
71	23	100
71	24	100
71	25	80
71	26	110
71	27	100
71	28	120
71	29	40
71	30	80
71	31	30
71	32	70
71	33	120
71	34	90
71	35	80
71	36	80
71	37	40
71	38	30
71	39	100
71	40	100
72	1	70
72	2	90
72	3	70
72	4	90
72	5	100
72	6	120
72	7	60
72	8	30
72	9	70
72	10	60
72	11	90
72	12	60
72	13	90
72	14	70
72	15	90
72	16	100
72	17	30
72	18	80
72	19	60
72	20	50
72	21	80
72	22	110
72	23	80
72	24	80
72	25	70
72	26	130
72	27	80
72	28	100
72	29	40
72	30	60
72	31	20
72	32	90
72	33	100
72	34	50
72	35	60
72	36	60
72	37	20
72	38	10
72	39	100
72	40	50
73	1	70
73	2	90
73	3	70
73	4	70
73	5	50
73	6	20
73	7	70
73	8	50
73	9	50
73	10	90
73	11	50
73	12	0
73	13	70
73	14	70
73	15	70
73	16	110
73	17	70
73	18	90
73	19	50
73	20	50
73	21	90
73	22	90
73	23	40
73	24	50
73	25	70
73	26	70
73	27	90
73	28	50
73	29	90
73	30	50
73	31	70
73	32	0
73	33	60
73	34	110
73	35	50
73	36	50
73	37	90
73	38	70
73	39	40
73	40	70
74	1	80
74	2	110
74	3	100
74	4	100
74	5	80
74	6	100
74	7	100
74	8	50
74	9	50
74	10	120
74	11	70
74	12	60
74	13	120
74	14	80
74	15	100
74	16	140
74	17	30
74	18	100
74	19	60
74	20	60
74	21	140
74	22	130
74	23	100
74	24	100
74	25	80
74	26	110
74	27	100
74	28	120
74	29	40
74	30	80
74	31	30
74	32	70
74	33	120
74	34	90
74	35	80
74	36	80
74	37	40
74	38	30
74	39	100
74	40	100
75	1	50
75	2	90
75	3	90
75	4	70
75	5	100
75	6	60
75	7	80
75	8	10
75	9	50
75	10	120
75	11	90
75	12	80
75	13	110
75	14	50
75	15	70
75	16	120
75	17	10
75	18	80
75	19	80
75	20	50
75	21	120
75	22	90
75	23	80
75	24	100
75	25	50
75	26	70
75	27	80
75	28	100
75	29	20
75	30	80
75	31	0
75	32	70
75	33	100
75	34	50
75	35	80
75	36	60
75	37	20
75	38	50
75	39	80
75	40	90
76	1	50
76	2	90
76	3	90
76	4	90
76	5	120
76	6	80
76	7	60
76	8	10
76	9	70
76	10	100
76	11	110
76	12	80
76	13	130
76	14	50
76	15	70
76	16	100
76	17	10
76	18	60
76	19	80
76	20	50
76	21	100
76	22	70
76	23	60
76	24	100
76	25	50
76	26	90
76	27	60
76	28	100
76	29	20
76	30	80
76	31	0
76	32	90
76	33	100
76	34	30
76	35	80
76	36	60
76	37	20
76	38	50
76	39	100
76	40	70
77	1	70
77	2	70
77	3	90
77	4	50
77	5	50
77	6	20
77	7	90
77	8	70
77	9	50
77	10	90
77	11	50
77	12	0
77	13	70
77	14	70
77	15	70
77	16	90
77	17	70
77	18	90
77	19	50
77	20	50
77	21	90
77	22	90
77	23	40
77	24	70
77	25	70
77	26	70
77	27	90
77	28	70
77	29	90
77	30	70
77	31	70
77	32	0
77	33	40
77	34	90
77	35	70
77	36	70
77	37	70
77	38	50
77	39	20
77	40	90
78	1	70
78	2	90
78	3	70
78	4	90
78	5	80
78	6	100
78	7	100
78	8	50
78	9	50
78	10	100
78	11	70
78	12	60
78	13	90
78	14	70
78	15	70
78	16	140
78	17	30
78	18	100
78	19	60
78	20	50
78	21	140
78	22	130
78	23	80
78	24	80
78	25	50
78	26	90
78	27	100
78	28	100
78	29	20
78	30	60
78	31	20
78	32	70
78	33	100
78	34	90
78	35	60
78	36	80
78	37	40
78	38	30
78	39	100
78	40	70
79	1	80
79	2	50
79	3	80
79	4	80
79	5	80
79	6	50
79	7	60
79	8	60
79	9	70
79	10	60
79	11	70
79	12	10
79	13	80
79	14	80
79	15	60
79	16	80
79	17	80
79	18	80
79	19	60
79	20	60
79	21	60
79	22	70
79	23	10
79	24	60
79	25	60
79	26	70
79	27	80
79	28	60
79	29	70
79	30	60
79	31	80
79	32	20
79	33	30
79	34	80
79	35	60
79	36	60
79	37	70
79	38	60
79	39	50
79	40	60
80	1	50
80	2	90
80	3	110
80	4	110
80	5	100
80	6	30
80	7	80
80	8	60
80	9	90
80	10	120
80	11	90
80	12	10
80	13	130
80	14	50
80	15	70
80	16	120
80	17	60
80	18	80
80	19	60
80	20	70
80	21	120
80	22	90
80	23	30
80	24	100
80	25	50
80	26	90
80	27	80
80	28	100
80	29	90
80	30	80
80	31	50
80	32	60
80	33	70
80	34	100
80	35	80
80	36	60
80	37	70
80	38	80
80	39	50
80	40	90
81	1	70
81	2	90
81	3	90
81	4	90
81	5	90
81	6	40
81	7	90
81	8	70
81	9	70
81	10	90
81	11	90
81	12	0
81	13	110
81	14	70
81	15	70
81	16	130
81	17	70
81	18	90
81	19	50
81	20	50
81	21	130
81	22	110
81	23	20
81	24	70
81	25	50
81	26	90
81	27	90
81	28	70
81	29	90
81	30	50
81	31	70
81	32	40
81	33	60
81	34	110
81	35	50
81	36	70
81	37	90
81	38	70
81	39	60
81	40	70
82	1	70
82	2	110
82	3	70
82	4	70
82	5	80
82	6	80
82	7	80
82	8	10
82	9	50
82	10	100
82	11	70
82	12	60
82	13	90
82	14	70
82	15	90
82	16	140
82	17	30
82	18	100
82	19	60
82	20	50
82	21	120
82	22	110
82	23	100
82	24	80
82	25	70
82	26	90
82	27	100
82	28	80
82	29	40
82	30	60
82	31	20
82	32	70
82	33	120
82	34	70
82	35	60
82	36	60
82	37	40
82	38	30
82	39	100
82	40	70
83	1	70
83	2	90
83	3	70
83	4	110
83	5	90
83	6	110
83	7	50
83	8	20
83	9	70
83	10	70
83	11	90
83	12	50
83	13	110
83	14	70
83	15	70
83	16	110
83	17	20
83	18	70
83	19	50
83	20	50
83	21	90
83	22	110
83	23	50
83	24	70
83	25	50
83	26	110
83	27	70
83	28	90
83	29	20
83	30	50
83	31	20
83	32	90
83	33	90
83	34	60
83	35	50
83	36	50
83	37	40
83	38	20
83	39	110
83	40	50
84	1	70
84	2	70
84	3	90
84	4	90
84	5	60
84	6	100
84	7	80
84	8	30
84	9	50
84	10	120
84	11	50
84	12	60
84	13	90
84	14	70
84	15	50
84	16	120
84	17	30
84	18	100
84	19	60
84	20	50
84	21	100
84	22	110
84	23	80
84	24	80
84	25	50
84	26	70
84	27	100
84	28	100
84	29	20
84	30	80
84	31	20
84	32	50
84	33	100
84	34	90
84	35	80
84	36	60
84	37	40
84	38	30
84	39	100
84	40	90
85	1	60
85	2	90
85	3	100
85	4	120
85	5	100
85	6	30
85	7	60
85	8	60
85	9	90
85	10	100
85	11	90
85	12	10
85	13	140
85	14	60
85	15	80
85	16	100
85	17	60
85	18	60
85	19	60
85	20	80
85	21	100
85	22	70
85	23	10
85	24	100
85	25	60
85	26	90
85	27	60
85	28	100
85	29	70
85	30	80
85	31	60
85	32	60
85	33	50
85	34	80
85	35	80
85	36	60
85	37	70
85	38	80
85	39	50
85	40	80
86	1	70
86	2	110
86	3	70
86	4	90
86	5	80
86	6	50
86	7	80
86	8	80
86	9	50
86	10	100
86	11	70
86	12	10
86	13	90
86	14	70
86	15	90
86	16	140
86	17	80
86	18	100
86	19	60
86	20	50
86	21	120
86	22	130
86	23	50
86	24	80
86	25	70
86	26	110
86	27	100
86	28	100
86	29	90
86	30	60
86	31	70
86	32	20
86	33	70
86	34	140
86	35	60
86	36	60
86	37	90
86	38	80
86	39	50
86	40	70
87	1	70
87	2	70
87	3	90
87	4	90
87	5	80
87	6	50
87	7	80
87	8	80
87	9	70
87	10	100
87	11	70
87	12	10
87	13	110
87	14	70
87	15	50
87	16	100
87	17	80
87	18	80
87	19	60
87	20	50
87	21	100
87	22	70
87	23	10
87	24	80
87	25	50
87	26	70
87	27	80
87	28	80
87	29	70
87	30	80
87	31	70
87	32	20
87	33	50
87	34	100
87	35	80
87	36	80
87	37	90
87	38	80
87	39	70
87	40	70
88	1	70
88	2	50
88	3	90
88	4	70
88	5	70
88	6	90
88	7	50
88	8	0
88	9	70
88	10	70
88	11	70
88	12	50
88	13	90
88	14	70
88	15	50
88	16	70
88	17	20
88	18	70
88	19	50
88	20	50
88	21	50
88	22	70
88	23	50
88	24	70
88	25	50
88	26	70
88	27	70
88	28	70
88	29	20
88	30	70
88	31	20
88	32	70
88	33	70
88	34	20
88	35	70
88	36	50
88	37	20
88	38	0
88	39	90
88	40	70
89	1	70
89	2	90
89	3	90
89	4	90
89	5	100
89	6	50
89	7	80
89	8	70
89	9	70
89	10	90
89	11	90
89	12	10
89	13	130
89	14	70
89	15	70
89	16	120
89	17	80
89	18	70
89	19	50
89	20	50
89	21	120
89	22	90
89	23	0
89	24	100
89	25	50
89	26	90
89	27	70
89	28	100
89	29	70
89	30	70
89	31	70
89	32	40
89	33	50
89	34	100
89	35	80
89	36	70
89	37	90
89	38	80
89	39	70
89	40	70
90	1	80
90	2	70
90	3	80
90	4	140
90	5	100
90	6	120
90	7	60
90	8	30
90	9	90
90	10	80
90	11	90
90	12	80
90	13	100
90	14	80
90	15	60
90	16	100
90	17	30
90	18	80
90	19	80
90	20	80
90	21	80
90	22	90
90	23	60
90	24	60
90	25	60
90	26	90
90	27	80
90	28	80
90	29	20
90	30	60
90	31	30
90	32	90
90	33	100
90	34	70
90	35	60
90	36	60
90	37	40
90	38	50
90	39	120
90	40	60
91	1	80
91	2	50
91	3	120
91	4	80
91	5	80
91	6	100
91	7	100
91	8	30
91	9	70
91	10	100
91	11	70
91	12	60
91	13	100
91	14	80
91	15	60
91	16	100
91	17	30
91	18	100
91	19	60
91	20	60
91	21	100
91	22	90
91	23	80
91	24	80
91	25	60
91	26	70
91	27	100
91	28	80
91	29	40
91	30	80
91	31	30
91	32	70
91	33	100
91	34	50
91	35	80
91	36	80
91	37	20
91	38	10
91	39	100
91	40	100
92	1	70
92	2	90
92	3	110
92	4	110
92	5	80
92	6	70
92	7	100
92	8	90
92	9	70
92	10	110
92	11	70
92	12	10
92	13	110
92	14	70
92	15	70
92	16	120
92	17	80
92	18	90
92	19	50
92	20	50
92	21	120
92	22	110
92	23	40
92	24	80
92	25	70
92	26	110
92	27	90
92	28	100
92	29	110
92	30	70
92	31	70
92	32	20
92	33	90
92	34	140
92	35	80
92	36	70
92	37	90
92	38	80
92	39	70
92	40	90
93	1	70
93	2	90
93	3	70
93	4	90
93	5	70
93	6	90
93	7	70
93	8	40
93	9	50
93	10	90
93	11	70
93	12	50
93	13	110
93	14	70
93	15	70
93	16	110
93	17	20
93	18	70
93	19	50
93	20	50
93	21	110
93	22	110
93	23	50
93	24	90
93	25	50
93	26	90
93	27	70
93	28	110
93	29	0
93	30	70
93	31	20
93	32	70
93	33	70
93	34	60
93	35	70
93	36	70
93	37	40
93	38	20
93	39	90
93	40	70
94	1	70
94	2	110
94	3	70
94	4	110
94	5	100
94	6	120
94	7	60
94	8	30
94	9	70
94	10	80
94	11	90
94	12	60
94	13	110
94	14	70
94	15	90
94	16	120
94	17	30
94	18	80
94	19	60
94	20	50
94	21	100
94	22	110
94	23	80
94	24	80
94	25	70
94	26	130
94	27	80
94	28	100
94	29	40
94	30	60
94	31	20
94	32	90
94	33	120
94	34	70
94	35	60
94	36	60
94	37	40
94	38	30
94	39	120
94	40	50
95	1	70
95	2	90
95	3	70
95	4	110
95	5	100
95	6	70
95	7	80
95	8	100
95	9	70
95	10	80
95	11	90
95	12	10
95	13	110
95	14	70
95	15	70
95	16	120
95	17	80
95	18	80
95	19	60
95	20	50
95	21	120
95	22	110
95	23	10
95	24	80
95	25	50
95	26	110
95	27	80
95	28	100
95	29	70
95	30	60
95	31	70
95	32	40
95	33	50
95	34	120
95	35	60
95	36	80
95	37	90
95	38	80
95	39	70
95	40	50
96	1	80
96	2	110
96	3	80
96	4	100
96	5	100
96	6	100
96	7	60
96	8	10
96	9	70
96	10	80
96	11	90
96	12	60
96	13	120
96	14	80
96	15	100
96	16	120
96	17	30
96	18	80
96	19	60
96	20	60
96	21	100
96	22	90
96	23	80
96	24	80
96	25	80
96	26	110
96	27	80
96	28	80
96	29	40
96	30	60
96	31	30
96	32	90
96	33	120
96	34	50
96	35	60
96	36	60
96	37	40
96	38	30
96	39	120
96	40	60
97	1	50
97	2	90
97	3	110
97	4	90
97	5	120
97	6	80
97	7	80
97	8	0
97	9	70
97	10	110
97	11	110
97	12	80
97	13	130
97	14	50
97	15	70
97	16	120
97	17	10
97	18	70
97	19	70
97	20	50
97	21	120
97	22	90
97	23	70
97	24	100
97	25	50
97	26	90
97	27	70
97	28	100
97	29	40
97	30	70
97	31	0
97	32	90
97	33	120
97	34	50
97	35	80
97	36	50
97	37	20
97	38	50
97	39	100
97	40	90
98	1	70
98	2	90
98	3	70
98	4	70
98	5	60
98	6	30
98	7	80
98	8	70
98	9	50
98	10	90
98	11	50
98	12	10
98	13	90
98	14	70
98	15	70
98	16	100
98	17	80
98	18	70
98	19	50
98	20	50
98	21	100
98	22	70
98	23	20
98	24	80
98	25	70
98	26	70
98	27	70
98	28	80
98	29	70
98	30	70
98	31	70
98	32	0
98	33	50
98	34	100
98	35	80
98	36	70
98	37	90
98	38	80
98	39	50
98	40	70
99	1	60
99	2	90
99	3	120
99	4	140
99	5	100
99	6	50
99	7	80
99	8	80
99	9	90
99	10	120
99	11	90
99	12	10
99	13	140
99	14	60
99	15	80
99	16	120
99	17	60
99	18	80
99	19	60
99	20	80
99	21	120
99	22	110
99	23	30
99	24	100
99	25	60
99	26	110
99	27	80
99	28	120
99	29	90
99	30	80
99	31	60
99	32	60
99	33	70
99	34	120
99	35	80
99	36	60
99	37	70
99	38	80
99	39	50
99	40	100
100	1	60
100	2	50
100	3	80
100	4	60
100	5	80
100	6	60
100	7	60
100	8	10
100	9	50
100	10	80
100	11	70
100	12	80
100	13	80
100	14	60
100	15	60
100	16	60
100	17	10
100	18	60
100	19	80
100	20	60
100	21	60
100	22	50
100	23	60
100	24	80
100	25	60
100	26	50
100	27	60
100	28	80
100	29	0
100	30	80
100	31	10
100	32	50
100	33	60
100	34	10
100	35	80
100	36	60
100	37	0
100	38	30
100	39	60
100	40	80
101	1	80
101	2	70
101	3	80
101	4	100
101	5	60
101	6	100
101	7	80
101	8	50
101	9	50
101	10	100
101	11	50
101	12	60
101	13	100
101	14	80
101	15	60
101	16	100
101	17	30
101	18	80
101	19	60
101	20	60
101	21	100
101	22	90
101	23	60
101	24	80
101	25	60
101	26	70
101	27	80
101	28	100
101	29	0
101	30	80
101	31	30
101	32	50
101	33	80
101	34	70
101	35	80
101	36	80
101	37	40
101	38	30
101	39	100
101	40	80
102	1	50
102	2	90
102	3	90
102	4	130
102	5	100
102	6	100
102	7	60
102	8	30
102	9	90
102	10	100
102	11	90
102	12	60
102	13	130
102	14	50
102	15	70
102	16	100
102	17	10
102	18	60
102	19	60
102	20	70
102	21	100
102	22	90
102	23	60
102	24	100
102	25	50
102	26	110
102	27	60
102	28	120
102	29	20
102	30	80
102	31	0
102	32	110
102	33	100
102	34	50
102	35	80
102	36	60
102	37	20
102	38	30
102	39	100
102	40	70
103	1	80
103	2	70
103	3	60
103	4	100
103	5	60
103	6	50
103	7	60
103	8	80
103	9	50
103	10	80
103	11	50
103	12	10
103	13	80
103	14	80
103	15	60
103	16	100
103	17	80
103	18	80
103	19	60
103	20	60
103	21	80
103	22	90
103	23	10
103	24	60
103	25	60
103	26	70
103	27	80
103	28	80
103	29	50
103	30	60
103	31	80
103	32	0
103	33	30
103	34	120
103	35	60
103	36	60
103	37	90
103	38	80
103	39	50
103	40	60
104	1	50
104	2	90
104	3	90
104	4	90
104	5	110
104	6	20
104	7	50
104	8	50
104	9	70
104	10	90
104	11	110
104	12	20
104	13	130
104	14	50
104	15	70
104	16	90
104	17	50
104	18	50
104	19	70
104	20	50
104	21	90
104	22	70
104	23	0
104	24	90
104	25	50
104	26	90
104	27	50
104	28	90
104	29	70
104	30	70
104	31	50
104	32	40
104	33	40
104	34	70
104	35	70
104	36	50
104	37	70
104	38	90
104	39	40
104	40	70
105	1	80
105	2	90
105	3	100
105	4	100
105	5	80
105	6	50
105	7	80
105	8	80
105	9	70
105	10	100
105	11	70
105	12	10
105	13	120
105	14	80
105	15	80
105	16	100
105	17	80
105	18	80
105	19	60
105	20	60
105	21	100
105	22	70
105	23	30
105	24	80
105	25	80
105	26	90
105	27	80
105	28	80
105	29	90
105	30	80
105	31	80
105	32	20
105	33	70
105	34	100
105	35	80
105	36	80
105	37	90
105	38	80
105	39	70
105	40	80
106	1	80
106	2	70
106	3	60
106	4	60
106	5	60
106	6	30
106	7	60
106	8	60
106	9	50
106	10	60
106	11	50
106	12	10
106	13	60
106	14	80
106	15	80
106	16	80
106	17	80
106	18	80
106	19	60
106	20	60
106	21	60
106	22	70
106	23	30
106	24	60
106	25	80
106	26	70
106	27	80
106	28	60
106	29	70
106	30	60
106	31	80
106	32	0
106	33	30
106	34	80
106	35	60
106	36	60
106	37	70
106	38	60
106	39	30
106	40	60
107	1	70
107	2	110
107	3	50
107	4	70
107	5	80
107	6	80
107	7	60
107	8	0
107	9	50
107	10	70
107	11	70
107	12	60
107	13	90
107	14	70
107	15	90
107	16	120
107	17	30
107	18	70
107	19	50
107	20	50
107	21	100
107	22	90
107	23	70
107	24	80
107	25	70
107	26	90
107	27	70
107	28	80
107	29	20
107	30	50
107	31	20
107	32	70
107	33	100
107	34	50
107	35	60
107	36	50
107	37	40
107	38	30
107	39	100
107	40	50
108	1	60
108	2	90
108	3	120
108	4	120
108	5	120
108	6	50
108	7	80
108	8	80
108	9	70
108	10	120
108	11	110
108	12	30
108	13	140
108	14	60
108	15	80
108	16	120
108	17	60
108	18	80
108	19	80
108	20	60
108	21	120
108	22	110
108	23	30
108	24	100
108	25	60
108	26	110
108	27	80
108	28	120
108	29	90
108	30	80
108	31	60
108	32	40
108	33	70
108	34	120
108	35	80
108	36	60
108	37	70
108	38	100
108	39	50
108	40	100
109	1	80
109	2	90
109	3	80
109	4	80
109	5	80
109	6	50
109	7	80
109	8	100
109	9	50
109	10	80
109	11	70
109	12	10
109	13	100
109	14	80
109	15	100
109	16	100
109	17	80
109	18	80
109	19	60
109	20	60
109	21	100
109	22	110
109	23	30
109	24	100
109	25	80
109	26	110
109	27	80
109	28	120
109	29	70
109	30	80
109	31	80
109	32	20
109	33	30
109	34	100
109	35	80
109	36	80
109	37	70
109	38	60
109	39	30
109	40	80
110	1	60
110	2	90
110	3	100
110	4	120
110	5	120
110	6	50
110	7	60
110	8	80
110	9	70
110	10	100
110	11	110
110	12	30
110	13	140
110	14	60
110	15	80
110	16	100
110	17	60
110	18	60
110	19	80
110	20	60
110	21	100
110	22	90
110	23	10
110	24	100
110	25	60
110	26	110
110	27	60
110	28	120
110	29	70
110	30	80
110	31	60
110	32	40
110	33	50
110	34	100
110	35	80
110	36	60
110	37	70
110	38	100
110	39	50
110	40	80
111	1	70
111	2	70
111	3	70
111	4	90
111	5	60
111	6	50
111	7	60
111	8	80
111	9	50
111	10	100
111	11	50
111	12	10
111	13	90
111	14	70
111	15	50
111	16	100
111	17	80
111	18	80
111	19	60
111	20	50
111	21	80
111	22	90
111	23	10
111	24	80
111	25	50
111	26	70
111	27	80
111	28	100
111	29	50
111	30	80
111	31	70
111	32	0
111	33	30
111	34	120
111	35	80
111	36	60
111	37	90
111	38	80
111	39	50
111	40	70
112	1	80
112	2	90
112	3	100
112	4	100
112	5	60
112	6	50
112	7	100
112	8	100
112	9	50
112	10	120
112	11	50
112	12	10
112	13	100
112	14	80
112	15	80
112	16	120
112	17	80
112	18	100
112	19	60
112	20	60
112	21	120
112	22	110
112	23	50
112	24	80
112	25	80
112	26	90
112	27	100
112	28	100
112	29	90
112	30	80
112	31	80
112	32	0
112	33	70
112	34	140
112	35	80
112	36	80
112	37	90
112	38	80
112	39	50
112	40	100
113	1	70
113	2	70
113	3	110
113	4	110
113	5	80
113	6	70
113	7	80
113	8	70
113	9	70
113	10	110
113	11	70
113	12	10
113	13	110
113	14	70
113	15	50
113	16	120
113	17	80
113	18	90
113	19	50
113	20	50
113	21	100
113	22	110
113	23	20
113	24	80
113	25	50
113	26	90
113	27	90
113	28	100
113	29	90
113	30	70
113	31	70
113	32	20
113	33	70
113	34	140
113	35	80
113	36	50
113	37	90
113	38	80
113	39	70
113	40	90
114	1	60
114	2	70
114	3	120
114	4	120
114	5	80
114	6	80
114	7	80
114	8	10
114	9	90
114	10	120
114	11	70
114	12	60
114	13	120
114	14	60
114	15	60
114	16	100
114	17	10
114	18	80
114	19	60
114	20	80
114	21	100
114	22	70
114	23	80
114	24	80
114	25	60
114	26	70
114	27	80
114	28	80
114	29	40
114	30	80
114	31	10
114	32	90
114	33	120
114	34	50
114	35	80
114	36	60
114	37	20
114	38	30
114	39	100
114	40	100
115	1	60
115	2	70
115	3	100
115	4	80
115	5	80
115	6	60
115	7	80
115	8	10
115	9	70
115	10	100
115	11	70
115	12	60
115	13	100
115	14	60
115	15	80
115	16	100
115	17	10
115	18	80
115	19	60
115	20	80
115	21	100
115	22	90
115	23	80
115	24	100
115	25	60
115	26	70
115	27	80
115	28	100
115	29	20
115	30	80
115	31	10
115	32	90
115	33	80
115	34	30
115	35	80
115	36	60
115	37	0
115	38	10
115	39	60
115	40	100
116	1	60
116	2	50
116	3	120
116	4	120
116	5	80
116	6	50
116	7	80
116	8	80
116	9	90
116	10	100
116	11	70
116	12	10
116	13	100
116	14	60
116	15	60
116	16	80
116	17	60
116	18	80
116	19	60
116	20	80
116	21	80
116	22	90
116	23	30
116	24	80
116	25	60
116	26	90
116	27	80
116	28	100
116	29	90
116	30	80
116	31	60
116	32	40
116	33	50
116	34	100
116	35	80
116	36	60
116	37	50
116	38	60
116	39	30
116	40	100
117	1	70
117	2	110
117	3	70
117	4	110
117	5	90
117	6	110
117	7	50
117	8	20
117	9	70
117	10	70
117	11	90
117	12	50
117	13	110
117	14	70
117	15	90
117	16	110
117	17	20
117	18	70
117	19	50
117	20	50
117	21	90
117	22	110
117	23	70
117	24	70
117	25	70
117	26	130
117	27	70
117	28	90
117	29	40
117	30	50
117	31	20
117	32	90
117	33	110
117	34	60
117	35	50
117	36	50
117	37	40
117	38	20
117	39	110
117	40	50
118	1	70
118	2	110
118	3	90
118	4	90
118	5	90
118	6	40
118	7	70
118	8	50
118	9	70
118	10	90
118	11	90
118	12	0
118	13	110
118	14	70
118	15	90
118	16	130
118	17	70
118	18	90
118	19	50
118	20	50
118	21	110
118	22	110
118	23	40
118	24	70
118	25	70
118	26	110
118	27	90
118	28	70
118	29	110
118	30	50
118	31	70
118	32	40
118	33	80
118	34	110
118	35	50
118	36	50
118	37	90
118	38	70
118	39	60
118	40	70
119	1	50
119	2	90
119	3	90
119	4	130
119	5	100
119	6	50
119	7	80
119	8	90
119	9	90
119	10	90
119	11	90
119	12	10
119	13	130
119	14	50
119	15	70
119	16	100
119	17	60
119	18	50
119	19	50
119	20	70
119	21	120
119	22	90
119	23	0
119	24	100
119	25	50
119	26	110
119	27	50
119	28	120
119	29	70
119	30	70
119	31	50
119	32	60
119	33	50
119	34	100
119	35	80
119	36	70
119	37	70
119	38	80
119	39	50
119	40	70
120	1	50
120	2	70
120	3	90
120	4	70
120	5	100
120	6	80
120	7	80
120	8	30
120	9	50
120	10	100
120	11	90
120	12	80
120	13	90
120	14	50
120	15	70
120	16	100
120	17	10
120	18	80
120	19	80
120	20	50
120	21	100
120	22	110
120	23	80
120	24	100
120	25	50
120	26	90
120	27	80
120	28	120
120	29	20
120	30	80
120	31	0
120	32	70
120	33	80
120	34	50
120	35	80
120	36	60
120	37	0
120	38	30
120	39	60
120	40	90
121	1	70
121	2	70
121	3	90
121	4	70
121	5	80
121	6	50
121	7	80
121	8	80
121	9	70
121	10	80
121	11	70
121	12	10
121	13	90
121	14	70
121	15	70
121	16	80
121	17	80
121	18	80
121	19	60
121	20	50
121	21	80
121	22	70
121	23	30
121	24	80
121	25	70
121	26	90
121	27	80
121	28	80
121	29	90
121	30	80
121	31	70
121	32	20
121	33	50
121	34	80
121	35	80
121	36	80
121	37	70
121	38	60
121	39	50
121	40	70
122	1	70
122	2	70
122	3	90
122	4	50
122	5	70
122	6	20
122	7	90
122	8	70
122	9	50
122	10	90
122	11	70
122	12	0
122	13	90
122	14	70
122	15	70
122	16	110
122	17	70
122	18	90
122	19	50
122	20	50
122	21	110
122	22	110
122	23	20
122	24	90
122	25	50
122	26	70
122	27	90
122	28	90
122	29	70
122	30	70
122	31	70
122	32	20
122	33	20
122	34	90
122	35	70
122	36	70
122	37	70
122	38	50
122	39	20
122	40	90
123	1	70
123	2	70
123	3	90
123	4	90
123	5	80
123	6	100
123	7	80
123	8	10
123	9	70
123	10	100
123	11	70
123	12	60
123	13	90
123	14	70
123	15	50
123	16	120
123	17	30
123	18	100
123	19	60
123	20	50
123	21	100
123	22	90
123	23	80
123	24	60
123	25	50
123	26	70
123	27	100
123	28	60
123	29	40
123	30	60
123	31	20
123	32	70
123	33	120
123	34	70
123	35	60
123	36	60
123	37	40
123	38	30
123	39	120
123	40	70
124	1	70
124	2	90
124	3	90
124	4	90
124	5	80
124	6	50
124	7	80
124	8	70
124	9	50
124	10	110
124	11	70
124	12	10
124	13	110
124	14	70
124	15	70
124	16	140
124	17	80
124	18	90
124	19	50
124	20	50
124	21	120
124	22	130
124	23	20
124	24	100
124	25	50
124	26	90
124	27	90
124	28	120
124	29	70
124	30	70
124	31	70
124	32	20
124	33	50
124	34	140
124	35	80
124	36	50
124	37	90
124	38	80
124	39	50
124	40	90
125	1	50
125	2	70
125	3	90
125	4	90
125	5	80
125	6	30
125	7	80
125	8	70
125	9	70
125	10	90
125	11	70
125	12	10
125	13	90
125	14	50
125	15	70
125	16	100
125	17	60
125	18	70
125	19	50
125	20	70
125	21	100
125	22	110
125	23	20
125	24	100
125	25	50
125	26	90
125	27	70
125	28	120
125	29	70
125	30	70
125	31	50
125	32	40
125	33	30
125	34	100
125	35	80
125	36	50
125	37	50
125	38	60
125	39	10
125	40	90
126	1	70
126	2	70
126	3	90
126	4	130
126	5	90
126	6	110
126	7	70
126	8	20
126	9	90
126	10	90
126	11	90
126	12	70
126	13	90
126	14	70
126	15	50
126	16	110
126	17	20
126	18	90
126	19	70
126	20	70
126	21	90
126	22	110
126	23	70
126	24	50
126	25	50
126	26	90
126	27	90
126	28	70
126	29	40
126	30	50
126	31	20
126	32	90
126	33	110
126	34	80
126	35	50
126	36	50
126	37	40
126	38	40
126	39	110
126	40	70
127	1	80
127	2	50
127	3	60
127	4	100
127	5	80
127	6	50
127	7	60
127	8	80
127	9	70
127	10	60
127	11	70
127	12	30
127	13	60
127	14	80
127	15	60
127	16	80
127	17	80
127	18	80
127	19	80
127	20	80
127	21	60
127	22	90
127	23	10
127	24	60
127	25	60
127	26	70
127	27	80
127	28	80
127	29	50
127	30	60
127	31	80
127	32	20
127	33	10
127	34	100
127	35	60
127	36	60
127	37	70
127	38	80
127	39	30
127	40	60
128	1	70
128	2	50
128	3	70
128	4	70
128	5	50
128	6	90
128	7	70
128	8	40
128	9	50
128	10	70
128	11	50
128	12	50
128	13	70
128	14	70
128	15	50
128	16	70
128	17	20
128	18	70
128	19	50
128	20	50
128	21	70
128	22	90
128	23	50
128	24	70
128	25	50
128	26	70
128	27	70
128	28	90
128	29	0
128	30	70
128	31	20
128	32	50
128	33	50
128	34	40
128	35	70
128	36	70
128	37	20
128	38	0
128	39	70
128	40	70
129	1	60
129	2	70
129	3	100
129	4	120
129	5	100
129	6	100
129	7	60
129	8	30
129	9	90
129	10	80
129	11	90
129	12	60
129	13	120
129	14	60
129	15	80
129	16	80
129	17	10
129	18	60
129	19	60
129	20	80
129	21	80
129	22	90
129	23	60
129	24	100
129	25	60
129	26	110
129	27	60
129	28	120
129	29	20
129	30	80
129	31	10
129	32	110
129	33	80
129	34	30
129	35	80
129	36	60
129	37	0
129	38	10
129	39	80
129	40	80
130	1	70
130	2	70
130	3	90
130	4	90
130	5	100
130	6	70
130	7	80
130	8	100
130	9	70
130	10	80
130	11	90
130	12	10
130	13	110
130	14	70
130	15	70
130	16	100
130	17	80
130	18	80
130	19	60
130	20	50
130	21	100
130	22	110
130	23	10
130	24	100
130	25	50
130	26	110
130	27	80
130	28	120
130	29	70
130	30	80
130	31	70
130	32	40
130	33	30
130	34	100
130	35	80
130	36	80
130	37	70
130	38	60
130	39	50
130	40	70
131	1	70
131	2	90
131	3	110
131	4	90
131	5	100
131	6	100
131	7	100
131	8	30
131	9	70
131	10	120
131	11	90
131	12	60
131	13	130
131	14	70
131	15	70
131	16	140
131	17	30
131	18	100
131	19	60
131	20	50
131	21	140
131	22	110
131	23	80
131	24	100
131	25	50
131	26	90
131	27	100
131	28	100
131	29	40
131	30	80
131	31	20
131	32	90
131	33	120
131	34	70
131	35	80
131	36	80
131	37	40
131	38	30
131	39	120
131	40	90
132	1	50
132	2	50
132	3	70
132	4	50
132	5	80
132	6	10
132	7	60
132	8	50
132	9	50
132	10	70
132	11	70
132	12	30
132	13	70
132	14	50
132	15	50
132	16	60
132	17	60
132	18	50
132	19	70
132	20	50
132	21	60
132	22	50
132	23	0
132	24	80
132	25	50
132	26	50
132	27	50
132	28	80
132	29	50
132	30	70
132	31	50
132	32	0
132	33	10
132	34	60
132	35	80
132	36	50
132	37	50
132	38	80
132	39	10
132	40	70
133	1	70
133	2	50
133	3	90
133	4	90
133	5	80
133	6	120
133	7	80
133	8	30
133	9	70
133	10	80
133	11	70
133	12	60
133	13	70
133	14	70
133	15	50
133	16	100
133	17	30
133	18	100
133	19	60
133	20	50
133	21	80
133	22	110
133	23	80
133	24	60
133	25	50
133	26	90
133	27	100
133	28	80
133	29	40
133	30	60
133	31	20
133	32	70
133	33	100
133	34	70
133	35	60
133	36	60
133	37	20
133	38	10
133	39	100
133	40	70
134	1	70
134	2	90
134	3	70
134	4	90
134	5	100
134	6	30
134	7	80
134	8	60
134	9	70
134	10	100
134	11	90
134	12	30
134	13	90
134	14	70
134	15	70
134	16	140
134	17	80
134	18	100
134	19	80
134	20	70
134	21	120
134	22	110
134	23	30
134	24	80
134	25	50
134	26	70
134	27	100
134	28	80
134	29	70
134	30	60
134	31	70
134	32	40
134	33	50
134	34	120
134	35	60
134	36	60
134	37	90
134	38	100
134	39	50
134	40	70
135	1	50
135	2	50
135	3	90
135	4	90
135	5	100
135	6	50
135	7	60
135	8	80
135	9	70
135	10	80
135	11	90
135	12	30
135	13	90
135	14	50
135	15	50
135	16	60
135	17	60
135	18	60
135	19	80
135	20	50
135	21	60
135	22	70
135	23	10
135	24	80
135	25	50
135	26	90
135	27	60
135	28	100
135	29	70
135	30	80
135	31	50
135	32	20
135	33	30
135	34	80
135	35	80
135	36	60
135	37	50
135	38	80
135	39	30
135	40	70
136	1	70
136	2	90
136	3	70
136	4	70
136	5	70
136	6	90
136	7	70
136	8	20
136	9	50
136	10	70
136	11	70
136	12	50
136	13	70
136	14	70
136	15	90
136	16	110
136	17	20
136	18	90
136	19	50
136	20	50
136	21	90
136	22	130
136	23	90
136	24	70
136	25	70
136	26	110
136	27	90
136	28	90
136	29	40
136	30	50
136	31	20
136	32	70
136	33	90
136	34	60
136	35	50
136	36	50
136	37	20
136	38	0
136	39	70
136	40	70
137	1	70
137	2	70
137	3	70
137	4	110
137	5	80
137	6	120
137	7	80
137	8	50
137	9	70
137	10	80
137	11	70
137	12	60
137	13	90
137	14	70
137	15	50
137	16	100
137	17	30
137	18	80
137	19	60
137	20	50
137	21	100
137	22	90
137	23	60
137	24	60
137	25	50
137	26	90
137	27	80
137	28	80
137	29	20
137	30	60
137	31	20
137	32	70
137	33	100
137	34	70
137	35	60
137	36	80
137	37	40
137	38	30
137	39	120
137	40	50
138	1	70
138	2	70
138	3	70
138	4	90
138	5	100
138	6	70
138	7	80
138	8	100
138	9	70
138	10	60
138	11	90
138	12	10
138	13	90
138	14	70
138	15	70
138	16	100
138	17	80
138	18	80
138	19	60
138	20	50
138	21	100
138	22	110
138	23	10
138	24	80
138	25	50
138	26	110
138	27	80
138	28	100
138	29	70
138	30	60
138	31	70
138	32	40
138	33	30
138	34	100
138	35	60
138	36	80
138	37	70
138	38	60
138	39	50
138	40	50
139	1	70
139	2	90
139	3	90
139	4	110
139	5	100
139	6	120
139	7	80
139	8	50
139	9	70
139	10	100
139	11	90
139	12	60
139	13	130
139	14	70
139	15	70
139	16	120
139	17	30
139	18	80
139	19	60
139	20	50
139	21	120
139	22	110
139	23	60
139	24	100
139	25	50
139	26	110
139	27	80
139	28	120
139	29	20
139	30	80
139	31	20
139	32	90
139	33	100
139	34	70
139	35	80
139	36	80
139	37	40
139	38	30
139	39	120
139	40	70
140	1	70
140	2	50
140	3	70
140	4	70
140	5	50
140	6	40
140	7	90
140	8	90
140	9	50
140	10	70
140	11	50
140	12	0
140	13	50
140	14	70
140	15	50
140	16	90
140	17	70
140	18	90
140	19	50
140	20	50
140	21	90
140	22	110
140	23	20
140	24	50
140	25	50
140	26	70
140	27	90
140	28	70
140	29	70
140	30	50
140	31	70
140	32	0
140	33	20
140	34	110
140	35	50
140	36	70
140	37	70
140	38	50
140	39	20
140	40	70
141	1	70
141	2	70
141	3	110
141	4	90
141	5	100
141	6	70
141	7	100
141	8	90
141	9	70
141	10	90
141	11	90
141	12	10
141	13	110
141	14	70
141	15	70
141	16	120
141	17	80
141	18	90
141	19	50
141	20	50
141	21	120
141	22	130
141	23	20
141	24	100
141	25	50
141	26	110
141	27	90
141	28	120
141	29	90
141	30	70
141	31	70
141	32	40
141	33	50
141	34	120
141	35	80
141	36	70
141	37	70
141	38	60
141	39	50
141	40	90
142	1	70
142	2	90
142	3	90
142	4	90
142	5	100
142	6	70
142	7	80
142	8	70
142	9	70
142	10	70
142	11	90
142	12	10
142	13	90
142	14	70
142	15	90
142	16	120
142	17	80
142	18	90
142	19	50
142	20	50
142	21	100
142	22	130
142	23	40
142	24	80
142	25	70
142	26	130
142	27	90
142	28	100
142	29	110
142	30	50
142	31	70
142	32	40
142	33	70
142	34	120
142	35	60
142	36	50
142	37	70
142	38	60
142	39	50
142	40	70
143	1	70
143	2	110
143	3	90
143	4	90
143	5	90
143	6	40
143	7	70
143	8	70
143	9	70
143	10	90
143	11	90
143	12	0
143	13	130
143	14	70
143	15	90
143	16	110
143	17	70
143	18	70
143	19	50
143	20	50
143	21	110
143	22	90
143	23	20
143	24	90
143	25	70
143	26	110
143	27	70
143	28	90
143	29	90
143	30	70
143	31	70
143	32	40
143	33	60
143	34	90
143	35	70
143	36	70
143	37	90
143	38	70
143	39	60
143	40	70
144	1	50
144	2	70
144	3	90
144	4	90
144	5	90
144	6	20
144	7	50
144	8	50
144	9	70
144	10	90
144	11	90
144	12	20
144	13	110
144	14	50
144	15	50
144	16	70
144	17	50
144	18	50
144	19	70
144	20	50
144	21	70
144	22	50
144	23	0
144	24	70
144	25	50
144	26	70
144	27	50
144	28	70
144	29	70
144	30	70
144	31	50
144	32	20
144	33	40
144	34	70
144	35	70
144	36	50
144	37	70
144	38	90
144	39	40
144	40	70
145	1	70
145	2	50
145	3	90
145	4	110
145	5	100
145	6	70
145	7	80
145	8	70
145	9	90
145	10	70
145	11	90
145	12	30
145	13	70
145	14	70
145	15	50
145	16	100
145	17	80
145	18	90
145	19	70
145	20	70
145	21	80
145	22	110
145	23	20
145	24	60
145	25	50
145	26	90
145	27	90
145	28	80
145	29	90
145	30	50
145	31	70
145	32	40
145	33	50
145	34	120
145	35	60
145	36	50
145	37	70
145	38	80
145	39	50
145	40	70
146	1	80
146	2	90
146	3	80
146	4	100
146	5	100
146	6	80
146	7	80
146	8	10
146	9	70
146	10	100
146	11	90
146	12	80
146	13	100
146	14	80
146	15	80
146	16	140
146	17	30
146	18	100
146	19	80
146	20	80
146	21	120
146	22	110
146	23	80
146	24	80
146	25	60
146	26	70
146	27	100
146	28	80
146	29	20
146	30	60
146	31	30
146	32	90
146	33	100
146	34	70
146	35	60
146	36	60
146	37	40
146	38	50
146	39	100
146	40	80
147	1	50
147	2	90
147	3	90
147	4	130
147	5	100
147	6	50
147	7	80
147	8	90
147	9	90
147	10	90
147	11	90
147	12	10
147	13	130
147	14	50
147	15	70
147	16	100
147	17	60
147	18	50
147	19	50
147	20	70
147	21	120
147	22	90
147	23	0
147	24	100
147	25	50
147	26	110
147	27	50
147	28	120
147	29	70
147	30	70
147	31	50
147	32	60
147	33	50
147	34	100
147	35	80
147	36	70
147	37	70
147	38	80
147	39	50
147	40	70
148	1	50
148	2	90
148	3	110
148	4	110
148	5	100
148	6	80
148	7	100
148	8	20
148	9	90
148	10	110
148	11	90
148	12	60
148	13	130
148	14	50
148	15	70
148	16	120
148	17	10
148	18	70
148	19	50
148	20	70
148	21	140
148	22	90
148	23	70
148	24	100
148	25	50
148	26	90
148	27	70
148	28	100
148	29	40
148	30	70
148	31	0
148	32	110
148	33	120
148	34	50
148	35	80
148	36	70
148	37	20
148	38	30
148	39	100
148	40	90
149	1	80
149	2	90
149	3	80
149	4	80
149	5	80
149	6	80
149	7	100
149	8	30
149	9	50
149	10	100
149	11	70
149	12	60
149	13	100
149	14	80
149	15	80
149	16	140
149	17	30
149	18	100
149	19	60
149	20	60
149	21	140
149	22	110
149	23	80
149	24	80
149	25	60
149	26	70
149	27	100
149	28	80
149	29	20
149	30	60
149	31	30
149	32	70
149	33	100
149	34	70
149	35	60
149	36	80
149	37	40
149	38	30
149	39	100
149	40	80
150	1	70
150	2	90
150	3	90
150	4	70
150	5	100
150	6	50
150	7	80
150	8	80
150	9	70
150	10	80
150	11	90
150	12	10
150	13	110
150	14	70
150	15	90
150	16	100
150	17	80
150	18	80
150	19	60
150	20	50
150	21	100
150	22	90
150	23	30
150	24	100
150	25	70
150	26	110
150	27	80
150	28	100
150	29	90
150	30	80
150	31	70
150	32	40
150	33	50
150	34	80
150	35	80
150	36	80
150	37	70
150	38	60
150	39	50
150	40	70
151	1	70
151	2	50
151	3	90
151	4	90
151	5	80
151	6	120
151	7	80
151	8	40
151	9	70
151	10	70
151	11	70
151	12	60
151	13	90
151	14	70
151	15	50
151	16	80
151	17	30
151	18	70
151	19	50
151	20	50
151	21	80
151	22	90
151	23	50
151	24	80
151	25	50
151	26	90
151	27	70
151	28	100
151	29	20
151	30	70
151	31	20
151	32	70
151	33	80
151	34	50
151	35	80
151	36	70
151	37	20
151	38	10
151	39	100
151	40	70
152	1	50
152	2	70
152	3	70
152	4	50
152	5	100
152	6	10
152	7	60
152	8	50
152	9	50
152	10	70
152	11	90
152	12	30
152	13	90
152	14	50
152	15	70
152	16	80
152	17	60
152	18	50
152	19	70
152	20	50
152	21	80
152	22	70
152	23	0
152	24	100
152	25	50
152	26	70
152	27	50
152	28	100
152	29	50
152	30	70
152	31	50
152	32	20
152	33	10
152	34	60
152	35	80
152	36	50
152	37	50
152	38	80
152	39	10
152	40	70
153	1	50
153	2	70
153	3	110
153	4	130
153	5	70
153	6	40
153	7	70
153	8	70
153	9	90
153	10	110
153	11	70
153	12	0
153	13	110
153	14	50
153	15	50
153	16	90
153	17	50
153	18	70
153	19	50
153	20	70
153	21	90
153	22	90
153	23	20
153	24	70
153	25	50
153	26	90
153	27	70
153	28	90
153	29	90
153	30	70
153	31	50
153	32	40
153	33	60
153	34	110
153	35	70
153	36	50
153	37	70
153	38	70
153	39	40
153	40	90
154	1	70
154	2	90
154	3	70
154	4	70
154	5	80
154	6	30
154	7	100
154	8	80
154	9	50
154	10	100
154	11	70
154	12	10
154	13	90
154	14	70
154	15	70
154	16	140
154	17	80
154	18	100
154	19	60
154	20	50
154	21	140
154	22	110
154	23	30
154	24	80
154	25	50
154	26	70
154	27	100
154	28	80
154	29	70
154	30	60
154	31	70
154	32	20
154	33	50
154	34	120
154	35	60
154	36	80
154	37	90
154	38	80
154	39	50
154	40	70
155	1	70
155	2	70
155	3	110
155	4	90
155	5	80
155	6	50
155	7	80
155	8	60
155	9	70
155	10	120
155	11	70
155	12	10
155	13	110
155	14	70
155	15	50
155	16	120
155	17	80
155	18	100
155	19	60
155	20	50
155	21	100
155	22	90
155	23	30
155	24	80
155	25	50
155	26	70
155	27	100
155	28	80
155	29	90
155	30	80
155	31	70
155	32	20
155	33	70
155	34	120
155	35	80
155	36	60
155	37	90
155	38	80
155	39	70
155	40	90
156	1	50
156	2	50
156	3	90
156	4	70
156	5	60
156	6	60
156	7	80
156	8	0
156	9	70
156	10	90
156	11	50
156	12	60
156	13	70
156	14	50
156	15	50
156	16	80
156	17	10
156	18	70
156	19	50
156	20	70
156	21	80
156	22	70
156	23	70
156	24	80
156	25	50
156	26	50
156	27	70
156	28	80
156	29	20
156	30	70
156	31	0
156	32	70
156	33	80
156	34	30
156	35	80
156	36	50
156	37	0
156	38	10
156	39	60
156	40	90
157	1	80
157	2	90
157	3	120
157	4	100
157	5	100
157	6	50
157	7	100
157	8	80
157	9	70
157	10	120
157	11	90
157	12	10
157	13	140
157	14	80
157	15	80
157	16	140
157	17	80
157	18	100
157	19	60
157	20	60
157	21	140
157	22	110
157	23	30
157	24	100
157	25	60
157	26	90
157	27	100
157	28	100
157	29	90
157	30	80
157	31	80
157	32	40
157	33	70
157	34	120
157	35	80
157	36	80
157	37	90
157	38	80
157	39	70
157	40	100
158	1	50
158	2	90
158	3	90
158	4	110
158	5	70
158	6	70
158	7	70
158	8	20
158	9	70
158	10	110
158	11	70
158	12	50
158	13	110
158	14	50
158	15	70
158	16	110
158	17	0
158	18	70
158	19	50
158	20	70
158	21	110
158	22	110
158	23	70
158	24	90
158	25	50
158	26	90
158	27	70
158	28	110
158	29	20
158	30	70
158	31	0
158	32	90
158	33	90
158	34	60
158	35	70
158	36	50
158	37	20
158	38	20
158	39	70
158	40	90
159	1	80
159	2	90
159	3	80
159	4	100
159	5	100
159	6	120
159	7	60
159	8	30
159	9	70
159	10	60
159	11	90
159	12	60
159	13	100
159	14	80
159	15	100
159	16	100
159	17	30
159	18	80
159	19	60
159	20	60
159	21	80
159	22	110
159	23	80
159	24	80
159	25	80
159	26	130
159	27	80
159	28	100
159	29	40
159	30	60
159	31	30
159	32	90
159	33	100
159	34	50
159	35	60
159	36	60
159	37	20
159	38	10
159	39	100
159	40	60
160	1	70
160	2	90
160	3	90
160	4	90
160	5	100
160	6	50
160	7	60
160	8	60
160	9	70
160	10	100
160	11	90
160	12	10
160	13	130
160	14	70
160	15	70
160	16	120
160	17	80
160	18	80
160	19	60
160	20	50
160	21	100
160	22	90
160	23	10
160	24	100
160	25	50
160	26	90
160	27	80
160	28	100
160	29	70
160	30	80
160	31	70
160	32	40
160	33	50
160	34	100
160	35	80
160	36	60
160	37	90
160	38	80
160	39	70
160	40	70
161	1	80
161	2	90
161	3	80
161	4	100
161	5	80
161	6	50
161	7	60
161	8	80
161	9	50
161	10	100
161	11	70
161	12	10
161	13	120
161	14	80
161	15	80
161	16	120
161	17	80
161	18	80
161	19	60
161	20	60
161	21	100
161	22	110
161	23	10
161	24	100
161	25	60
161	26	90
161	27	80
161	28	120
161	29	50
161	30	80
161	31	80
161	32	20
161	33	30
161	34	120
161	35	80
161	36	60
161	37	90
161	38	80
161	39	50
161	40	80
162	1	70
162	2	50
162	3	70
162	4	50
162	5	60
162	6	80
162	7	100
162	8	20
162	9	50
162	10	70
162	11	50
162	12	60
162	13	50
162	14	70
162	15	50
162	16	100
162	17	30
162	18	90
162	19	50
162	20	50
162	21	100
162	22	90
162	23	70
162	24	60
162	25	50
162	26	50
162	27	90
162	28	60
162	29	20
162	30	50
162	31	20
162	32	50
162	33	80
162	34	50
162	35	60
162	36	70
162	37	20
162	38	10
162	39	80
162	40	70
163	1	70
163	2	90
163	3	70
163	4	110
163	5	90
163	6	60
163	7	70
163	8	90
163	9	70
163	10	70
163	11	90
163	12	0
163	13	110
163	14	70
163	15	70
163	16	110
163	17	70
163	18	70
163	19	50
163	20	50
163	21	110
163	22	110
163	23	0
163	24	70
163	25	50
163	26	110
163	27	70
163	28	90
163	29	70
163	30	50
163	31	70
163	32	40
163	33	40
163	34	110
163	35	50
163	36	70
163	37	90
163	38	70
163	39	60
163	40	50
164	1	50
164	2	70
164	3	110
164	4	110
164	5	100
164	6	100
164	7	80
164	8	20
164	9	90
164	10	90
164	11	90
164	12	60
164	13	110
164	14	50
164	15	70
164	16	100
164	17	10
164	18	70
164	19	50
164	20	70
164	21	100
164	22	110
164	23	70
164	24	100
164	25	50
164	26	110
164	27	70
164	28	120
164	29	40
164	30	70
164	31	0
164	32	110
164	33	100
164	34	50
164	35	80
164	36	50
164	37	0
164	38	10
164	39	80
164	40	90
165	1	50
165	2	90
165	3	70
165	4	110
165	5	70
165	6	20
165	7	50
165	8	70
165	9	70
165	10	90
165	11	70
165	12	0
165	13	110
165	14	50
165	15	70
165	16	90
165	17	50
165	18	50
165	19	50
165	20	70
165	21	90
165	22	90
165	23	0
165	24	90
165	25	50
165	26	90
165	27	50
165	28	110
165	29	50
165	30	70
165	31	50
165	32	40
165	33	20
165	34	90
165	35	70
165	36	50
165	37	70
165	38	70
165	39	20
165	40	70
166	1	70
166	2	50
166	3	70
166	4	50
166	5	60
166	6	80
166	7	100
166	8	30
166	9	50
166	10	80
166	11	50
166	12	60
166	13	50
166	14	70
166	15	50
166	16	100
166	17	30
166	18	100
166	19	60
166	20	50
166	21	100
166	22	90
166	23	80
166	24	60
166	25	50
166	26	50
166	27	100
166	28	60
166	29	20
166	30	60
166	31	20
166	32	50
166	33	80
166	34	50
166	35	60
166	36	80
166	37	20
166	38	10
166	39	80
166	40	70
167	1	60
167	2	50
167	3	120
167	4	100
167	5	100
167	6	50
167	7	80
167	8	80
167	9	70
167	10	100
167	11	90
167	12	30
167	13	100
167	14	60
167	15	60
167	16	80
167	17	60
167	18	80
167	19	80
167	20	60
167	21	80
167	22	90
167	23	30
167	24	80
167	25	60
167	26	90
167	27	80
167	28	100
167	29	90
167	30	80
167	31	60
167	32	20
167	33	50
167	34	100
167	35	80
167	36	60
167	37	50
167	38	80
167	39	30
167	40	100
168	1	80
168	2	70
168	3	80
168	4	100
168	5	80
168	6	100
168	7	80
168	8	30
168	9	70
168	10	80
168	11	70
168	12	60
168	13	100
168	14	80
168	15	60
168	16	100
168	17	30
168	18	80
168	19	60
168	20	60
168	21	100
168	22	70
168	23	60
168	24	60
168	25	60
168	26	70
168	27	80
168	28	60
168	29	20
168	30	60
168	31	30
168	32	70
168	33	100
168	34	50
168	35	60
168	36	80
168	37	40
168	38	30
168	39	120
168	40	60
169	1	70
169	2	50
169	3	90
169	4	70
169	5	80
169	6	100
169	7	60
169	8	0
169	9	70
169	10	70
169	11	70
169	12	60
169	13	90
169	14	70
169	15	50
169	16	80
169	17	30
169	18	70
169	19	50
169	20	50
169	21	60
169	22	70
169	23	50
169	24	80
169	25	50
169	26	70
169	27	70
169	28	80
169	29	20
169	30	70
169	31	20
169	32	70
169	33	80
169	34	30
169	35	80
169	36	50
169	37	20
169	38	10
169	39	100
169	40	70
170	1	70
170	2	70
170	3	90
170	4	130
170	5	100
170	6	70
170	7	80
170	8	80
170	9	90
170	10	100
170	11	90
170	12	30
170	13	90
170	14	70
170	15	50
170	16	120
170	17	80
170	18	100
170	19	80
170	20	70
170	21	100
170	22	110
170	23	30
170	24	60
170	25	50
170	26	90
170	27	100
170	28	80
170	29	90
170	30	60
170	31	70
170	32	40
170	33	70
170	34	140
170	35	60
170	36	60
170	37	90
170	38	100
170	39	70
170	40	70
171	1	80
171	2	110
171	3	80
171	4	100
171	5	100
171	6	50
171	7	60
171	8	60
171	9	70
171	10	80
171	11	90
171	12	10
171	13	120
171	14	80
171	15	100
171	16	120
171	17	80
171	18	80
171	19	60
171	20	60
171	21	100
171	22	90
171	23	30
171	24	80
171	25	80
171	26	110
171	27	80
171	28	80
171	29	90
171	30	60
171	31	80
171	32	40
171	33	70
171	34	100
171	35	60
171	36	60
171	37	90
171	38	80
171	39	70
171	40	60
172	1	50
172	2	70
172	3	70
172	4	90
172	5	80
172	6	30
172	7	80
172	8	90
172	9	70
172	10	70
172	11	70
172	12	10
172	13	90
172	14	50
172	15	70
172	16	80
172	17	60
172	18	50
172	19	50
172	20	70
172	21	100
172	22	90
172	23	0
172	24	100
172	25	50
172	26	90
172	27	50
172	28	120
172	29	50
172	30	70
172	31	50
172	32	40
172	33	10
172	34	80
172	35	80
172	36	70
172	37	50
172	38	60
172	39	10
172	40	70
173	1	70
173	2	90
173	3	90
173	4	90
173	5	70
173	6	90
173	7	70
173	8	20
173	9	50
173	10	110
173	11	70
173	12	50
173	13	110
173	14	70
173	15	70
173	16	130
173	17	20
173	18	90
173	19	50
173	20	50
173	21	110
173	22	130
173	23	70
173	24	90
173	25	50
173	26	90
173	27	90
173	28	110
173	29	20
173	30	70
173	31	20
173	32	70
173	33	90
173	34	80
173	35	70
173	36	50
173	37	40
173	38	20
173	39	90
173	40	90
174	1	70
174	2	90
174	3	70
174	4	90
174	5	80
174	6	50
174	7	80
174	8	100
174	9	50
174	10	100
174	11	70
174	12	10
174	13	110
174	14	70
174	15	70
174	16	120
174	17	80
174	18	80
174	19	60
174	20	50
174	21	120
174	22	110
174	23	10
174	24	100
174	25	50
174	26	90
174	27	80
174	28	120
174	29	50
174	30	80
174	31	70
174	32	20
174	33	30
174	34	120
174	35	80
174	36	80
174	37	90
174	38	80
174	39	50
174	40	70
175	1	50
175	2	90
175	3	110
175	4	110
175	5	100
175	6	80
175	7	100
175	8	20
175	9	90
175	10	110
175	11	90
175	12	60
175	13	130
175	14	50
175	15	70
175	16	120
175	17	10
175	18	70
175	19	50
175	20	70
175	21	140
175	22	90
175	23	70
175	24	100
175	25	50
175	26	90
175	27	70
175	28	100
175	29	40
175	30	70
175	31	0
175	32	110
175	33	120
175	34	50
175	35	80
175	36	70
175	37	20
175	38	30
175	39	100
175	40	90
176	1	80
176	2	70
176	3	60
176	4	60
176	5	80
176	6	30
176	7	60
176	8	60
176	9	50
176	10	60
176	11	70
176	12	10
176	13	80
176	14	80
176	15	80
176	16	100
176	17	80
176	18	80
176	19	60
176	20	60
176	21	80
176	22	90
176	23	10
176	24	80
176	25	60
176	26	70
176	27	80
176	28	80
176	29	50
176	30	60
176	31	80
176	32	20
176	33	10
176	34	80
176	35	60
176	36	60
176	37	70
176	38	60
176	39	30
176	40	60
177	1	80
177	2	90
177	3	60
177	4	100
177	5	60
177	6	50
177	7	60
177	8	80
177	9	50
177	10	80
177	11	50
177	12	10
177	13	80
177	14	80
177	15	80
177	16	100
177	17	80
177	18	80
177	19	60
177	20	60
177	21	80
177	22	90
177	23	30
177	24	60
177	25	80
177	26	90
177	27	80
177	28	80
177	29	70
177	30	60
177	31	80
177	32	0
177	33	50
177	34	120
177	35	60
177	36	60
177	37	90
177	38	80
177	39	50
177	40	60
178	1	70
178	2	90
178	3	90
178	4	90
178	5	100
178	6	120
178	7	80
178	8	50
178	9	70
178	10	80
178	11	90
178	12	60
178	13	110
178	14	70
178	15	90
178	16	100
178	17	30
178	18	80
178	19	60
178	20	50
178	21	100
178	22	110
178	23	80
178	24	100
178	25	70
178	26	130
178	27	80
178	28	120
178	29	40
178	30	80
178	31	20
178	32	90
178	33	100
178	34	50
178	35	80
178	36	80
178	37	20
178	38	10
178	39	100
178	40	70
179	1	50
179	2	70
179	3	110
179	4	90
179	5	120
179	6	50
179	7	80
179	8	80
179	9	70
179	10	100
179	11	110
179	12	30
179	13	110
179	14	50
179	15	70
179	16	100
179	17	60
179	18	80
179	19	80
179	20	50
179	21	100
179	22	110
179	23	30
179	24	100
179	25	50
179	26	110
179	27	80
179	28	120
179	29	90
179	30	80
179	31	50
179	32	40
179	33	50
179	34	100
179	35	80
179	36	60
179	37	50
179	38	80
179	39	30
179	40	90
180	1	70
180	2	90
180	3	90
180	4	70
180	5	50
180	6	70
180	7	90
180	8	20
180	9	50
180	10	110
180	11	50
180	12	50
180	13	90
180	14	70
180	15	70
180	16	110
180	17	20
180	18	90
180	19	50
180	20	50
180	21	110
180	22	90
180	23	90
180	24	70
180	25	70
180	26	70
180	27	90
180	28	70
180	29	40
180	30	70
180	31	20
180	32	50
180	33	110
180	34	60
180	35	70
180	36	70
180	37	40
180	38	20
180	39	90
180	40	90
181	1	50
181	2	90
181	3	90
181	4	110
181	5	70
181	6	70
181	7	70
181	8	20
181	9	70
181	10	110
181	11	70
181	12	50
181	13	110
181	14	50
181	15	70
181	16	110
181	17	0
181	18	70
181	19	50
181	20	70
181	21	110
181	22	110
181	23	70
181	24	90
181	25	50
181	26	90
181	27	70
181	28	110
181	29	20
181	30	70
181	31	0
181	32	90
181	33	90
181	34	60
181	35	70
181	36	50
181	37	20
181	38	20
181	39	70
181	40	90
182	1	50
182	2	90
182	3	110
182	4	110
182	5	90
182	6	70
182	7	70
182	8	0
182	9	90
182	10	110
182	11	90
182	12	50
182	13	130
182	14	50
182	15	70
182	16	110
182	17	0
182	18	70
182	19	50
182	20	70
182	21	110
182	22	90
182	23	70
182	24	90
182	25	50
182	26	90
182	27	70
182	28	90
182	29	40
182	30	70
182	31	0
182	32	110
182	33	110
182	34	40
182	35	70
182	36	50
182	37	20
182	38	20
182	39	90
182	40	90
183	1	50
183	2	70
183	3	90
183	4	110
183	5	50
183	6	20
183	7	90
183	8	90
183	9	70
183	10	110
183	11	50
183	12	0
183	13	90
183	14	50
183	15	50
183	16	90
183	17	50
183	18	70
183	19	50
183	20	70
183	21	110
183	22	90
183	23	20
183	24	70
183	25	50
183	26	70
183	27	70
183	28	90
183	29	70
183	30	70
183	31	50
183	32	20
183	33	40
183	34	110
183	35	70
183	36	70
183	37	70
183	38	70
183	39	20
183	40	90
184	1	70
184	2	70
184	3	90
184	4	90
184	5	80
184	6	120
184	7	80
184	8	30
184	9	70
184	10	80
184	11	70
184	12	60
184	13	70
184	14	70
184	15	70
184	16	100
184	17	30
184	18	100
184	19	60
184	20	50
184	21	80
184	22	110
184	23	100
184	24	60
184	25	70
184	26	110
184	27	100
184	28	80
184	29	60
184	30	60
184	31	20
184	32	70
184	33	120
184	34	70
184	35	60
184	36	60
184	37	20
184	38	10
184	39	100
184	40	70
185	1	70
185	2	90
185	3	50
185	4	70
185	5	70
185	6	20
185	7	50
185	8	50
185	9	50
185	10	70
185	11	70
185	12	0
185	13	90
185	14	70
185	15	70
185	16	110
185	17	70
185	18	70
185	19	50
185	20	50
185	21	90
185	22	90
185	23	0
185	24	70
185	25	50
185	26	70
185	27	70
185	28	70
185	29	50
185	30	50
185	31	70
185	32	20
185	33	20
185	34	90
185	35	50
185	36	50
185	37	90
185	38	70
185	39	40
185	40	50
186	1	70
186	2	50
186	3	70
186	4	70
186	5	70
186	6	20
186	7	70
186	8	50
186	9	70
186	10	70
186	11	70
186	12	20
186	13	50
186	14	70
186	15	50
186	16	90
186	17	70
186	18	90
186	19	70
186	20	70
186	21	70
186	22	90
186	23	20
186	24	50
186	25	50
186	26	50
186	27	90
186	28	50
186	29	70
186	30	50
186	31	70
186	32	20
186	33	20
186	34	90
186	35	50
186	36	50
186	37	70
186	38	70
186	39	20
186	40	70
187	1	50
187	2	70
187	3	70
187	4	70
187	5	80
187	6	60
187	7	60
187	8	0
187	9	50
187	10	90
187	11	70
187	12	80
187	13	90
187	14	50
187	15	50
187	16	80
187	17	10
187	18	50
187	19	70
187	20	50
187	21	80
187	22	50
187	23	50
187	24	80
187	25	50
187	26	50
187	27	50
187	28	80
187	29	0
187	30	70
187	31	0
187	32	50
187	33	80
187	34	30
187	35	80
187	36	50
187	37	20
187	38	50
187	39	80
187	40	70
188	1	70
188	2	70
188	3	70
188	4	50
188	5	60
188	6	80
188	7	80
188	8	0
188	9	50
188	10	70
188	11	50
188	12	60
188	13	50
188	14	70
188	15	70
188	16	100
188	17	30
188	18	90
188	19	50
188	20	50
188	21	80
188	22	90
188	23	90
188	24	60
188	25	70
188	26	70
188	27	90
188	28	60
188	29	40
188	30	50
188	31	20
188	32	50
188	33	100
188	34	50
188	35	60
188	36	50
188	37	20
188	38	10
188	39	80
188	40	70
189	1	80
189	2	90
189	3	80
189	4	120
189	5	80
189	6	120
189	7	60
189	8	30
189	9	70
189	10	80
189	11	70
189	12	60
189	13	100
189	14	80
189	15	80
189	16	100
189	17	30
189	18	80
189	19	60
189	20	60
189	21	80
189	22	90
189	23	80
189	24	60
189	25	80
189	26	110
189	27	80
189	28	80
189	29	40
189	30	60
189	31	30
189	32	70
189	33	120
189	34	70
189	35	60
189	36	60
189	37	40
189	38	30
189	39	120
189	40	60
190	1	50
190	2	70
190	3	70
190	4	90
190	5	80
190	6	80
190	7	60
190	8	30
190	9	70
190	10	80
190	11	70
190	12	60
190	13	90
190	14	50
190	15	70
190	16	80
190	17	10
190	18	60
190	19	60
190	20	70
190	21	80
190	22	90
190	23	60
190	24	100
190	25	50
190	26	90
190	27	60
190	28	120
190	29	0
190	30	80
190	31	0
190	32	90
190	33	60
190	34	30
190	35	80
190	36	60
190	37	0
190	38	10
190	39	60
190	40	70
191	1	60
191	2	70
191	3	80
191	4	100
191	5	80
191	6	80
191	7	80
191	8	50
191	9	70
191	10	80
191	11	70
191	12	60
191	13	100
191	14	60
191	15	80
191	16	80
191	17	10
191	18	60
191	19	60
191	20	80
191	21	100
191	22	90
191	23	60
191	24	100
191	25	60
191	26	90
191	27	60
191	28	120
191	29	0
191	30	80
191	31	10
191	32	90
191	33	60
191	34	30
191	35	80
191	36	80
191	37	0
191	38	10
191	39	60
191	40	80
192	1	70
192	2	110
192	3	70
192	4	110
192	5	90
192	6	60
192	7	50
192	8	70
192	9	70
192	10	70
192	11	90
192	12	0
192	13	110
192	14	70
192	15	90
192	16	110
192	17	70
192	18	70
192	19	50
192	20	50
192	21	90
192	22	110
192	23	20
192	24	70
192	25	70
192	26	130
192	27	70
192	28	90
192	29	90
192	30	50
192	31	70
192	32	40
192	33	60
192	34	110
192	35	50
192	36	50
192	37	90
192	38	70
192	39	60
192	40	50
193	1	70
193	2	50
193	3	90
193	4	70
193	5	70
193	6	40
193	7	70
193	8	50
193	9	70
193	10	70
193	11	70
193	12	0
193	13	70
193	14	70
193	15	50
193	16	90
193	17	70
193	18	90
193	19	50
193	20	50
193	21	70
193	22	90
193	23	20
193	24	50
193	25	50
193	26	70
193	27	90
193	28	50
193	29	90
193	30	50
193	31	70
193	32	20
193	33	40
193	34	90
193	35	50
193	36	50
193	37	70
193	38	50
193	39	40
193	40	70
194	1	70
194	2	110
194	3	50
194	4	90
194	5	80
194	6	50
194	7	60
194	8	80
194	9	50
194	10	80
194	11	70
194	12	10
194	13	90
194	14	70
194	15	90
194	16	120
194	17	80
194	18	80
194	19	60
194	20	50
194	21	100
194	22	110
194	23	30
194	24	80
194	25	70
194	26	110
194	27	80
194	28	100
194	29	70
194	30	60
194	31	70
194	32	20
194	33	50
194	34	120
194	35	60
194	36	60
194	37	90
194	38	80
194	39	50
194	40	50
195	1	50
195	2	50
195	3	70
195	4	70
195	5	50
195	6	50
195	7	70
195	8	20
195	9	70
195	10	70
195	11	50
195	12	50
195	13	70
195	14	50
195	15	50
195	16	50
195	17	0
195	18	50
195	19	50
195	20	70
195	21	70
195	22	50
195	23	50
195	24	70
195	25	50
195	26	50
195	27	50
195	28	70
195	29	0
195	30	70
195	31	0
195	32	70
195	33	50
195	34	0
195	35	70
195	36	70
195	37	0
195	38	0
195	39	50
195	40	70
196	1	70
196	2	70
196	3	70
196	4	90
196	5	80
196	6	100
196	7	60
196	8	10
196	9	70
196	10	80
196	11	70
196	12	60
196	13	90
196	14	70
196	15	50
196	16	100
196	17	30
196	18	80
196	19	60
196	20	50
196	21	80
196	22	70
196	23	60
196	24	60
196	25	50
196	26	70
196	27	80
196	28	60
196	29	20
196	30	60
196	31	20
196	32	70
196	33	100
196	34	50
196	35	60
196	36	60
196	37	40
196	38	30
196	39	120
196	40	50
197	1	70
197	2	90
197	3	50
197	4	110
197	5	90
197	6	90
197	7	50
197	8	20
197	9	70
197	10	70
197	11	90
197	12	70
197	13	90
197	14	70
197	15	70
197	16	110
197	17	20
197	18	70
197	19	70
197	20	70
197	21	90
197	22	110
197	23	50
197	24	70
197	25	50
197	26	90
197	27	70
197	28	90
197	29	0
197	30	50
197	31	20
197	32	90
197	33	70
197	34	60
197	35	50
197	36	50
197	37	40
197	38	40
197	39	90
197	40	50
198	1	50
198	2	70
198	3	70
198	4	70
198	5	80
198	6	60
198	7	60
198	8	10
198	9	50
198	10	100
198	11	70
198	12	80
198	13	90
198	14	50
198	15	50
198	16	80
198	17	10
198	18	60
198	19	80
198	20	50
198	21	80
198	22	50
198	23	60
198	24	80
198	25	50
198	26	50
198	27	60
198	28	80
198	29	0
198	30	80
198	31	0
198	32	50
198	33	80
198	34	30
198	35	80
198	36	60
198	37	20
198	38	50
198	39	80
198	40	70
199	1	70
199	2	90
199	3	70
199	4	70
199	5	70
199	6	70
199	7	70
199	8	20
199	9	50
199	10	90
199	11	70
199	12	50
199	13	110
199	14	70
199	15	70
199	16	110
199	17	20
199	18	70
199	19	50
199	20	50
199	21	110
199	22	90
199	23	50
199	24	90
199	25	50
199	26	70
199	27	70
199	28	90
199	29	0
199	30	70
199	31	20
199	32	70
199	33	70
199	34	40
199	35	70
199	36	70
199	37	40
199	38	20
199	39	90
199	40	70
200	1	80
200	2	70
200	3	100
200	4	100
200	5	80
200	6	120
200	7	80
200	8	50
200	9	70
200	10	80
200	11	70
200	12	60
200	13	100
200	14	80
200	15	80
200	16	80
200	17	30
200	18	80
200	19	60
200	20	60
200	21	80
200	22	90
200	23	80
200	24	80
200	25	80
200	26	110
200	27	80
200	28	100
200	29	40
200	30	80
200	31	30
200	32	70
200	33	100
200	34	50
200	35	80
200	36	80
200	37	20
200	38	10
200	39	100
200	40	80
201	1	80
201	2	70
201	3	120
201	4	100
201	5	80
201	6	50
201	7	100
201	8	80
201	9	70
201	10	120
201	11	70
201	12	10
201	13	120
201	14	80
201	15	60
201	16	120
201	17	80
201	18	100
201	19	60
201	20	60
201	21	120
201	22	90
201	23	30
201	24	80
201	25	60
201	26	70
201	27	100
201	28	80
201	29	90
201	30	80
201	31	80
201	32	20
201	33	70
201	34	120
201	35	80
201	36	80
201	37	90
201	38	80
201	39	70
201	40	100
202	1	50
202	2	50
202	3	90
202	4	90
202	5	50
202	6	20
202	7	70
202	8	70
202	9	70
202	10	90
202	11	50
202	12	0
202	13	70
202	14	50
202	15	50
202	16	70
202	17	50
202	18	70
202	19	50
202	20	70
202	21	70
202	22	90
202	23	20
202	24	70
202	25	50
202	26	70
202	27	70
202	28	90
202	29	70
202	30	70
202	31	50
202	32	20
202	33	20
202	34	90
202	35	70
202	36	50
202	37	50
202	38	50
202	39	0
202	40	90
203	1	60
203	2	90
203	3	120
203	4	120
203	5	120
203	6	50
203	7	80
203	8	80
203	9	70
203	10	120
203	11	110
203	12	30
203	13	140
203	14	60
203	15	80
203	16	120
203	17	60
203	18	80
203	19	80
203	20	60
203	21	120
203	22	110
203	23	30
203	24	100
203	25	60
203	26	110
203	27	80
203	28	120
203	29	90
203	30	80
203	31	60
203	32	40
203	33	70
203	34	120
203	35	80
203	36	60
203	37	70
203	38	100
203	39	50
203	40	100
204	1	80
204	2	90
204	3	120
204	4	100
204	5	80
204	6	100
204	7	100
204	8	30
204	9	70
204	10	120
204	11	70
204	12	60
204	13	120
204	14	80
204	15	80
204	16	120
204	17	30
204	18	100
204	19	60
204	20	60
204	21	120
204	22	90
204	23	100
204	24	80
204	25	80
204	26	90
204	27	100
204	28	80
204	29	60
204	30	80
204	31	30
204	32	70
204	33	140
204	34	70
204	35	80
204	36	80
204	37	40
204	38	30
204	39	120
204	40	100
205	1	70
205	2	70
205	3	90
205	4	130
205	5	100
205	6	120
205	7	80
205	8	20
205	9	90
205	10	90
205	11	90
205	12	80
205	13	90
205	14	70
205	15	50
205	16	120
205	17	30
205	18	90
205	19	70
205	20	70
205	21	100
205	22	110
205	23	70
205	24	60
205	25	50
205	26	90
205	27	90
205	28	80
205	29	40
205	30	50
205	31	20
205	32	90
205	33	120
205	34	90
205	35	60
205	36	50
205	37	40
205	38	50
205	39	120
205	40	70
206	1	80
206	2	90
206	3	80
206	4	100
206	5	80
206	6	100
206	7	80
206	8	30
206	9	50
206	10	100
206	11	70
206	12	60
206	13	100
206	14	80
206	15	80
206	16	140
206	17	30
206	18	100
206	19	60
206	20	60
206	21	120
206	22	130
206	23	80
206	24	80
206	25	60
206	26	90
206	27	100
206	28	100
206	29	20
206	30	60
206	31	30
206	32	70
206	33	100
206	34	90
206	35	60
206	36	60
206	37	40
206	38	30
206	39	100
206	40	80
207	1	70
207	2	50
207	3	70
207	4	50
207	5	60
207	6	30
207	7	80
207	8	80
207	9	50
207	10	80
207	11	50
207	12	10
207	13	70
207	14	70
207	15	50
207	16	80
207	17	80
207	18	80
207	19	60
207	20	50
207	21	80
207	22	70
207	23	10
207	24	80
207	25	50
207	26	50
207	27	80
207	28	80
207	29	50
207	30	80
207	31	70
207	32	0
207	33	10
207	34	80
207	35	80
207	36	80
207	37	70
207	38	60
207	39	30
207	40	70
208	1	80
208	2	90
208	3	80
208	4	80
208	5	80
208	6	30
208	7	80
208	8	80
208	9	50
208	10	100
208	11	70
208	12	10
208	13	120
208	14	80
208	15	80
208	16	120
208	17	80
208	18	80
208	19	60
208	20	60
208	21	120
208	22	90
208	23	10
208	24	100
208	25	60
208	26	70
208	27	80
208	28	100
208	29	50
208	30	80
208	31	80
208	32	20
208	33	30
208	34	100
208	35	80
208	36	80
208	37	90
208	38	80
208	39	50
208	40	80
209	1	80
209	2	90
209	3	80
209	4	80
209	5	80
209	6	80
209	7	60
209	8	10
209	9	50
209	10	100
209	11	70
209	12	60
209	13	120
209	14	80
209	15	80
209	16	120
209	17	30
209	18	80
209	19	60
209	20	60
209	21	100
209	22	90
209	23	60
209	24	100
209	25	60
209	26	70
209	27	80
209	28	100
209	29	0
209	30	80
209	31	30
209	32	70
209	33	80
209	34	50
209	35	80
209	36	60
209	37	40
209	38	30
209	39	100
209	40	80
210	1	60
210	2	70
210	3	100
210	4	120
210	5	80
210	6	30
210	7	60
210	8	60
210	9	90
210	10	100
210	11	70
210	12	10
210	13	120
210	14	60
210	15	60
210	16	80
210	17	60
210	18	60
210	19	60
210	20	80
210	21	80
210	22	50
210	23	10
210	24	80
210	25	60
210	26	70
210	27	60
210	28	80
210	29	70
210	30	80
210	31	60
210	32	40
210	33	50
210	34	80
210	35	80
210	36	60
210	37	70
210	38	80
210	39	50
210	40	80
211	1	70
211	2	50
211	3	70
211	4	70
211	5	80
211	6	50
211	7	60
211	8	60
211	9	70
211	10	60
211	11	70
211	12	10
211	13	70
211	14	70
211	15	50
211	16	80
211	17	80
211	18	80
211	19	60
211	20	50
211	21	60
211	22	70
211	23	10
211	24	60
211	25	50
211	26	70
211	27	80
211	28	60
211	29	70
211	30	60
211	31	70
211	32	20
211	33	30
211	34	80
211	35	60
211	36	60
211	37	70
211	38	60
211	39	50
211	40	50
212	1	60
212	2	70
212	3	100
212	4	100
212	5	80
212	6	30
212	7	80
212	8	80
212	9	70
212	10	100
212	11	70
212	12	10
212	13	100
212	14	60
212	15	80
212	16	100
212	17	60
212	18	80
212	19	60
212	20	80
212	21	100
212	22	110
212	23	30
212	24	100
212	25	60
212	26	90
212	27	80
212	28	120
212	29	70
212	30	80
212	31	60
212	32	40
212	33	30
212	34	100
212	35	80
212	36	60
212	37	50
212	38	60
212	39	10
212	40	100
213	1	80
213	2	110
213	3	80
213	4	100
213	5	80
213	6	50
213	7	80
213	8	80
213	9	50
213	10	100
213	11	70
213	12	10
213	13	100
213	14	80
213	15	100
213	16	140
213	17	80
213	18	100
213	19	60
213	20	60
213	21	120
213	22	130
213	23	50
213	24	80
213	25	80
213	26	110
213	27	100
213	28	100
213	29	90
213	30	60
213	31	80
213	32	20
213	33	70
213	34	140
213	35	60
213	36	60
213	37	90
213	38	80
213	39	50
213	40	80
214	1	70
214	2	90
214	3	90
214	4	70
214	5	70
214	6	20
214	7	70
214	8	50
214	9	50
214	10	110
214	11	70
214	12	0
214	13	110
214	14	70
214	15	70
214	16	130
214	17	70
214	18	90
214	19	50
214	20	50
214	21	110
214	22	110
214	23	20
214	24	90
214	25	50
214	26	70
214	27	90
214	28	90
214	29	70
214	30	70
214	31	70
214	32	20
214	33	40
214	34	110
214	35	70
214	36	50
214	37	90
214	38	70
214	39	40
214	40	90
215	1	70
215	2	70
215	3	70
215	4	70
215	5	100
215	6	100
215	7	80
215	8	20
215	9	70
215	10	50
215	11	90
215	12	60
215	13	90
215	14	70
215	15	70
215	16	100
215	17	30
215	18	70
215	19	50
215	20	50
215	21	100
215	22	90
215	23	50
215	24	80
215	25	50
215	26	90
215	27	70
215	28	80
215	29	20
215	30	50
215	31	20
215	32	90
215	33	80
215	34	30
215	35	60
215	36	70
215	37	20
215	38	10
215	39	100
215	40	50
216	1	80
216	2	110
216	3	100
216	4	100
216	5	100
216	6	100
216	7	80
216	8	30
216	9	70
216	10	100
216	11	90
216	12	60
216	13	140
216	14	80
216	15	100
216	16	120
216	17	30
216	18	80
216	19	60
216	20	60
216	21	120
216	22	90
216	23	80
216	24	100
216	25	80
216	26	110
216	27	80
216	28	100
216	29	40
216	30	80
216	31	30
216	32	90
216	33	120
216	34	50
216	35	80
216	36	80
216	37	40
216	38	30
216	39	120
216	40	80
217	1	50
217	2	70
217	3	110
217	4	90
217	5	90
217	6	70
217	7	70
217	8	0
217	9	90
217	10	90
217	11	90
217	12	50
217	13	110
217	14	50
217	15	70
217	16	90
217	17	0
217	18	70
217	19	50
217	20	70
217	21	90
217	22	90
217	23	70
217	24	90
217	25	50
217	26	90
217	27	70
217	28	90
217	29	40
217	30	70
217	31	0
217	32	110
217	33	90
217	34	20
217	35	70
217	36	50
217	37	0
217	38	0
217	39	70
217	40	90
218	1	50
218	2	90
218	3	90
218	4	110
218	5	100
218	6	80
218	7	60
218	8	0
218	9	90
218	10	90
218	11	90
218	12	60
218	13	130
218	14	50
218	15	70
218	16	100
218	17	10
218	18	50
218	19	50
218	20	70
218	21	100
218	22	70
218	23	50
218	24	100
218	25	50
218	26	90
218	27	50
218	28	100
218	29	20
218	30	70
218	31	0
218	32	110
218	33	100
218	34	30
218	35	80
218	36	50
218	37	20
218	38	30
218	39	100
218	40	70
219	1	50
219	2	50
219	3	70
219	4	50
219	5	70
219	6	50
219	7	50
219	8	0
219	9	50
219	10	70
219	11	70
219	12	70
219	13	70
219	14	50
219	15	50
219	16	50
219	17	0
219	18	50
219	19	70
219	20	50
219	21	50
219	22	50
219	23	50
219	24	70
219	25	50
219	26	50
219	27	50
219	28	70
219	29	0
219	30	70
219	31	0
219	32	50
219	33	50
219	34	0
219	35	70
219	36	50
219	37	0
219	38	20
219	39	50
219	40	70
220	1	70
220	2	90
220	3	70
220	4	90
220	5	80
220	6	50
220	7	100
220	8	100
220	9	50
220	10	100
220	11	70
220	12	10
220	13	90
220	14	70
220	15	70
220	16	140
220	17	80
220	18	100
220	19	60
220	20	50
220	21	140
220	22	130
220	23	30
220	24	80
220	25	50
220	26	90
220	27	100
220	28	100
220	29	70
220	30	60
220	31	70
220	32	20
220	33	50
220	34	140
220	35	60
220	36	80
220	37	90
220	38	80
220	39	50
220	40	70
221	1	50
221	2	70
221	3	90
221	4	110
221	5	90
221	6	40
221	7	70
221	8	90
221	9	90
221	10	70
221	11	90
221	12	0
221	13	110
221	14	50
221	15	70
221	16	70
221	17	50
221	18	50
221	19	50
221	20	70
221	21	90
221	22	90
221	23	0
221	24	90
221	25	50
221	26	110
221	27	50
221	28	110
221	29	70
221	30	70
221	31	50
221	32	60
221	33	20
221	34	70
221	35	70
221	36	70
221	37	50
221	38	50
221	39	20
221	40	70
222	1	70
222	2	70
222	3	70
222	4	70
222	5	70
222	6	90
222	7	70
222	8	40
222	9	50
222	10	70
222	11	70
222	12	50
222	13	90
222	14	70
222	15	70
222	16	90
222	17	20
222	18	70
222	19	50
222	20	50
222	21	90
222	22	110
222	23	50
222	24	90
222	25	50
222	26	90
222	27	70
222	28	110
222	29	0
222	30	70
222	31	20
222	32	70
222	33	50
222	34	40
222	35	70
222	36	70
222	37	20
222	38	0
222	39	70
222	40	70
223	1	60
223	2	90
223	3	100
223	4	140
223	5	100
223	6	50
223	7	60
223	8	80
223	9	90
223	10	100
223	11	90
223	12	10
223	13	140
223	14	60
223	15	80
223	16	100
223	17	60
223	18	60
223	19	60
223	20	80
223	21	100
223	22	90
223	23	10
223	24	100
223	25	60
223	26	110
223	27	60
223	28	120
223	29	70
223	30	80
223	31	60
223	32	60
223	33	50
223	34	100
223	35	80
223	36	60
223	37	70
223	38	80
223	39	50
223	40	80
224	1	50
224	2	50
224	3	70
224	4	70
224	5	60
224	6	60
224	7	60
224	8	10
224	9	70
224	10	80
224	11	50
224	12	60
224	13	70
224	14	50
224	15	50
224	16	60
224	17	10
224	18	60
224	19	60
224	20	70
224	21	60
224	22	50
224	23	60
224	24	80
224	25	50
224	26	50
224	27	60
224	28	80
224	29	0
224	30	80
224	31	0
224	32	70
224	33	60
224	34	10
224	35	80
224	36	60
224	37	0
224	38	10
224	39	60
224	40	70
225	1	80
225	2	50
225	3	60
225	4	60
225	5	60
225	6	30
225	7	60
225	8	60
225	9	50
225	10	60
225	11	50
225	12	10
225	13	60
225	14	80
225	15	60
225	16	80
225	17	80
225	18	80
225	19	60
225	20	60
225	21	60
225	22	70
225	23	10
225	24	60
225	25	60
225	26	50
225	27	80
225	28	60
225	29	50
225	30	60
225	31	80
225	32	0
225	33	10
225	34	80
225	35	60
225	36	60
225	37	70
225	38	60
225	39	30
225	40	60
226	1	70
226	2	70
226	3	90
226	4	70
226	5	80
226	6	50
226	7	80
226	8	50
226	9	70
226	10	70
226	11	70
226	12	10
226	13	70
226	14	70
226	15	70
226	16	100
226	17	80
226	18	90
226	19	50
226	20	50
226	21	80
226	22	90
226	23	40
226	24	60
226	25	70
226	26	90
226	27	90
226	28	60
226	29	110
226	30	50
226	31	70
226	32	20
226	33	70
226	34	100
226	35	60
226	36	50
226	37	70
226	38	60
226	39	50
226	40	70
227	1	50
227	2	70
227	3	110
227	4	110
227	5	90
227	6	90
227	7	70
227	8	20
227	9	90
227	10	90
227	11	90
227	12	50
227	13	110
227	14	50
227	15	70
227	16	90
227	17	0
227	18	70
227	19	50
227	20	70
227	21	90
227	22	110
227	23	70
227	24	90
227	25	50
227	26	110
227	27	70
227	28	110
227	29	40
227	30	70
227	31	0
227	32	110
227	33	90
227	34	40
227	35	70
227	36	50
227	37	0
227	38	0
227	39	70
227	40	90
228	1	50
228	2	70
228	3	90
228	4	110
228	5	80
228	6	30
228	7	80
228	8	80
228	9	90
228	10	100
228	11	70
228	12	10
228	13	110
228	14	50
228	15	50
228	16	80
228	17	60
228	18	60
228	19	60
228	20	70
228	21	100
228	22	50
228	23	10
228	24	80
228	25	50
228	26	70
228	27	60
228	28	80
228	29	70
228	30	80
228	31	50
228	32	40
228	33	50
228	34	80
228	35	80
228	36	80
228	37	70
228	38	80
228	39	50
228	40	70
229	1	80
229	2	70
229	3	120
229	4	100
229	5	80
229	6	50
229	7	80
229	8	60
229	9	70
229	10	120
229	11	70
229	12	10
229	13	120
229	14	80
229	15	60
229	16	120
229	17	80
229	18	100
229	19	60
229	20	60
229	21	100
229	22	90
229	23	30
229	24	80
229	25	60
229	26	70
229	27	100
229	28	80
229	29	90
229	30	80
229	31	80
229	32	20
229	33	70
229	34	120
229	35	80
229	36	60
229	37	90
229	38	80
229	39	70
229	40	100
230	1	80
230	2	70
230	3	120
230	4	120
230	5	80
230	6	120
230	7	80
230	8	30
230	9	70
230	10	120
230	11	70
230	12	60
230	13	120
230	14	80
230	15	60
230	16	120
230	17	30
230	18	100
230	19	60
230	20	60
230	21	100
230	22	110
230	23	80
230	24	80
230	25	60
230	26	90
230	27	100
230	28	100
230	29	40
230	30	80
230	31	30
230	32	70
230	33	120
230	34	90
230	35	80
230	36	60
230	37	40
230	38	30
230	39	120
230	40	100
231	1	70
231	2	50
231	3	90
231	4	90
231	5	80
231	6	70
231	7	100
231	8	90
231	9	70
231	10	70
231	11	70
231	12	10
231	13	70
231	14	70
231	15	50
231	16	100
231	17	80
231	18	90
231	19	50
231	20	50
231	21	100
231	22	110
231	23	20
231	24	60
231	25	50
231	26	90
231	27	90
231	28	80
231	29	90
231	30	50
231	31	70
231	32	20
231	33	50
231	34	120
231	35	60
231	36	70
231	37	70
231	38	60
231	39	50
231	40	70
232	1	70
232	2	90
232	3	90
232	4	70
232	5	100
232	6	100
232	7	80
232	8	10
232	9	70
232	10	80
232	11	90
232	12	60
232	13	90
232	14	70
232	15	90
232	16	120
232	17	30
232	18	100
232	19	60
232	20	50
232	21	100
232	22	110
232	23	100
232	24	80
232	25	70
232	26	110
232	27	100
232	28	80
232	29	60
232	30	60
232	31	20
232	32	90
232	33	120
232	34	50
232	35	60
232	36	60
232	37	20
232	38	10
232	39	100
232	40	70
233	1	70
233	2	70
233	3	70
233	4	50
233	5	80
233	6	80
233	7	60
233	8	0
233	9	50
233	10	70
233	11	70
233	12	60
233	13	90
233	14	70
233	15	70
233	16	100
233	17	30
233	18	70
233	19	50
233	20	50
233	21	80
233	22	90
233	23	50
233	24	100
233	25	50
233	26	70
233	27	70
233	28	100
233	29	0
233	30	70
233	31	20
233	32	70
233	33	60
233	34	30
233	35	80
233	36	50
233	37	20
233	38	10
233	39	80
233	40	70
234	1	60
234	2	70
234	3	100
234	4	80
234	5	80
234	6	10
234	7	100
234	8	80
234	9	70
234	10	100
234	11	70
234	12	10
234	13	100
234	14	60
234	15	80
234	16	100
234	17	60
234	18	80
234	19	60
234	20	80
234	21	120
234	22	90
234	23	30
234	24	100
234	25	60
234	26	70
234	27	80
234	28	100
234	29	70
234	30	80
234	31	60
234	32	40
234	33	30
234	34	80
234	35	80
234	36	80
234	37	50
234	38	60
234	39	10
234	40	100
235	1	80
235	2	70
235	3	120
235	4	120
235	5	80
235	6	120
235	7	100
235	8	50
235	9	70
235	10	120
235	11	70
235	12	60
235	13	120
235	14	80
235	15	60
235	16	120
235	17	30
235	18	100
235	19	60
235	20	60
235	21	120
235	22	110
235	23	80
235	24	80
235	25	60
235	26	90
235	27	100
235	28	100
235	29	40
235	30	80
235	31	30
235	32	70
235	33	120
235	34	90
235	35	80
235	36	80
235	37	40
235	38	30
235	39	120
235	40	100
236	1	80
236	2	50
236	3	100
236	4	80
236	5	80
236	6	50
236	7	60
236	8	60
236	9	70
236	10	80
236	11	70
236	12	10
236	13	100
236	14	80
236	15	60
236	16	80
236	17	80
236	18	80
236	19	60
236	20	60
236	21	60
236	22	70
236	23	10
236	24	80
236	25	60
236	26	70
236	27	80
236	28	80
236	29	70
236	30	80
236	31	80
236	32	20
236	33	30
236	34	80
236	35	80
236	36	60
236	37	70
236	38	60
236	39	50
236	40	80
237	1	70
237	2	70
237	3	90
237	4	70
237	5	60
237	6	100
237	7	100
237	8	50
237	9	50
237	10	100
237	11	50
237	12	60
237	13	70
237	14	70
237	15	70
237	16	100
237	17	30
237	18	100
237	19	60
237	20	50
237	21	100
237	22	110
237	23	100
237	24	80
237	25	70
237	26	90
237	27	100
237	28	100
237	29	40
237	30	80
237	31	20
237	32	50
237	33	100
237	34	70
237	35	80
237	36	80
237	37	20
237	38	10
237	39	80
237	40	90
238	1	50
238	2	50
238	3	70
238	4	90
238	5	60
238	6	30
238	7	80
238	8	100
238	9	70
238	10	80
238	11	50
238	12	10
238	13	70
238	14	50
238	15	50
238	16	60
238	17	60
238	18	60
238	19	60
238	20	70
238	21	80
238	22	70
238	23	10
238	24	80
238	25	50
238	26	70
238	27	60
238	28	100
238	29	50
238	30	80
238	31	50
238	32	20
238	33	10
238	34	80
238	35	80
238	36	80
238	37	50
238	38	60
238	39	10
238	40	70
239	1	70
239	2	90
239	3	50
239	4	70
239	5	60
239	6	80
239	7	60
239	8	0
239	9	50
239	10	70
239	11	50
239	12	60
239	13	70
239	14	70
239	15	70
239	16	100
239	17	30
239	18	70
239	19	50
239	20	50
239	21	80
239	22	70
239	23	70
239	24	60
239	25	70
239	26	70
239	27	70
239	28	60
239	29	20
239	30	50
239	31	20
239	32	50
239	33	100
239	34	50
239	35	60
239	36	50
239	37	40
239	38	30
239	39	100
239	40	50
240	1	50
240	2	70
240	3	70
240	4	70
240	5	70
240	6	50
240	7	50
240	8	0
240	9	70
240	10	70
240	11	70
240	12	50
240	13	90
240	14	50
240	15	70
240	16	70
240	17	0
240	18	50
240	19	50
240	20	70
240	21	70
240	22	70
240	23	50
240	24	90
240	25	50
240	26	70
240	27	50
240	28	90
240	29	0
240	30	70
240	31	0
240	32	90
240	33	50
240	34	0
240	35	70
240	36	50
240	37	0
240	38	0
240	39	50
240	40	70
241	1	70
241	2	90
241	3	90
241	4	110
241	5	100
241	6	120
241	7	80
241	8	50
241	9	70
241	10	100
241	11	90
241	12	60
241	13	130
241	14	70
241	15	70
241	16	120
241	17	30
241	18	80
241	19	60
241	20	50
241	21	120
241	22	110
241	23	60
241	24	100
241	25	50
241	26	110
241	27	80
241	28	120
241	29	20
241	30	80
241	31	20
241	32	90
241	33	100
241	34	70
241	35	80
241	36	80
241	37	40
241	38	30
241	39	120
241	40	70
242	1	60
242	2	70
242	3	100
242	4	140
242	5	80
242	6	50
242	7	60
242	8	80
242	9	90
242	10	100
242	11	70
242	12	10
242	13	120
242	14	60
242	15	60
242	16	80
242	17	60
242	18	60
242	19	60
242	20	80
242	21	80
242	22	70
242	23	10
242	24	80
242	25	60
242	26	90
242	27	60
242	28	100
242	29	70
242	30	80
242	31	60
242	32	40
242	33	50
242	34	100
242	35	80
242	36	60
242	37	70
242	38	80
242	39	50
242	40	80
243	1	70
243	2	70
243	3	70
243	4	50
243	5	50
243	6	70
243	7	70
243	8	0
243	9	50
243	10	70
243	11	50
243	12	50
243	13	50
243	14	70
243	15	70
243	16	90
243	17	20
243	18	90
243	19	50
243	20	50
243	21	70
243	22	90
243	23	90
243	24	50
243	25	70
243	26	70
243	27	90
243	28	50
243	29	40
243	30	50
243	31	20
243	32	50
243	33	90
243	34	40
243	35	50
243	36	50
243	37	20
243	38	0
243	39	70
243	40	70
244	1	70
244	2	110
244	3	90
244	4	90
244	5	80
244	6	50
244	7	100
244	8	100
244	9	50
244	10	120
244	11	70
244	12	10
244	13	110
244	14	70
244	15	90
244	16	140
244	17	80
244	18	100
244	19	60
244	20	50
244	21	140
244	22	130
244	23	50
244	24	100
244	25	70
244	26	110
244	27	100
244	28	120
244	29	90
244	30	80
244	31	70
244	32	20
244	33	70
244	34	140
244	35	80
244	36	80
244	37	90
244	38	80
244	39	50
244	40	90
245	1	70
245	2	50
245	3	90
245	4	50
245	5	60
245	6	80
245	7	80
245	8	0
245	9	50
245	10	90
245	11	50
245	12	60
245	13	70
245	14	70
245	15	50
245	16	100
245	17	30
245	18	90
245	19	50
245	20	50
245	21	80
245	22	90
245	23	70
245	24	80
245	25	50
245	26	50
245	27	90
245	28	80
245	29	20
245	30	70
245	31	20
245	32	50
245	33	80
245	34	50
245	35	80
245	36	50
245	37	20
245	38	10
245	39	80
245	40	90
246	1	80
246	2	90
246	3	100
246	4	120
246	5	80
246	6	70
246	7	80
246	8	80
246	9	70
246	10	100
246	11	70
246	12	10
246	13	100
246	14	80
246	15	80
246	16	120
246	17	80
246	18	100
246	19	60
246	20	60
246	21	100
246	22	110
246	23	50
246	24	60
246	25	80
246	26	110
246	27	100
246	28	80
246	29	110
246	30	60
246	31	80
246	32	20
246	33	90
246	34	140
246	35	60
246	36	60
246	37	90
246	38	80
246	39	70
246	40	80
247	1	80
247	2	50
247	3	60
247	4	60
247	5	60
247	6	30
247	7	60
247	8	60
247	9	50
247	10	60
247	11	50
247	12	10
247	13	60
247	14	80
247	15	60
247	16	80
247	17	80
247	18	80
247	19	60
247	20	60
247	21	60
247	22	70
247	23	10
247	24	60
247	25	60
247	26	50
247	27	80
247	28	60
247	29	50
247	30	60
247	31	80
247	32	0
247	33	10
247	34	80
247	35	60
247	36	60
247	37	70
247	38	60
247	39	30
247	40	60
248	1	50
248	2	50
248	3	70
248	4	70
248	5	50
248	6	0
248	7	50
248	8	50
248	9	70
248	10	70
248	11	50
248	12	0
248	13	70
248	14	50
248	15	50
248	16	50
248	17	50
248	18	50
248	19	50
248	20	70
248	21	50
248	22	50
248	23	0
248	24	70
248	25	50
248	26	50
248	27	50
248	28	70
248	29	50
248	30	70
248	31	50
248	32	20
248	33	0
248	34	50
248	35	70
248	36	50
248	37	50
248	38	50
248	39	0
248	40	70
249	1	50
249	2	70
249	3	70
249	4	90
249	5	60
249	6	10
249	7	80
249	8	70
249	9	70
249	10	90
249	11	50
249	12	10
249	13	90
249	14	50
249	15	50
249	16	80
249	17	60
249	18	50
249	19	50
249	20	70
249	21	100
249	22	50
249	23	0
249	24	80
249	25	50
249	26	50
249	27	50
249	28	80
249	29	50
249	30	70
249	31	50
249	32	20
249	33	30
249	34	80
249	35	80
249	36	70
249	37	70
249	38	80
249	39	30
249	40	70
250	1	50
250	2	50
250	3	90
250	4	70
250	5	80
250	6	30
250	7	80
250	8	70
250	9	50
250	10	90
250	11	70
250	12	30
250	13	70
250	14	50
250	15	50
250	16	80
250	17	60
250	18	70
250	19	70
250	20	50
250	21	80
250	22	90
250	23	20
250	24	80
250	25	50
250	26	70
250	27	70
250	28	100
250	29	70
250	30	70
250	31	50
250	32	0
250	33	30
250	34	100
250	35	80
250	36	50
250	37	50
250	38	80
250	39	10
250	40	90
