p	r	R_p
1	1	1
1	2	1
1	3	1
1	4	1
1	5	1
1	6	1
1	7	1
1	8	1
1	9	1
1	10	1
1	11	1
1	12	1
1	13	1
1	14	1
1	15	1
1	16	1
1	17	1
1	18	1
1	19	1
1	20	1
1	21	1
1	22	1
1	23	1
1	24	1
1	25	1
1	26	1
1	27	1
1	28	1
1	29	1
1	30	1
1	31	1
1	32	1
1	33	1
1	34	1
1	35	1
1	36	1
1	37	1
1	38	1
1	39	1
1	40	1
2	1	1
2	2	1
2	3	0
2	4	0
2	5	0
2	6	1
2	7	0
2	8	0
2	9	0
2	10	1
2	11	0
2	12	0
2	13	0
2	14	1
2	15	1
2	16	0
2	17	1
2	18	0
2	19	0
2	20	0
2	21	0
2	22	1
2	23	0
2	24	0
2	25	1
2	26	0
2	27	0
2	28	0
2	29	1
2	30	1
2	31	1
2	32	1
2	33	0
2	34	0
2	35	0
2	36	0
2	37	0
2	38	1
2	39	0
2	40	1
3	1	1
3	2	1
3	3	0
3	4	0
3	5	1
3	6	1
3	7	0
3	8	0
3	9	1
3	10	1
3	11	0
3	12	1
3	13	0
3	14	1
3	15	0
3	16	0
3	17	1
3	18	0
3	19	0
3	20	0
3	21	0
3	22	1
3	23	0
3	24	0
3	25	1
3	26	0
3	27	0
3	28	0
3	29	1
3	30	1
3	31	1
3	32	1
3	33	0
3	34	1
3	35	0
3	36	0
3	37	0
3	38	0
3	39	0
3	40	1
4	1	0
4	2	0
4	3	0
4	4	1
4	5	0
4	6	0
4	7	1
4	8	0
4	9	0
4	10	0
4	11	0
4	12	0
4	13	0
4	14	0
4	15	1
4	16	0
4	17	0
4	18	0
4	19	1
4	20	0
4	21	0
4	22	0
4	23	0
4	24	0
4	25	0
4	26	0
4	27	0
4	28	0
4	29	0
4	30	0
4	31	0
4	32	0
4	33	0
4	34	0
4	35	0
4	36	0
4	37	0
4	38	1
4	39	0
4	40	0
5	1	0
5	2	0
5	3	1
5	4	0
5	5	1
5	6	0
5	7	0
5	8	0
5	9	0
5	10	0
5	11	1
5	12	0
5	13	0
5	14	0
5	15	0
5	16	0
5	17	0
5	18	1
5	19	0
5	20	1
5	21	1
5	22	0
5	23	0
5	24	1
5	25	0
5	26	0
5	27	1
5	28	0
5	29	0
5	30	0
5	31	0
5	32	0
5	33	0
5	34	1
5	35	1
5	36	0
5	37	1
5	38	0
5	39	1
5	40	0
6	1	1
6	2	1
6	3	0
6	4	1
6	5	1
6	6	1
6	7	1
6	8	0
6	9	1
6	10	1
6	11	0
6	12	1
6	13	0
6	14	1
6	15	1
6	16	0
6	17	1
6	18	0
6	19	1
6	20	0
6	21	0
6	22	1
6	23	1
6	24	0
6	25	1
6	26	0
6	27	0
6	28	0
6	29	1
6	30	1
6	31	1
6	32	1
6	33	0
6	34	1
6	35	0
6	36	0
6	37	0
6	38	1
6	39	0
6	40	1
7	1	1
7	2	1
7	3	0
7	4	1
7	5	1
7	6	1
7	7	1
7	8	0
7	9	1
7	10	1
7	11	0
7	12	1
7	13	0
7	14	1
7	15	1
7	16	0
7	17	1
7	18	0
7	19	1
7	20	0
7	21	0
7	22	1
7	23	1
7	24	0
7	25	1
7	26	0
7	27	0
7	28	0
7	29	1
7	30	1
7	31	1
7	32	1
7	33	0
7	34	1
7	35	0
7	36	0
7	37	0
7	38	1
7	39	0
7	40	1
8	1	1
8	2	1
8	3	0
8	4	1
8	5	1
8	6	1
8	7	1
8	8	0
8	9	1
8	10	1
8	11	0
8	12	1
8	13	0
8	14	1
8	15	1
8	16	0
8	17	1
8	18	0
8	19	1
8	20	0
8	21	0
8	22	1
8	23	1
8	24	0
8	25	1
8	26	0
8	27	0
8	28	0
8	29	1
8	30	1
8	31	1
8	32	1
8	33	0
8	34	1
8	35	0
8	36	0
8	37	0
8	38	1
8	39	0
8	40	1
9	1	0
9	2	0
9	3	0
9	4	0
9	5	1
9	6	1
9	7	1
9	8	0
9	9	0
9	10	1
9	11	0
9	12	1
9	13	0
9	14	0
9	15	0
9	16	0
9	17	1
9	18	0
9	19	1
9	20	0
9	21	0
9	22	1
9	23	1
9	24	0
9	25	0
9	26	0
9	27	0
9	28	0
9	29	1
9	30	1
9	31	1
9	32	0
9	33	0
9	34	0
9	35	0
9	36	0
9	37	0
9	38	0
9	39	0
9	40	1
10	1	0
10	2	0
10	3	0
10	4	1
10	5	0
10	6	0
10	7	1
10	8	0
10	9	0
10	10	0
10	11	0
10	12	0
10	13	0
10	14	0
10	15	1
10	16	0
10	17	0
10	18	0
10	19	1
10	20	0
10	21	0
10	22	0
10	23	1
10	24	0
10	25	0
10	26	0
10	27	0
10	28	0
10	29	0
10	30	0
10	31	0
10	32	0
10	33	0
10	34	0
10	35	0
10	36	0
10	37	0
10	38	1
10	39	0
10	40	0
11	1	1
11	2	1
11	3	1
11	4	1
11	5	1
11	6	1
11	7	1
11	8	1
11	9	1
11	10	1
11	11	1
11	12	1
11	13	1
11	14	1
11	15	1
11	16	1
11	17	1
11	18	1
11	19	1
11	20	1
11	21	1
11	22	1
11	23	1
11	24	1
11	25	1
11	26	1
11	27	1
11	28	1
11	29	1
11	30	1
11	31	1
11	32	1
11	33	1
11	34	1
11	35	1
11	36	1
11	37	1
11	38	1
11	39	1
11	40	1
12	1	1
12	2	1
12	3	0
12	4	1
12	5	0
12	6	1
12	7	1
12	8	0
12	9	1
12	10	1
12	11	0
12	12	1
12	13	0
12	14	1
12	15	1
12	16	0
12	17	1
12	18	0
12	19	1
12	20	0
12	21	0
12	22	1
12	23	1
12	24	0
12	25	1
12	26	0
12	27	0
12	28	0
12	29	1
12	30	1
12	31	1
12	32	1
12	33	0
12	34	0
12	35	0
12	36	0
12	37	0
12	38	1
12	39	0
12	40	1
13	1	1
13	2	1
13	3	0
13	4	1
13	5	0
13	6	1
13	7	1
13	8	0
13	9	1
13	10	1
13	11	0
13	12	1
13	13	0
13	14	1
13	15	1
13	16	0
13	17	1
13	18	0
13	19	1
13	20	0
13	21	0
13	22	1
13	23	1
13	24	0
13	25	1
13	26	0
13	27	0
13	28	0
13	29	1
13	30	1
13	31	1
13	32	1
13	33	0
13	34	0
13	35	0
13	36	0
13	37	0
13	38	1
13	39	0
13	40	1
14	1	1
14	2	1
14	3	0
14	4	1
14	5	0
14	6	1
14	7	1
14	8	0
14	9	1
14	10	1
14	11	0
14	12	1
14	13	0
14	14	1
14	15	1
14	16	0
14	17	1
14	18	0
14	19	1
14	20	0
14	21	0
14	22	1
14	23	1
14	24	0
14	25	1
14	26	0
14	27	0
14	28	0
14	29	1
14	30	1
14	31	1
14	32	1
14	33	0
14	34	0
14	35	0
14	36	0
14	37	0
14	38	1
14	39	0
14	40	1
15	1	1
15	2	1
15	3	1
15	4	1
15	5	1
15	6	1
15	7	1
15	8	1
15	9	1
15	10	1
15	11	1
15	12	1
15	13	1
15	14	1
15	15	1
15	16	1
15	17	1
15	18	1
15	19	1
15	20	1
15	21	1
15	22	1
15	23	1
15	24	1
15	25	1
15	26	1
15	27	1
15	28	1
15	29	1
15	30	1
15	31	1
15	32	1
15	33	1
15	34	1
15	35	1
15	36	1
15	37	1
15	38	1
15	39	1
15	40	1
16	1	1
16	2	1
16	3	0
16	4	0
16	5	1
16	6	1
16	7	0
16	8	0
16	9	1
16	10	1
16	11	0
16	12	1
16	13	0
16	14	1
16	15	0
16	16	0
16	17	1
16	18	0
16	19	0
16	20	0
16	21	0
16	22	1
16	23	0
16	24	0
16	25	1
16	26	0
16	27	0
16	28	0
16	29	1
16	30	1
16	31	1
16	32	1
16	33	0
16	34	1
16	35	0
16	36	0
16	37	0
16	38	0
16	39	0
16	40	1
17	1	1
17	2	1
17	3	1
17	4	1
17	5	0
17	6	1
17	7	1
17	8	1
17	9	1
17	10	1
17	11	1
17	12	1
17	13	1
17	14	1
17	15	1
17	16	1
17	17	1
17	18	1
17	19	1
17	20	1
17	21	1
17	22	1
17	23	1
17	24	1
17	25	1
17	26	1
17	27	1
17	28	1
17	29	1
17	30	1
17	31	1
17	32	1
17	33	1
17	34	0
17	35	1
17	36	1
17	37	1
17	38	1
17	39	1
17	40	1
18	1	0
18	2	0
18	3	0
18	4	0
18	5	0
18	6	0
18	7	0
18	8	0
18	9	0
18	10	0
18	11	1
18	12	0
18	13	1
18	14	0
18	15	0
18	16	1
18	17	0
18	18	0
18	19	0
18	20	0
18	21	0
18	22	0
18	23	1
18	24	0
18	25	0
18	26	0
18	27	1
18	28	0
18	29	0
18	30	0
18	31	0
18	32	0
18	33	0
18	34	0
18	35	0
18	36	0
18	37	0
18	38	0
18	39	0
18	40	0
19	1	1
19	2	1
19	3	0
19	4	1
19	5	1
19	6	1
19	7	1
19	8	0
19	9	1
19	10	1
19	11	0
19	12	1
19	13	0
19	14	1
19	15	1
19	16	0
19	17	1
19	18	0
19	19	1
19	20	0
19	21	0
19	22	1
19	23	1
19	24	0
19	25	1
19	26	0
19	27	0
19	28	0
19	29	1
19	30	1
19	31	1
19	32	1
19	33	0
19	34	1
19	35	0
19	36	0
19	37	0
19	38	1
19	39	0
19	40	1
20	1	1
20	2	1
20	3	0
20	4	0
20	5	1
20	6	1
20	7	0
20	8	0
20	9	1
20	10	0
20	11	0
20	12	1
20	13	0
20	14	1
20	15	0
20	16	0
20	17	1
20	18	0
20	19	0
20	20	0
20	21	0
20	22	0
20	23	0
20	24	0
20	25	1
20	26	0
20	27	0
20	28	0
20	29	1
20	30	1
20	31	1
20	32	1
20	33	0
20	34	1
20	35	0
20	36	0
20	37	0
20	38	0
20	39	0
20	40	1
21	1	0
21	2	1
21	3	0
21	4	0
21	5	0
21	6	0
21	7	0
21	8	0
21	9	1
21	10	1
21	11	0
21	12	1
21	13	0
21	14	1
21	15	0
21	16	0
21	17	1
21	18	0
21	19	0
21	20	0
21	21	0
21	22	1
21	23	0
21	24	0
21	25	0
21	26	0
21	27	0
21	28	0
21	29	0
21	30	1
21	31	0
21	32	0
21	33	0
21	34	0
21	35	0
21	36	0
21	37	0
21	38	1
21	39	0
21	40	0
22	1	1
22	2	1
22	3	0
22	4	1
22	5	0
22	6	1
22	7	1
22	8	0
22	9	1
22	10	1
22	11	0
22	12	1
22	13	0
22	14	1
22	15	1
22	16	0
22	17	1
22	18	0
22	19	1
22	20	0
22	21	0
22	22	1
22	23	1
22	24	0
22	25	1
22	26	0
22	27	0
22	28	0
22	29	1
22	30	1
22	31	1
22	32	1
22	33	0
22	34	0
22	35	0
22	36	0
22	37	0
22	38	1
22	39	0
22	40	1
23	1	1
23	2	1
23	3	0
23	4	1
23	5	0
23	6	1
23	7	1
23	8	0
23	9	1
23	10	1
23	11	0
23	12	1
23	13	0
23	14	1
23	15	1
23	16	0
23	17	1
23	18	0
23	19	1
23	20	0
23	21	0
23	22	1
23	23	1
23	24	0
23	25	1
23	26	0
23	27	0
23	28	0
23	29	1
23	30	1
23	31	1
23	32	1
23	33	0
23	34	0
23	35	0
23	36	0
23	37	0
23	38	1
23	39	0
23	40	1
24	1	1
24	2	1
24	3	1
24	4	1
24	5	0
24	6	1
24	7	1
24	8	0
24	9	1
24	10	1
24	11	1
24	12	1
24	13	0
24	14	1
24	15	1
24	16	0
24	17	1
24	18	0
24	19	1
24	20	0
24	21	0
24	22	1
24	23	1
24	24	0
24	25	1
24	26	0
24	27	1
24	28	0
24	29	1
24	30	1
24	31	1
24	32	1
24	33	0
24	34	0
24	35	0
24	36	0
24	37	0
24	38	1
24	39	0
24	40	1
25	1	0
25	2	0
25	3	1
25	4	0
25	5	1
25	6	0
25	7	0
25	8	0
25	9	0
25	10	0
25	11	1
25	12	0
25	13	0
25	14	0
25	15	0
25	16	0
25	17	0
25	18	0
25	19	0
25	20	0
25	21	1
25	22	0
25	23	0
25	24	1
25	25	0
25	26	0
25	27	1
25	28	0
25	29	0
25	30	0
25	31	0
25	32	0
25	33	0
25	34	1
25	35	1
25	36	0
25	37	1
25	38	0
25	39	0
25	40	0
26	1	1
26	2	1
26	3	0
26	4	1
26	5	0
26	6	1
26	7	1
26	8	1
26	9	1
26	10	1
26	11	0
26	12	1
26	13	1
26	14	1
26	15	1
26	16	1
26	17	1
26	18	0
26	19	1
26	20	0
26	21	0
26	22	1
26	23	1
26	24	0
26	25	1
26	26	1
26	27	0
26	28	1
26	29	1
26	30	1
26	31	1
26	32	1
26	33	1
26	34	0
26	35	0
26	36	1
26	37	0
26	38	1
26	39	0
26	40	1
27	1	1
27	2	1
27	3	0
27	4	1
27	5	0
27	6	1
27	7	1
27	8	0
27	9	1
27	10	1
27	11	0
27	12	1
27	13	0
27	14	1
27	15	1
27	16	0
27	17	1
27	18	0
27	19	1
27	20	0
27	21	0
27	22	1
27	23	1
27	24	0
27	25	1
27	26	0
27	27	0
27	28	0
27	29	1
27	30	1
27	31	1
27	32	1
27	33	0
27	34	0
27	35	0
27	36	0
27	37	0
27	38	1
27	39	0
27	40	1
28	1	1
28	2	1
28	3	0
28	4	1
28	5	0
28	6	1
28	7	1
28	8	0
28	9	1
28	10	1
28	11	0
28	12	1
28	13	0
28	14	1
28	15	1
28	16	0
28	17	1
28	18	0
28	19	1
28	20	0
28	21	0
28	22	1
28	23	1
28	24	0
28	25	1
28	26	0
28	27	0
28	28	0
28	29	1
28	30	1
28	31	1
28	32	1
28	33	0
28	34	0
28	35	0
28	36	0
28	37	0
28	38	1
28	39	0
28	40	1
29	1	1
29	2	1
29	3	0
29	4	1
29	5	0
29	6	1
29	7	1
29	8	0
29	9	1
29	10	1
29	11	0
29	12	1
29	13	0
29	14	1
29	15	1
29	16	0
29	17	1
29	18	0
29	19	1
29	20	0
29	21	0
29	22	1
29	23	1
29	24	0
29	25	1
29	26	0
29	27	0
29	28	0
29	29	1
29	30	1
29	31	1
29	32	1
29	33	0
29	34	0
29	35	0
29	36	0
29	37	0
29	38	1
29	39	0
29	40	1
30	1	1
30	2	1
30	3	0
30	4	1
30	5	0
30	6	1
30	7	1
30	8	0
30	9	1
30	10	1
30	11	0
30	12	1
30	13	0
30	14	1
30	15	1
30	16	0
30	17	1
30	18	0
30	19	1
30	20	0
30	21	0
30	22	1
30	23	1
30	24	0
30	25	1
30	26	0
30	27	0
30	28	0
30	29	1
30	30	1
30	31	1
30	32	1
30	33	0
30	34	0
30	35	0
30	36	0
30	37	0
30	38	1
30	39	0
30	40	1
31	1	1
31	2	1
31	3	0
31	4	1
31	5	0
31	6	1
31	7	1
31	8	0
31	9	1
31	10	1
31	11	0
31	12	1
31	13	0
31	14	1
31	15	1
31	16	0
31	17	1
31	18	0
31	19	1
31	20	0
31	21	0
31	22	1
31	23	1
31	24	0
31	25	1
31	26	0
31	27	0
31	28	0
31	29	1
31	30	1
31	31	1
31	32	1
31	33	0
31	34	0
31	35	0
31	36	0
31	37	0
31	38	1
31	39	0
31	40	1
32	1	1
32	2	1
32	3	0
32	4	1
32	5	1
32	6	1
32	7	1
32	8	0
32	9	1
32	10	1
32	11	0
32	12	1
32	13	0
32	14	1
32	15	1
32	16	0
32	17	1
32	18	0
32	19	1
32	20	0
32	21	0
32	22	1
32	23	1
32	24	0
32	25	1
32	26	0
32	27	0
32	28	0
32	29	1
32	30	1
32	31	1
32	32	1
32	33	0
32	34	1
32	35	0
32	36	0
32	37	0
32	38	1
32	39	0
32	40	1
33	1	1
33	2	1
33	3	1
33	4	0
33	5	1
33	6	1
33	7	0
33	8	1
33	9	1
33	10	1
33	11	1
33	12	1
33	13	1
33	14	1
33	15	0
33	16	1
33	17	1
33	18	0
33	19	0
33	20	0
33	21	0
33	22	1
33	23	0
33	24	0
33	25	1
33	26	1
33	27	1
33	28	1
33	29	1
33	30	1
33	31	1
33	32	1
33	33	1
33	34	1
33	35	0
33	36	1
33	37	0
33	38	0
33	39	0
33	40	1
34	1	1
34	2	1
34	3	1
34	4	1
34	5	1
34	6	1
34	7	1
34	8	1
34	9	1
34	10	1
34	11	1
34	12	1
34	13	1
34	14	1
34	15	1
34	16	1
34	17	1
34	18	1
34	19	1
34	20	1
34	21	1
34	22	1
34	23	1
34	24	1
34	25	1
34	26	1
34	27	1
34	28	1
34	29	1
34	30	1
34	31	1
34	32	1
34	33	1
34	34	1
34	35	1
34	36	1
34	37	1
34	38	1
34	39	1
34	40	1
35	1	0
35	2	0
35	3	0
35	4	1
35	5	0
35	6	0
35	7	1
35	8	0
35	9	0
35	10	0
35	11	0
35	12	0
35	13	0
35	14	0
35	15	1
35	16	0
35	17	0
35	18	0
35	19	1
35	20	0
35	21	0
35	22	0
35	23	1
35	24	0
35	25	0
35	26	0
35	27	0
35	28	0
35	29	0
35	30	0
35	31	0
35	32	0
35	33	0
35	34	0
35	35	0
35	36	0
35	37	0
35	38	1
35	39	0
35	40	0
36	1	0
36	2	0
36	3	0
36	4	1
36	5	0
36	6	0
36	7	1
36	8	0
36	9	0
36	10	0
36	11	0
36	12	0
36	13	0
36	14	0
36	15	1
36	16	0
36	17	0
36	18	0
36	19	1
36	20	0
36	21	0
36	22	0
36	23	1
36	24	0
36	25	0
36	26	0
36	27	0
36	28	0
36	29	0
36	30	0
36	31	0
36	32	0
36	33	0
36	34	0
36	35	0
36	36	0
36	37	0
36	38	1
36	39	0
36	40	0
37	1	0
37	2	0
37	3	0
37	4	0
37	5	1
37	6	0
37	7	0
37	8	0
37	9	0
37	10	0
37	11	1
37	12	0
37	13	0
37	14	0
37	15	0
37	16	0
37	17	0
37	18	1
37	19	0
37	20	1
37	21	1
37	22	0
37	23	0
37	24	1
37	25	0
37	26	0
37	27	1
37	28	0
37	29	0
37	30	0
37	31	0
37	32	0
37	33	0
37	34	0
37	35	1
37	36	0
37	37	1
37	38	0
37	39	1
37	40	0
38	1	0
38	2	0
38	3	0
38	4	1
38	5	1
38	6	1
38	7	0
38	8	0
38	9	0
38	10	1
38	11	0
38	12	1
38	13	0
38	14	1
38	15	0
38	16	0
38	17	1
38	18	0
38	19	0
38	20	0
38	21	0
38	22	1
38	23	1
38	24	0
38	25	0
38	26	0
38	27	0
38	28	0
38	29	1
38	30	1
38	31	1
38	32	0
38	33	0
38	34	0
38	35	0
38	36	0
38	37	0
38	38	1
38	39	0
38	40	0
39	1	0
39	2	0
39	3	0
39	4	0
39	5	1
39	6	1
39	7	1
39	8	0
39	9	0
39	10	1
39	11	1
39	12	1
39	13	0
39	14	0
39	15	0
39	16	0
39	17	1
39	18	1
39	19	1
39	20	1
39	21	1
39	22	1
39	23	1
39	24	1
39	25	0
39	26	0
39	27	1
39	28	0
39	29	1
39	30	1
39	31	1
39	32	0
39	33	0
39	34	0
39	35	1
39	36	0
39	37	1
39	38	0
39	39	1
39	40	1
40	1	0
40	2	0
40	3	0
40	4	0
40	5	0
40	6	0
40	7	1
40	8	1
40	9	0
40	10	0
40	11	1
40	12	0
40	13	1
40	14	0
40	15	0
40	16	1
40	17	0
40	18	0
40	19	1
40	20	0
40	21	0
40	22	0
40	23	1
40	24	0
40	25	0
40	26	0
40	27	1
40	28	0
40	29	0
40	30	0
40	31	0
40	32	0
40	33	0
40	34	0
40	35	0
40	36	0
40	37	0
40	38	0
40	39	0
40	40	0
41	1	0
41	2	0
41	3	0
41	4	1
41	5	0
41	6	1
41	7	0
41	8	0
41	9	0
41	10	1
41	11	0
41	12	1
41	13	0
41	14	1
41	15	0
41	16	0
41	17	1
41	18	0
41	19	0
41	20	0
41	21	0
41	22	1
41	23	1
41	24	0
41	25	0
41	26	0
41	27	0
41	28	0
41	29	1
41	30	1
41	31	1
41	32	0
41	33	0
41	34	0
41	35	0
41	36	0
41	37	0
41	38	1
41	39	0
41	40	0
42	1	1
42	2	1
42	3	1
42	4	1
42	5	0
42	6	1
42	7	1
42	8	0
42	9	1
42	10	1
42	11	1
42	12	1
42	13	0
42	14	1
42	15	1
42	16	0
42	17	1
42	18	0
42	19	1
42	20	0
42	21	0
42	22	1
42	23	1
42	24	0
42	25	1
42	26	0
42	27	1
42	28	0
42	29	1
42	30	1
42	31	1
42	32	1
42	33	0
42	34	0
42	35	0
42	36	0
42	37	0
42	38	1
42	39	0
42	40	1
43	1	1
43	2	1
43	3	0
43	4	0
43	5	1
43	6	1
43	7	0
43	8	0
43	9	1
43	10	1
43	11	0
43	12	1
43	13	0
43	14	1
43	15	0
43	16	0
43	17	1
43	18	0
43	19	0
43	20	0
43	21	0
43	22	1
43	23	0
43	24	0
43	25	1
43	26	0
43	27	0
43	28	0
43	29	1
43	30	1
43	31	1
43	32	1
43	33	0
43	34	1
43	35	0
43	36	0
43	37	0
43	38	0
43	39	0
43	40	1
44	1	1
44	2	1
44	3	0
44	4	1
44	5	0
44	6	1
44	7	1
44	8	0
44	9	1
44	10	1
44	11	0
44	12	1
44	13	0
44	14	1
44	15	1
44	16	0
44	17	1
44	18	0
44	19	1
44	20	0
44	21	0
44	22	1
44	23	1
44	24	0
44	25	1
44	26	0
44	27	0
44	28	0
44	29	1
44	30	1
44	31	1
44	32	1
44	33	0
44	34	0
44	35	0
44	36	0
44	37	0
44	38	1
44	39	0
44	40	1
45	1	0
45	2	0
45	3	0
45	4	0
45	5	0
45	6	1
45	7	0
45	8	0
45	9	0
45	10	1
45	11	0
45	12	0
45	13	1
45	14	1
45	15	0
45	16	1
45	17	1
45	18	0
45	19	0
45	20	0
45	21	0
45	22	1
45	23	0
45	24	1
45	25	0
45	26	0
45	27	1
45	28	0
45	29	1
45	30	1
45	31	1
45	32	0
45	33	1
45	34	0
45	35	1
45	36	0
45	37	1
45	38	1
45	39	1
45	40	0
46	1	1
46	2	1
46	3	0
46	4	1
46	5	0
46	6	1
46	7	1
46	8	0
46	9	1
46	10	0
46	11	0
46	12	1
46	13	0
46	14	1
46	15	1
46	16	0
46	17	1
46	18	0
46	19	1
46	20	0
46	21	0
46	22	0
46	23	0
46	24	0
46	25	1
46	26	0
46	27	0
46	28	0
46	29	1
46	30	1
46	31	1
46	32	1
46	33	0
46	34	0
46	35	0
46	36	0
46	37	0
46	38	1
46	39	0
46	40	1
47	1	1
47	2	1
47	3	0
47	4	1
47	5	0
47	6	1
47	7	1
47	8	0
47	9	1
47	10	1
47	11	0
47	12	1
47	13	0
47	14	1
47	15	1
47	16	0
47	17	1
47	18	0
47	19	1
47	20	0
47	21	0
47	22	1
47	23	1
47	24	0
47	25	1
47	26	0
47	27	0
47	28	0
47	29	1
47	30	1
47	31	1
47	32	1
47	33	0
47	34	0
47	35	0
47	36	0
47	37	0
47	38	1
47	39	0
47	40	1
48	1	1
48	2	1
48	3	1
48	4	1
48	5	0
48	6	1
48	7	1
48	8	1
48	9	1
48	10	1
48	11	1
48	12	1
48	13	1
48	14	1
48	15	1
48	16	1
48	17	1
48	18	1
48	19	1
48	20	1
48	21	1
48	22	1
48	23	1
48	24	1
48	25	1
48	26	1
48	27	1
48	28	1
48	29	1
48	30	1
48	31	1
48	32	1
48	33	1
48	34	0
48	35	1
48	36	1
48	37	1
48	38	1
48	39	1
48	40	1
49	1	1
49	2	1
49	3	1
49	4	1
49	5	0
49	6	1
49	7	1
49	8	1
49	9	1
49	10	1
49	11	1
49	12	1
49	13	1
49	14	1
49	15	1
49	16	1
49	17	1
49	18	1
49	19	1
49	20	1
49	21	1
49	22	1
49	23	1
49	24	1
49	25	1
49	26	1
49	27	1
49	28	1
49	29	1
49	30	1
49	31	1
49	32	1
49	33	1
49	34	0
49	35	1
49	36	1
49	37	1
49	38	1
49	39	1
49	40	1
50	1	0
50	2	0
50	3	0
50	4	0
50	5	1
50	6	0
50	7	0
50	8	0
50	9	0
50	10	0
50	11	0
50	12	0
50	13	0
50	14	0
50	15	0
50	16	0
50	17	0
50	18	0
50	19	0
50	20	0
50	21	0
50	22	0
50	23	0
50	24	0
50	25	0
50	26	0
50	27	0
50	28	0
50	29	0
50	30	0
50	31	0
50	32	0
50	33	0
50	34	1
50	35	0
50	36	0
50	37	0
50	38	0
50	39	0
50	40	0
51	1	1
51	2	1
51	3	0
51	4	1
51	5	1
51	6	1
51	7	1
51	8	0
51	9	1
51	10	1
51	11	0
51	12	1
51	13	0
51	14	1
51	15	1
51	16	0
51	17	1
51	18	0
51	19	1
51	20	0
51	21	0
51	22	1
51	23	1
51	24	0
51	25	1
51	26	0
51	27	0
51	28	0
51	29	1
51	30	1
51	31	1
51	32	1
51	33	0
51	34	1
51	35	0
51	36	0
51	37	0
51	38	1
51	39	0
51	40	1
52	1	1
52	2	1
52	3	0
52	4	1
52	5	1
52	6	1
52	7	1
52	8	0
52	9	1
52	10	0
52	11	0
52	12	1
52	13	0
52	14	1
52	15	1
52	16	0
52	17	1
52	18	0
52	19	1
52	20	0
52	21	0
52	22	0
52	23	0
52	24	0
52	25	1
52	26	0
52	27	0
52	28	0
52	29	1
52	30	1
52	31	1
52	32	1
52	33	0
52	34	1
52	35	0
52	36	0
52	37	0
52	38	1
52	39	0
52	40	1
53	1	1
53	2	1
53	3	0
53	4	1
53	5	0
53	6	1
53	7	1
53	8	0
53	9	1
53	10	1
53	11	0
53	12	1
53	13	0
53	14	1
53	15	1
53	16	0
53	17	1
53	18	0
53	19	1
53	20	0
53	21	0
53	22	1
53	23	1
53	24	0
53	25	1
53	26	0
53	27	0
53	28	0
53	29	1
53	30	1
53	31	1
53	32	1
53	33	0
53	34	0
53	35	0
53	36	0
53	37	0
53	38	1
53	39	0
53	40	1
54	1	1
54	2	1
54	3	1
54	4	1
54	5	1
54	6	1
54	7	1
54	8	0
54	9	1
54	10	1
54	11	1
54	12	1
54	13	0
54	14	1
54	15	1
54	16	0
54	17	1
54	18	1
54	19	1
54	20	1
54	21	1
54	22	1
54	23	1
54	24	1
54	25	1
54	26	0
54	27	1
54	28	0
54	29	1
54	30	1
54	31	1
54	32	1
54	33	0
54	34	1
54	35	1
54	36	0
54	37	1
54	38	1
54	39	1
54	40	1
55	1	1
55	2	1
55	3	0
55	4	1
55	5	1
55	6	1
55	7	1
55	8	0
55	9	1
55	10	1
55	11	0
55	12	1
55	13	0
55	14	1
55	15	1
55	16	0
55	17	1
55	18	0
55	19	1
55	20	0
55	21	0
55	22	1
55	23	1
55	24	0
55	25	1
55	26	0
55	27	0
55	28	0
55	29	1
55	30	1
55	31	1
55	32	1
55	33	0
55	34	1
55	35	0
55	36	0
55	37	0
55	38	1
55	39	0
55	40	1
56	1	1
56	2	1
56	3	0
56	4	1
56	5	1
56	6	1
56	7	1
56	8	0
56	9	1
56	10	1
56	11	0
56	12	1
56	13	0
56	14	1
56	15	1
56	16	0
56	17	1
56	18	0
56	19	1
56	20	0
56	21	0
56	22	1
56	23	1
56	24	0
56	25	1
56	26	0
56	27	0
56	28	0
56	29	1
56	30	1
56	31	1
56	32	1
56	33	0
56	34	1
56	35	0
56	36	0
56	37	0
56	38	1
56	39	0
56	40	1
57	1	0
57	2	0
57	3	0
57	4	0
57	5	0
57	6	0
57	7	0
57	8	0
57	9	0
57	10	1
57	11	0
57	12	1
57	13	0
57	14	0
57	15	0
57	16	0
57	17	1
57	18	0
57	19	0
57	20	0
57	21	0
57	22	1
57	23	0
57	24	0
57	25	0
57	26	0
57	27	0
57	28	0
57	29	0
57	30	1
57	31	0
57	32	0
57	33	0
57	34	0
57	35	0
57	36	0
57	37	0
57	38	0
57	39	0
57	40	0
58	1	0
58	2	0
58	3	1
58	4	0
58	5	1
58	6	0
58	7	0
58	8	0
58	9	0
58	10	0
58	11	1
58	12	0
58	13	0
58	14	0
58	15	0
58	16	0
58	17	0
58	18	1
58	19	0
58	20	1
58	21	1
58	22	0
58	23	0
58	24	1
58	25	0
58	26	0
58	27	1
58	28	0
58	29	0
58	30	0
58	31	0
58	32	0
58	33	0
58	34	1
58	35	1
58	36	0
58	37	1
58	38	0
58	39	1
58	40	0
59	1	1
59	2	1
59	3	1
59	4	1
59	5	0
59	6	1
59	7	1
59	8	0
59	9	1
59	10	0
59	11	1
59	12	1
59	13	0
59	14	1
59	15	1
59	16	0
59	17	1
59	18	0
59	19	1
59	20	0
59	21	0
59	22	0
59	23	0
59	24	0
59	25	1
59	26	0
59	27	1
59	28	0
59	29	1
59	30	1
59	31	1
59	32	1
59	33	0
59	34	0
59	35	0
59	36	0
59	37	0
59	38	1
59	39	0
59	40	1
60	1	0
60	2	1
60	3	0
60	4	0
60	5	0
60	6	0
60	7	0
60	8	0
60	9	1
60	10	1
60	11	0
60	12	1
60	13	0
60	14	1
60	15	0
60	16	0
60	17	1
60	18	0
60	19	0
60	20	0
60	21	0
60	22	1
60	23	0
60	24	0
60	25	0
60	26	0
60	27	0
60	28	0
60	29	0
60	30	1
60	31	0
60	32	0
60	33	0
60	34	0
60	35	0
60	36	0
60	37	0
60	38	1
60	39	0
60	40	0
61	1	0
61	2	0
61	3	0
61	4	0
61	5	1
61	6	0
61	7	0
61	8	0
61	9	0
61	10	0
61	11	0
61	12	0
61	13	0
61	14	0
61	15	0
61	16	0
61	17	0
61	18	0
61	19	0
61	20	0
61	21	0
61	22	0
61	23	0
61	24	0
61	25	0
61	26	0
61	27	0
61	28	0
61	29	0
61	30	0
61	31	0
61	32	0
61	33	0
61	34	0
61	35	0
61	36	0
61	37	0
61	38	0
61	39	0
61	40	0
62	1	1
62	2	1
62	3	0
62	4	0
62	5	0
62	6	1
62	7	0
62	8	0
62	9	0
62	10	1
62	11	0
62	12	0
62	13	0
62	14	1
62	15	1
62	16	0
62	17	1
62	18	0
62	19	0
62	20	0
62	21	0
62	22	1
62	23	0
62	24	0
62	25	1
62	26	0
62	27	0
62	28	0
62	29	1
62	30	1
62	31	1
62	32	1
62	33	0
62	34	1
62	35	0
62	36	0
62	37	0
62	38	1
62	39	0
62	40	1
63	1	0
63	2	0
63	3	0
63	4	1
63	5	1
63	6	1
63	7	0
63	8	0
63	9	0
63	10	0
63	11	0
63	12	1
63	13	0
63	14	1
63	15	0
63	16	0
63	17	1
63	18	0
63	19	0
63	20	0
63	21	0
63	22	0
63	23	0
63	24	0
63	25	0
63	26	0
63	27	0
63	28	0
63	29	1
63	30	1
63	31	1
63	32	0
63	33	0
63	34	0
63	35	0
63	36	0
63	37	0
63	38	1
63	39	0
63	40	0
64	1	0
64	2	0
64	3	0
64	4	1
64	5	0
64	6	1
64	7	0
64	8	0
64	9	0
64	10	1
64	11	1
64	12	1
64	13	0
64	14	1
64	15	0
64	16	0
64	17	1
64	18	0
64	19	0
64	20	0
64	21	0
64	22	1
64	23	1
64	24	0
64	25	0
64	26	0
64	27	1
64	28	0
64	29	1
64	30	1
64	31	1
64	32	0
64	33	0
64	34	0
64	35	0
64	36	0
64	37	0
64	38	1
64	39	0
64	40	0
65	1	1
65	2	1
65	3	0
65	4	0
65	5	0
65	6	1
65	7	0
65	8	0
65	9	0
65	10	1
65	11	0
65	12	0
65	13	1
65	14	1
65	15	1
65	16	1
65	17	1
65	18	0
65	19	0
65	20	0
65	21	0
65	22	1
65	23	0
65	24	0
65	25	1
65	26	1
65	27	0
65	28	1
65	29	1
65	30	1
65	31	1
65	32	1
65	33	1
65	34	0
65	35	0
65	36	0
65	37	0
65	38	1
65	39	0
65	40	1
66	1	1
66	2	1
66	3	0
66	4	0
66	5	1
66	6	1
66	7	0
66	8	0
66	9	1
66	10	1
66	11	0
66	12	1
66	13	0
66	14	1
66	15	0
66	16	0
66	17	1
66	18	0
66	19	0
66	20	0
66	21	0
66	22	1
66	23	0
66	24	0
66	25	1
66	26	0
66	27	0
66	28	0
66	29	1
66	30	1
66	31	1
66	32	1
66	33	0
66	34	1
66	35	0
66	36	0
66	37	0
66	38	0
66	39	0
66	40	1
67	1	1
67	2	1
67	3	1
67	4	1
67	5	0
67	6	1
67	7	1
67	8	1
67	9	1
67	10	1
67	11	1
67	12	1
67	13	1
67	14	1
67	15	1
67	16	1
67	17	1
67	18	1
67	19	1
67	20	1
67	21	1
67	22	1
67	23	1
67	24	1
67	25	1
67	26	1
67	27	1
67	28	1
67	29	1
67	30	1
67	31	1
67	32	1
67	33	1
67	34	0
67	35	1
67	36	1
67	37	1
67	38	1
67	39	1
67	40	1
68	1	1
68	2	1
68	3	0
68	4	0
68	5	0
68	6	1
68	7	0
68	8	0
68	9	0
68	10	0
68	11	0
68	12	0
68	13	0
68	14	1
68	15	1
68	16	0
68	17	1
68	18	0
68	19	0
68	20	0
68	21	0
68	22	0
68	23	0
68	24	0
68	25	1
68	26	0
68	27	0
68	28	0
68	29	1
68	30	1
68	31	1
68	32	1
68	33	0
68	34	1
68	35	0
68	36	0
68	37	0
68	38	1
68	39	0
68	40	1
69	1	0
69	2	0
69	3	1
69	4	0
69	5	1
69	6	0
69	7	0
69	8	0
69	9	0
69	10	0
69	11	1
69	12	0
69	13	0
69	14	0
69	15	0
69	16	0
69	17	0
69	18	1
69	19	0
69	20	1
69	21	1
69	22	0
69	23	0
69	24	1
69	25	0
69	26	0
69	27	1
69	28	0
69	29	0
69	30	0
69	31	0
69	32	0
69	33	0
69	34	1
69	35	1
69	36	0
69	37	1
69	38	0
69	39	1
69	40	0
70	1	1
70	2	1
70	3	0
70	4	1
70	5	1
70	6	1
70	7	1
70	8	0
70	9	1
70	10	0
70	11	0
70	12	1
70	13	0
70	14	1
70	15	1
70	16	0
70	17	1
70	18	0
70	19	1
70	20	0
70	21	0
70	22	0
70	23	0
70	24	0
70	25	1
70	26	0
70	27	0
70	28	0
70	29	1
70	30	1
70	31	1
70	32	1
70	33	0
70	34	1
70	35	0
70	36	0
70	37	0
70	38	1
70	39	0
70	40	1
71	1	0
71	2	0
71	3	0
71	4	0
71	5	1
71	6	1
71	7	1
71	8	0
71	9	0
71	10	1
71	11	0
71	12	1
71	13	0
71	14	0
71	15	0
71	16	0
71	17	1
71	18	0
71	19	1
71	20	0
71	21	0
71	22	1
71	23	1
71	24	0
71	25	0
71	26	0
71	27	0
71	28	0
71	29	1
71	30	1
71	31	1
71	32	0
71	33	0
71	34	0
71	35	0
71	36	0
71	37	0
71	38	0
71	39	0
71	40	1
72	1	0
72	2	0
72	3	0
72	4	1
72	5	0
72	6	0
72	7	1
72	8	0
72	9	0
72	10	0
72	11	0
72	12	0
72	13	0
72	14	0
72	15	1
72	16	0
72	17	0
72	18	0
72	19	1
72	20	0
72	21	0
72	22	0
72	23	1
72	24	0
72	25	0
72	26	0
72	27	0
72	28	0
72	29	0
72	30	0
72	31	0
72	32	0
72	33	0
72	34	0
72	35	0
72	36	0
72	37	0
72	38	1
72	39	0
72	40	0
73	1	1
73	2	1
73	3	1
73	4	1
73	5	0
73	6	1
73	7	1
73	8	1
73	9	1
73	10	1
73	11	1
73	12	1
73	13	1
73	14	1
73	15	1
73	16	1
73	17	1
73	18	1
73	19	1
73	20	1
73	21	1
73	22	1
73	23	1
73	24	1
73	25	1
73	26	1
73	27	1
73	28	1
73	29	1
73	30	1
73	31	1
73	32	1
73	33	1
73	34	0
73	35	1
73	36	1
73	37	1
73	38	1
73	39	1
73	40	1
74	1	0
74	2	0
74	3	0
74	4	0
74	5	1
74	6	1
74	7	1
74	8	0
74	9	0
74	10	1
74	11	0
74	12	1
74	13	0
74	14	0
74	15	0
74	16	0
74	17	1
74	18	0
74	19	1
74	20	0
74	21	0
74	22	1
74	23	1
74	24	0
74	25	0
74	26	0
74	27	0
74	28	0
74	29	1
74	30	1
74	31	1
74	32	0
74	33	0
74	34	0
74	35	0
74	36	0
74	37	0
74	38	0
74	39	0
74	40	1
75	1	1
75	2	1
75	3	0
75	4	1
75	5	0
75	6	1
75	7	1
75	8	0
75	9	1
75	10	1
75	11	0
75	12	1
75	13	0
75	14	1
75	15	1
75	16	0
75	17	1
75	18	0
75	19	1
75	20	0
75	21	0
75	22	1
75	23	1
75	24	0
75	25	1
75	26	0
75	27	0
75	28	0
75	29	1
75	30	1
75	31	1
75	32	1
75	33	0
75	34	0
75	35	0
75	36	0
75	37	0
75	38	1
75	39	0
75	40	1
76	1	0
76	2	0
76	3	0
76	4	0
76	5	1
76	6	0
76	7	0
76	8	0
76	9	0
76	10	0
76	11	0
76	12	0
76	13	0
76	14	0
76	15	0
76	16	0
76	17	0
76	18	0
76	19	0
76	20	0
76	21	0
76	22	0
76	23	0
76	24	0
76	25	0
76	26	0
76	27	0
76	28	0
76	29	0
76	30	0
76	31	0
76	32	0
76	33	0
76	34	1
76	35	0
76	36	0
76	37	0
76	38	0
76	39	0
76	40	0
77	1	0
77	2	0
77	3	0
77	4	1
77	5	0
77	6	0
77	7	1
77	8	0
77	9	0
77	10	0
77	11	0
77	12	0
77	13	0
77	14	0
77	15	1
77	16	0
77	17	0
77	18	0
77	19	1
77	20	0
77	21	0
77	22	0
77	23	1
77	24	0
77	25	0
77	26	0
77	27	0
77	28	0
77	29	0
77	30	0
77	31	0
77	32	0
77	33	0
77	34	0
77	35	0
77	36	0
77	37	0
77	38	1
77	39	0
77	40	0
78	1	0
78	2	0
78	3	0
78	4	0
78	5	1
78	6	0
78	7	0
78	8	0
78	9	0
78	10	0
78	11	0
78	12	0
78	13	0
78	14	0
78	15	0
78	16	0
78	17	0
78	18	0
78	19	0
78	20	0
78	21	0
78	22	0
78	23	0
78	24	0
78	25	0
78	26	0
78	27	0
78	28	0
78	29	0
78	30	0
78	31	0
78	32	0
78	33	0
78	34	1
78	35	0
78	36	0
78	37	0
78	38	0
78	39	0
78	40	0
79	1	1
79	2	1
79	3	0
79	4	1
79	5	1
79	6	1
79	7	1
79	8	0
79	9	1
79	10	1
79	11	0
79	12	1
79	13	0
79	14	1
79	15	1
79	16	0
79	17	1
79	18	0
79	19	1
79	20	0
79	21	0
79	22	1
79	23	1
79	24	0
79	25	1
79	26	0
79	27	0
79	28	0
79	29	1
79	30	1
79	31	1
79	32	1
79	33	0
79	34	1
79	35	0
79	36	0
79	37	0
79	38	1
79	39	0
79	40	1
80	1	1
80	2	1
80	3	0
80	4	1
80	5	0
80	6	1
80	7	1
80	8	0
80	9	1
80	10	1
80	11	0
80	12	1
80	13	0
80	14	1
80	15	1
80	16	0
80	17	1
80	18	0
80	19	1
80	20	0
80	21	0
80	22	1
80	23	1
80	24	0
80	25	1
80	26	0
80	27	0
80	28	0
80	29	1
80	30	1
80	31	1
80	32	1
80	33	0
80	34	0
80	35	0
80	36	0
80	37	0
80	38	1
80	39	0
80	40	1
81	1	1
81	2	1
81	3	1
81	4	1
81	5	0
81	6	1
81	7	1
81	8	1
81	9	1
81	10	1
81	11	1
81	12	1
81	13	1
81	14	1
81	15	1
81	16	1
81	17	1
81	18	1
81	19	1
81	20	1
81	21	1
81	22	1
81	23	1
81	24	1
81	25	1
81	26	1
81	27	1
81	28	1
81	29	1
81	30	1
81	31	1
81	32	1
81	33	1
81	34	0
81	35	1
81	36	1
81	37	1
81	38	1
81	39	1
81	40	1
82	1	0
82	2	0
82	3	0
82	4	0
82	5	1
82	6	1
82	7	1
82	8	0
82	9	0
82	10	1
82	11	0
82	12	1
82	13	0
82	14	0
82	15	0
82	16	0
82	17	1
82	18	0
82	19	1
82	20	0
82	21	0
82	22	1
82	23	1
82	24	0
82	25	0
82	26	0
82	27	0
82	28	0
82	29	1
82	30	1
82	31	1
82	32	0
82	33	0
82	34	0
82	35	0
82	36	0
82	37	0
82	38	0
82	39	0
82	40	1
83	1	1
83	2	1
83	3	0
83	4	1
83	5	0
83	6	1
83	7	1
83	8	0
83	9	1
83	10	1
83	11	0
83	12	1
83	13	0
83	14	1
83	15	1
83	16	0
83	17	1
83	18	0
83	19	1
83	20	0
83	21	0
83	22	1
83	23	1
83	24	0
83	25	1
83	26	0
83	27	0
83	28	0
83	29	1
83	30	1
83	31	1
83	32	1
83	33	0
83	34	0
83	35	0
83	36	0
83	37	0
83	38	1
83	39	0
83	40	1
84	1	0
84	2	0
84	3	0
84	4	1
84	5	0
84	6	0
84	7	1
84	8	0
84	9	0
84	10	0
84	11	0
84	12	0
84	13	0
84	14	0
84	15	1
84	16	0
84	17	0
84	18	0
84	19	1
84	20	0
84	21	0
84	22	0
84	23	1
84	24	0
84	25	0
84	26	0
84	27	0
84	28	0
84	29	0
84	30	0
84	31	0
84	32	0
84	33	0
84	34	0
84	35	0
84	36	0
84	37	0
84	38	1
84	39	0
84	40	0
85	1	1
85	2	1
85	3	0
85	4	1
85	5	0
85	6	1
85	7	1
85	8	0
85	9	1
85	10	1
85	11	0
85	12	1
85	13	0
85	14	1
85	15	1
85	16	0
85	17	1
85	18	0
85	19	1
85	20	0
85	21	0
85	22	1
85	23	1
85	24	0
85	25	1
85	26	0
85	27	0
85	28	0
85	29	1
85	30	1
85	31	1
85	32	1
85	33	0
85	34	0
85	35	0
85	36	0
85	37	0
85	38	1
85	39	0
85	40	1
86	1	1
86	2	1
86	3	0
86	4	0
86	5	1
86	6	1
86	7	0
86	8	0
86	9	1
86	10	1
86	11	0
86	12	1
86	13	0
86	14	1
86	15	0
86	16	0
86	17	1
86	18	0
86	19	0
86	20	0
86	21	0
86	22	1
86	23	0
86	24	0
86	25	1
86	26	0
86	27	0
86	28	0
86	29	1
86	30	1
86	31	1
86	32	1
86	33	0
86	34	1
86	35	0
86	36	0
86	37	0
86	38	0
86	39	0
86	40	1
87	1	0
87	2	0
87	3	0
87	4	0
87	5	0
87	6	0
87	7	1
87	8	0
87	9	0
87	10	0
87	11	0
87	12	0
87	13	0
87	14	0
87	15	0
87	16	0
87	17	0
87	18	0
87	19	1
87	20	0
87	21	0
87	22	0
87	23	1
87	24	0
87	25	0
87	26	0
87	27	0
87	28	0
87	29	0
87	30	0
87	31	0
87	32	0
87	33	0
87	34	0
87	35	0
87	36	0
87	37	0
87	38	0
87	39	0
87	40	0
88	1	0
88	2	0
88	3	0
88	4	1
88	5	0
88	6	0
88	7	1
88	8	0
88	9	0
88	10	0
88	11	0
88	12	0
88	13	0
88	14	0
88	15	1
88	16	0
88	17	0
88	18	0
88	19	1
88	20	0
88	21	0
88	22	0
88	23	0
88	24	0
88	25	0
88	26	0
88	27	0
88	28	0
88	29	0
88	30	0
88	31	0
88	32	0
88	33	0
88	34	0
88	35	0
88	36	0
88	37	0
88	38	1
88	39	0
88	40	0
89	1	1
89	2	1
89	3	0
89	4	1
89	5	0
89	6	1
89	7	1
89	8	0
89	9	1
89	10	1
89	11	0
89	12	1
89	13	0
89	14	1
89	15	1
89	16	0
89	17	1
89	18	0
89	19	1
89	20	0
89	21	0
89	22	1
89	23	1
89	24	0
89	25	1
89	26	0
89	27	0
89	28	0
89	29	1
89	30	1
89	31	1
89	32	1
89	33	0
89	34	0
89	35	0
89	36	0
89	37	0
89	38	1
89	39	0
89	40	1
90	1	0
90	2	0
90	3	0
90	4	0
90	5	1
90	6	1
90	7	1
90	8	0
90	9	0
90	10	1
90	11	0
90	12	1
90	13	0
90	14	0
90	15	0
90	16	0
90	17	1
90	18	0
90	19	1
90	20	0
90	21	0
90	22	1
90	23	1
90	24	0
90	25	0
90	26	0
90	27	0
90	28	0
90	29	1
90	30	1
90	31	1
90	32	0
90	33	0
90	34	0
90	35	0
90	36	0
90	37	0
90	38	0
90	39	0
90	40	1
91	1	0
91	2	0
91	3	0
91	4	0
91	5	1
91	6	0
91	7	0
91	8	0
91	9	0
91	10	0
91	11	0
91	12	0
91	13	0
91	14	0
91	15	0
91	16	0
91	17	0
91	18	0
91	19	0
91	20	0
91	21	0
91	22	0
91	23	0
91	24	0
91	25	0
91	26	0
91	27	0
91	28	0
91	29	0
91	30	0
91	31	0
91	32	0
91	33	0
91	34	1
91	35	0
91	36	0
91	37	0
91	38	0
91	39	0
91	40	0
92	1	1
92	2	1
92	3	0
92	4	0
92	5	1
92	6	1
92	7	0
92	8	0
92	9	1
92	10	1
92	11	0
92	12	1
92	13	0
92	14	1
92	15	0
92	16	0
92	17	1
92	18	0
92	19	0
92	20	0
92	21	0
92	22	1
92	23	0
92	24	0
92	25	1
92	26	0
92	27	0
92	28	0
92	29	1
92	30	1
92	31	1
92	32	1
92	33	0
92	34	1
92	35	0
92	36	0
92	37	0
92	38	0
92	39	0
92	40	1
93	1	1
93	2	1
93	3	1
93	4	1
93	5	1
93	6	1
93	7	1
93	8	0
93	9	1
93	10	1
93	11	1
93	12	1
93	13	0
93	14	1
93	15	1
93	16	0
93	17	1
93	18	1
93	19	1
93	20	1
93	21	1
93	22	1
93	23	1
93	24	1
93	25	1
93	26	0
93	27	1
93	28	0
93	29	1
93	30	1
93	31	1
93	32	1
93	33	0
93	34	1
93	35	1
93	36	0
93	37	1
93	38	1
93	39	1
93	40	1
94	1	1
94	2	1
94	3	0
94	4	1
94	5	0
94	6	1
94	7	1
94	8	0
94	9	1
94	10	1
94	11	0
94	12	1
94	13	0
94	14	1
94	15	1
94	16	0
94	17	1
94	18	0
94	19	1
94	20	0
94	21	0
94	22	1
94	23	1
94	24	0
94	25	1
94	26	0
94	27	0
94	28	0
94	29	1
94	30	1
94	31	1
94	32	1
94	33	0
94	34	0
94	35	0
94	36	0
94	37	0
94	38	1
94	39	0
94	40	1
95	1	1
95	2	1
95	3	0
95	4	0
95	5	1
95	6	1
95	7	0
95	8	0
95	9	1
95	10	1
95	11	0
95	12	1
95	13	0
95	14	1
95	15	0
95	16	0
95	17	1
95	18	0
95	19	0
95	20	0
95	21	0
95	22	1
95	23	0
95	24	0
95	25	1
95	26	0
95	27	0
95	28	0
95	29	1
95	30	1
95	31	1
95	32	1
95	33	0
95	34	1
95	35	0
95	36	0
95	37	0
95	38	0
95	39	0
95	40	1
96	1	1
96	2	1
96	3	1
96	4	0
96	5	1
96	6	1
96	7	0
96	8	1
96	9	1
96	10	1
96	11	1
96	12	1
96	13	1
96	14	1
96	15	0
96	16	1
96	17	1
96	18	0
96	19	0
96	20	0
96	21	0
96	22	1
96	23	0
96	24	0
96	25	1
96	26	1
96	27	1
96	28	1
96	29	1
96	30	1
96	31	1
96	32	1
96	33	1
96	34	1
96	35	0
96	36	1
96	37	0
96	38	0
96	39	0
96	40	1
97	1	1
97	2	1
97	3	0
97	4	1
97	5	1
97	6	1
97	7	1
97	8	0
97	9	1
97	10	1
97	11	0
97	12	1
97	13	0
97	14	1
97	15	1
97	16	0
97	17	1
97	18	0
97	19	1
97	20	0
97	21	0
97	22	1
97	23	1
97	24	0
97	25	1
97	26	0
97	27	0
97	28	0
97	29	1
97	30	1
97	31	1
97	32	1
97	33	0
97	34	1
97	35	0
97	36	0
97	37	0
97	38	1
97	39	0
97	40	1
98	1	0
98	2	0
98	3	0
98	4	1
98	5	0
98	6	1
98	7	0
98	8	0
98	9	0
98	10	1
98	11	1
98	12	1
98	13	0
98	14	1
98	15	0
98	16	0
98	17	1
98	18	0
98	19	0
98	20	0
98	21	0
98	22	1
98	23	1
98	24	0
98	25	0
98	26	0
98	27	1
98	28	0
98	29	1
98	30	1
98	31	1
98	32	0
98	33	0
98	34	0
98	35	0
98	36	0
98	37	0
98	38	1
98	39	0
98	40	0
99	1	1
99	2	1
99	3	0
99	4	0
99	5	1
99	6	1
99	7	0
99	8	0
99	9	1
99	10	1
99	11	0
99	12	1
99	13	0
99	14	1
99	15	0
99	16	0
99	17	1
99	18	0
99	19	0
99	20	0
99	21	0
99	22	1
99	23	0
99	24	0
99	25	1
99	26	0
99	27	0
99	28	0
99	29	1
99	30	1
99	31	1
99	32	1
99	33	0
99	34	1
99	35	0
99	36	0
99	37	0
99	38	0
99	39	0
99	40	1
100	1	1
100	2	1
100	3	0
100	4	1
100	5	1
100	6	1
100	7	1
100	8	0
100	9	1
100	10	1
100	11	0
100	12	1
100	13	0
100	14	1
100	15	1
100	16	0
100	17	1
100	18	0
100	19	1
100	20	0
100	21	0
100	22	1
100	23	1
100	24	0
100	25	1
100	26	0
100	27	0
100	28	0
100	29	1
100	30	1
100	31	1
100	32	1
100	33	0
100	34	1
100	35	0
100	36	0
100	37	0
100	38	1
100	39	0
100	40	1
101	1	0
101	2	0
101	3	0
101	4	1
101	5	0
101	6	0
101	7	1
101	8	0
101	9	0
101	10	0
101	11	0
101	12	0
101	13	0
101	14	0
101	15	1
101	16	0
101	17	0
101	18	0
101	19	1
101	20	0
101	21	0
101	22	0
101	23	1
101	24	0
101	25	0
101	26	0
101	27	0
101	28	0
101	29	0
101	30	0
101	31	0
101	32	0
101	33	0
101	34	0
101	35	0
101	36	0
101	37	0
101	38	1
101	39	0
101	40	0
102	1	0
102	2	0
102	3	0
102	4	1
102	5	0
102	6	1
102	7	0
102	8	0
102	9	0
102	10	1
102	11	0
102	12	1
102	13	1
102	14	1
102	15	0
102	16	1
102	17	1
102	18	0
102	19	0
102	20	0
102	21	0
102	22	1
102	23	1
102	24	0
102	25	0
102	26	0
102	27	0
102	28	0
102	29	1
102	30	1
102	31	1
102	32	0
102	33	1
102	34	0
102	35	0
102	36	0
102	37	0
102	38	1
102	39	0
102	40	0
103	1	1
103	2	1
103	3	0
103	4	1
103	5	0
103	6	1
103	7	1
103	8	0
103	9	1
103	10	1
103	11	0
103	12	1
103	13	0
103	14	1
103	15	1
103	16	0
103	17	1
103	18	0
103	19	1
103	20	0
103	21	0
103	22	1
103	23	1
103	24	0
103	25	1
103	26	0
103	27	0
103	28	0
103	29	1
103	30	1
103	31	1
103	32	1
103	33	0
103	34	0
103	35	0
103	36	0
103	37	0
103	38	1
103	39	0
103	40	1
104	1	1
104	2	1
104	3	0
104	4	1
104	5	1
104	6	1
104	7	1
104	8	0
104	9	1
104	10	1
104	11	0
104	12	1
104	13	0
104	14	1
104	15	1
104	16	0
104	17	1
104	18	0
104	19	1
104	20	0
104	21	0
104	22	1
104	23	1
104	24	0
104	25	1
104	26	0
104	27	0
104	28	0
104	29	1
104	30	1
104	31	1
104	32	1
104	33	0
104	34	1
104	35	0
104	36	0
104	37	0
104	38	1
104	39	0
104	40	1
105	1	1
105	2	1
105	3	0
105	4	1
105	5	1
105	6	1
105	7	1
105	8	0
105	9	1
105	10	1
105	11	0
105	12	1
105	13	0
105	14	1
105	15	1
105	16	0
105	17	1
105	18	0
105	19	1
105	20	0
105	21	0
105	22	1
105	23	1
105	24	0
105	25	1
105	26	0
105	27	0
105	28	0
105	29	1
105	30	1
105	31	1
105	32	1
105	33	0
105	34	1
105	35	0
105	36	0
105	37	0
105	38	1
105	39	0
105	40	1
106	1	1
106	2	1
106	3	1
106	4	1
106	5	0
106	6	1
106	7	1
106	8	0
106	9	1
106	10	1
106	11	1
106	12	1
106	13	0
106	14	1
106	15	1
106	16	0
106	17	1
106	18	0
106	19	1
106	20	0
106	21	0
106	22	1
106	23	1
106	24	0
106	25	1
106	26	0
106	27	1
106	28	0
106	29	1
106	30	1
106	31	1
106	32	1
106	33	0
106	34	0
106	35	0
106	36	0
106	37	0
106	38	1
106	39	0
106	40	1
107	1	0
107	2	0
107	3	0
107	4	0
107	5	1
107	6	0
107	7	0
107	8	0
107	9	0
107	10	0
107	11	0
107	12	0
107	13	0
107	14	0
107	15	0
107	16	0
107	17	0
107	18	0
107	19	0
107	20	0
107	21	0
107	22	0
107	23	0
107	24	0
107	25	0
107	26	0
107	27	0
107	28	0
107	29	0
107	30	0
107	31	0
107	32	0
107	33	0
107	34	1
107	35	0
107	36	0
107	37	0
107	38	0
107	39	0
107	40	0
108	1	0
108	2	0
108	3	1
108	4	0
108	5	1
108	6	0
108	7	0
108	8	0
108	9	0
108	10	0
108	11	1
108	12	0
108	13	0
108	14	0
108	15	0
108	16	0
108	17	0
108	18	1
108	19	0
108	20	1
108	21	1
108	22	0
108	23	0
108	24	1
108	25	0
108	26	0
108	27	1
108	28	0
108	29	0
108	30	0
108	31	0
108	32	0
108	33	0
108	34	1
108	35	1
108	36	0
108	37	1
108	38	0
108	39	1
108	40	0
109	1	1
109	2	1
109	3	0
109	4	1
109	5	0
109	6	1
109	7	1
109	8	0
109	9	1
109	10	1
109	11	0
109	12	1
109	13	0
109	14	1
109	15	1
109	16	0
109	17	1
109	18	0
109	19	1
109	20	0
109	21	0
109	22	1
109	23	1
109	24	0
109	25	1
109	26	0
109	27	0
109	28	0
109	29	1
109	30	1
109	31	1
109	32	1
109	33	0
109	34	0
109	35	0
109	36	0
109	37	0
109	38	1
109	39	0
109	40	1
110	1	1
110	2	1
110	3	0
110	4	1
110	5	1
110	6	1
110	7	1
110	8	0
110	9	1
110	10	1
110	11	0
110	12	1
110	13	0
110	14	1
110	15	1
110	16	0
110	17	1
110	18	0
110	19	1
110	20	0
110	21	0
110	22	1
110	23	1
110	24	0
110	25	1
110	26	0
110	27	0
110	28	0
110	29	1
110	30	1
110	31	1
110	32	1
110	33	0
110	34	1
110	35	0
110	36	0
110	37	0
110	38	1
110	39	0
110	40	1
111	1	1
111	2	1
111	3	0
111	4	1
111	5	1
111	6	1
111	7	1
111	8	0
111	9	1
111	10	1
111	11	0
111	12	1
111	13	0
111	14	1
111	15	1
111	16	0
111	17	1
111	18	0
111	19	1
111	20	0
111	21	0
111	22	1
111	23	1
111	24	0
111	25	1
111	26	0
111	27	0
111	28	0
111	29	1
111	30	1
111	31	1
111	32	1
111	33	0
111	34	1
111	35	0
111	36	0
111	37	0
111	38	1
111	39	0
111	40	1
112	1	1
112	2	1
112	3	0
112	4	1
112	5	0
112	6	1
112	7	1
112	8	0
112	9	1
112	10	1
112	11	0
112	12	1
112	13	0
112	14	1
112	15	1
112	16	0
112	17	1
112	18	0
112	19	1
112	20	0
112	21	0
112	22	1
112	23	1
112	24	0
112	25	1
112	26	0
112	27	0
112	28	0
112	29	1
112	30	1
112	31	1
112	32	1
112	33	0
112	34	0
112	35	0
112	36	0
112	37	0
112	38	1
112	39	0
112	40	1
113	1	1
113	2	1
113	3	0
113	4	0
113	5	1
113	6	1
113	7	0
113	8	0
113	9	1
113	10	1
113	11	0
113	12	1
113	13	0
113	14	1
113	15	0
113	16	0
113	17	1
113	18	0
113	19	0
113	20	0
113	21	0
113	22	1
113	23	0
113	24	0
113	25	1
113	26	0
113	27	0
113	28	0
113	29	1
113	30	1
113	31	1
113	32	1
113	33	0
113	34	1
113	35	0
113	36	0
113	37	0
113	38	0
113	39	0
113	40	1
114	1	1
114	2	1
114	3	1
114	4	1
114	5	0
114	6	1
114	7	1
114	8	1
114	9	1
114	10	1
114	11	1
114	12	1
114	13	1
114	14	1
114	15	1
114	16	1
114	17	1
114	18	1
114	19	1
114	20	1
114	21	1
114	22	1
114	23	1
114	24	1
114	25	1
114	26	1
114	27	1
114	28	1
114	29	1
114	30	1
114	31	1
114	32	1
114	33	1
114	34	0
114	35	1
114	36	1
114	37	1
114	38	1
114	39	1
114	40	1
115	1	1
115	2	1
115	3	1
115	4	1
115	5	1
115	6	1
115	7	1
115	8	1
115	9	1
115	10	1
115	11	1
115	12	1
115	13	1
115	14	1
115	15	1
115	16	1
115	17	1
115	18	1
115	19	1
115	20	1
115	21	1
115	22	1
115	23	1
115	24	1
115	25	1
115	26	1
115	27	1
115	28	1
115	29	1
115	30	1
115	31	1
115	32	1
115	33	1
115	34	1
115	35	1
115	36	1
115	37	1
115	38	1
115	39	1
115	40	1
116	1	1
116	2	1
116	3	0
116	4	1
116	5	1
116	6	1
116	7	1
116	8	0
116	9	1
116	10	1
116	11	0
116	12	1
116	13	0
116	14	1
116	15	1
116	16	0
116	17	1
116	18	0
116	19	1
116	20	0
116	21	0
116	22	1
116	23	1
116	24	0
116	25	1
116	26	0
116	27	0
116	28	0
116	29	1
116	30	1
116	31	1
116	32	1
116	33	0
116	34	1
116	35	0
116	36	0
116	37	0
116	38	1
116	39	0
116	40	1
117	1	1
117	2	1
117	3	0
117	4	1
117	5	1
117	6	1
117	7	1
117	8	0
117	9	1
117	10	1
117	11	0
117	12	1
117	13	0
117	14	1
117	15	1
117	16	0
117	17	1
117	18	0
117	19	1
117	20	0
117	21	0
117	22	1
117	23	1
117	24	0
117	25	1
117	26	0
117	27	0
117	28	0
117	29	1
117	30	1
117	31	1
117	32	1
117	33	0
117	34	1
117	35	0
117	36	0
117	37	0
117	38	1
117	39	0
117	40	1
118	1	0
118	2	1
118	3	0
118	4	0
118	5	1
118	6	0
118	7	0
118	8	0
118	9	1
118	10	1
118	11	0
118	12	1
118	13	0
118	14	1
118	15	0
118	16	0
118	17	1
118	18	0
118	19	0
118	20	0
118	21	0
118	22	1
118	23	0
118	24	0
118	25	0
118	26	0
118	27	0
118	28	0
118	29	0
118	30	1
118	31	0
118	32	0
118	33	0
118	34	1
118	35	0
118	36	0
118	37	0
118	38	0
118	39	0
118	40	0
119	1	1
119	2	1
119	3	0
119	4	1
119	5	1
119	6	1
119	7	1
119	8	0
119	9	1
119	10	1
119	11	0
119	12	1
119	13	0
119	14	1
119	15	1
119	16	0
119	17	1
119	18	0
119	19	1
119	20	0
119	21	0
119	22	1
119	23	1
119	24	0
119	25	1
119	26	0
119	27	0
119	28	0
119	29	1
119	30	1
119	31	1
119	32	1
119	33	0
119	34	1
119	35	0
119	36	0
119	37	0
119	38	1
119	39	0
119	40	1
120	1	1
120	2	1
120	3	0
120	4	1
120	5	0
120	6	1
120	7	1
120	8	1
120	9	1
120	10	1
120	11	0
120	12	1
120	13	1
120	14	1
120	15	1
120	16	1
120	17	1
120	18	0
120	19	1
120	20	0
120	21	0
120	22	1
120	23	1
120	24	0
120	25	1
120	26	1
120	27	0
120	28	1
120	29	1
120	30	1
120	31	1
120	32	1
120	33	1
120	34	0
120	35	0
120	36	1
120	37	0
120	38	1
120	39	0
120	40	1
121	1	1
121	2	1
121	3	0
121	4	1
121	5	1
121	6	1
121	7	1
121	8	0
121	9	1
121	10	1
121	11	0
121	12	1
121	13	0
121	14	1
121	15	1
121	16	0
121	17	1
121	18	0
121	19	1
121	20	0
121	21	0
121	22	1
121	23	1
121	24	0
121	25	1
121	26	0
121	27	0
121	28	0
121	29	1
121	30	1
121	31	1
121	32	1
121	33	0
121	34	1
121	35	0
121	36	0
121	37	0
121	38	1
121	39	0
121	40	1
122	1	1
122	2	1
122	3	1
122	4	0
122	5	1
122	6	1
122	7	0
122	8	1
122	9	1
122	10	1
122	11	1
122	12	1
122	13	1
122	14	1
122	15	0
122	16	1
122	17	1
122	18	0
122	19	0
122	20	0
122	21	0
122	22	1
122	23	0
122	24	0
122	25	1
122	26	1
122	27	1
122	28	1
122	29	1
122	30	1
122	31	1
122	32	1
122	33	1
122	34	1
122	35	0
122	36	1
122	37	0
122	38	0
122	39	0
122	40	1
123	1	1
123	2	1
123	3	1
123	4	1
123	5	0
123	6	1
123	7	1
123	8	1
123	9	1
123	10	1
123	11	1
123	12	1
123	13	1
123	14	1
123	15	1
123	16	1
123	17	1
123	18	1
123	19	1
123	20	1
123	21	1
123	22	1
123	23	1
123	24	1
123	25	1
123	26	1
123	27	1
123	28	1
123	29	1
123	30	1
123	31	1
123	32	1
123	33	1
123	34	0
123	35	1
123	36	1
123	37	1
123	38	1
123	39	1
123	40	1
124	1	0
124	2	0
124	3	0
124	4	0
124	5	1
124	6	1
124	7	1
124	8	0
124	9	0
124	10	1
124	11	0
124	12	1
124	13	0
124	14	0
124	15	0
124	16	0
124	17	1
124	18	0
124	19	1
124	20	0
124	21	0
124	22	1
124	23	1
124	24	0
124	25	0
124	26	0
124	27	0
124	28	0
124	29	1
124	30	1
124	31	1
124	32	0
124	33	0
124	34	0
124	35	0
124	36	0
124	37	0
124	38	0
124	39	0
124	40	1
125	1	0
125	2	0
125	3	0
125	4	1
125	5	0
125	6	1
125	7	0
125	8	0
125	9	0
125	10	1
125	11	0
125	12	1
125	13	1
125	14	1
125	15	0
125	16	1
125	17	1
125	18	0
125	19	0
125	20	0
125	21	0
125	22	1
125	23	1
125	24	0
125	25	0
125	26	0
125	27	0
125	28	0
125	29	1
125	30	1
125	31	1
125	32	0
125	33	1
125	34	0
125	35	0
125	36	0
125	37	0
125	38	1
125	39	0
125	40	0
126	1	0
126	2	0
126	3	0
126	4	0
126	5	0
126	6	0
126	7	0
126	8	0
126	9	0
126	10	0
126	11	0
126	12	0
126	13	1
126	14	0
126	15	0
126	16	1
126	17	0
126	18	0
126	19	0
126	20	0
126	21	0
126	22	0
126	23	0
126	24	0
126	25	0
126	26	0
126	27	1
126	28	0
126	29	0
126	30	0
126	31	0
126	32	0
126	33	0
126	34	0
126	35	0
126	36	0
126	37	0
126	38	0
126	39	0
126	40	0
127	1	0
127	2	0
127	3	0
127	4	0
127	5	0
127	6	1
127	7	0
127	8	0
127	9	0
127	10	1
127	11	0
127	12	0
127	13	0
127	14	1
127	15	0
127	16	0
127	17	1
127	18	0
127	19	0
127	20	0
127	21	0
127	22	1
127	23	0
127	24	0
127	25	0
127	26	0
127	27	1
127	28	0
127	29	1
127	30	1
127	31	1
127	32	0
127	33	0
127	34	0
127	35	0
127	36	0
127	37	0
127	38	1
127	39	0
127	40	0
128	1	1
128	2	1
128	3	0
128	4	1
128	5	0
128	6	1
128	7	1
128	8	0
128	9	1
128	10	1
128	11	0
128	12	1
128	13	0
128	14	1
128	15	1
128	16	0
128	17	1
128	18	0
128	19	1
128	20	0
128	21	0
128	22	1
128	23	1
128	24	0
128	25	1
128	26	0
128	27	0
128	28	0
128	29	1
128	30	1
128	31	1
128	32	1
128	33	0
128	34	0
128	35	0
128	36	0
128	37	0
128	38	1
128	39	0
128	40	1
129	1	0
129	2	0
129	3	0
129	4	1
129	5	0
129	6	1
129	7	0
129	8	0
129	9	0
129	10	1
129	11	1
129	12	1
129	13	1
129	14	1
129	15	0
129	16	1
129	17	1
129	18	0
129	19	0
129	20	0
129	21	0
129	22	1
129	23	1
129	24	1
129	25	0
129	26	0
129	27	1
129	28	0
129	29	1
129	30	1
129	31	1
129	32	0
129	33	1
129	34	0
129	35	1
129	36	0
129	37	1
129	38	1
129	39	1
129	40	0
130	1	1
130	2	1
130	3	0
130	4	1
130	5	1
130	6	1
130	7	1
130	8	0
130	9	1
130	10	1
130	11	0
130	12	1
130	13	0
130	14	1
130	15	1
130	16	0
130	17	1
130	18	0
130	19	1
130	20	0
130	21	0
130	22	1
130	23	1
130	24	0
130	25	1
130	26	0
130	27	0
130	28	0
130	29	1
130	30	1
130	31	1
130	32	1
130	33	0
130	34	1
130	35	0
130	36	0
130	37	0
130	38	1
130	39	0
130	40	1
131	1	1
131	2	1
131	3	0
131	4	1
131	5	1
131	6	1
131	7	1
131	8	0
131	9	1
131	10	0
131	11	0
131	12	1
131	13	0
131	14	1
131	15	1
131	16	0
131	17	1
131	18	0
131	19	1
131	20	0
131	21	0
131	22	0
131	23	0
131	24	0
131	25	1
131	26	0
131	27	0
131	28	0
131	29	1
131	30	1
131	31	1
131	32	1
131	33	0
131	34	1
131	35	0
131	36	0
131	37	0
131	38	1
131	39	0
131	40	1
132	1	0
132	2	1
132	3	0
132	4	0
132	5	0
132	6	0
132	7	0
132	8	0
132	9	1
132	10	0
132	11	0
132	12	1
132	13	0
132	14	1
132	15	0
132	16	0
132	17	1
132	18	0
132	19	0
132	20	0
132	21	0
132	22	0
132	23	0
132	24	0
132	25	0
132	26	0
132	27	0
132	28	0
132	29	0
132	30	1
132	31	0
132	32	0
132	33	0
132	34	0
132	35	0
132	36	0
132	37	0
132	38	1
132	39	0
132	40	0
133	1	1
133	2	1
133	3	0
133	4	1
133	5	0
133	6	1
133	7	1
133	8	1
133	9	1
133	10	1
133	11	0
133	12	1
133	13	1
133	14	1
133	15	1
133	16	1
133	17	1
133	18	0
133	19	1
133	20	0
133	21	0
133	22	1
133	23	1
133	24	0
133	25	1
133	26	1
133	27	0
133	28	1
133	29	1
133	30	1
133	31	1
133	32	1
133	33	1
133	34	0
133	35	0
133	36	1
133	37	0
133	38	1
133	39	0
133	40	1
134	1	1
134	2	1
134	3	0
134	4	1
134	5	1
134	6	1
134	7	1
134	8	0
134	9	1
134	10	1
134	11	0
134	12	1
134	13	0
134	14	1
134	15	1
134	16	0
134	17	1
134	18	0
134	19	1
134	20	0
134	21	0
134	22	1
134	23	1
134	24	0
134	25	1
134	26	0
134	27	0
134	28	0
134	29	1
134	30	1
134	31	1
134	32	1
134	33	0
134	34	1
134	35	0
134	36	0
134	37	0
134	38	1
134	39	0
134	40	1
135	1	1
135	2	1
135	3	1
135	4	0
135	5	0
135	6	1
135	7	0
135	8	0
135	9	0
135	10	1
135	11	0
135	12	0
135	13	1
135	14	1
135	15	0
135	16	1
135	17	1
135	18	0
135	19	0
135	20	0
135	21	0
135	22	1
135	23	0
135	24	0
135	25	1
135	26	1
135	27	1
135	28	1
135	29	1
135	30	1
135	31	1
135	32	1
135	33	1
135	34	1
135	35	0
135	36	0
135	37	0
135	38	0
135	39	0
135	40	1
136	1	0
136	2	0
136	3	0
136	4	0
136	5	1
136	6	0
136	7	0
136	8	0
136	9	0
136	10	0
136	11	0
136	12	0
136	13	0
136	14	0
136	15	0
136	16	0
136	17	0
136	18	0
136	19	0
136	20	0
136	21	0
136	22	0
136	23	0
136	24	0
136	25	0
136	26	0
136	27	0
136	28	0
136	29	0
136	30	0
136	31	0
136	32	0
136	33	0
136	34	1
136	35	0
136	36	0
136	37	0
136	38	0
136	39	0
136	40	0
137	1	1
137	2	1
137	3	0
137	4	1
137	5	0
137	6	1
137	7	1
137	8	0
137	9	1
137	10	1
137	11	0
137	12	1
137	13	0
137	14	1
137	15	1
137	16	0
137	17	1
137	18	0
137	19	1
137	20	0
137	21	0
137	22	1
137	23	1
137	24	0
137	25	1
137	26	0
137	27	0
137	28	0
137	29	1
137	30	1
137	31	1
137	32	1
137	33	0
137	34	0
137	35	0
137	36	0
137	37	0
137	38	1
137	39	0
137	40	1
138	1	1
138	2	1
138	3	0
138	4	1
138	5	0
138	6	1
138	7	1
138	8	1
138	9	1
138	10	1
138	11	0
138	12	1
138	13	1
138	14	1
138	15	1
138	16	1
138	17	1
138	18	0
138	19	1
138	20	0
138	21	0
138	22	1
138	23	1
138	24	0
138	25	1
138	26	1
138	27	0
138	28	1
138	29	1
138	30	1
138	31	1
138	32	1
138	33	1
138	34	0
138	35	0
138	36	1
138	37	0
138	38	1
138	39	0
138	40	1
139	1	1
139	2	1
139	3	0
139	4	1
139	5	0
139	6	1
139	7	1
139	8	0
139	9	1
139	10	1
139	11	0
139	12	1
139	13	0
139	14	1
139	15	1
139	16	0
139	17	1
139	18	0
139	19	1
139	20	0
139	21	0
139	22	1
139	23	1
139	24	0
139	25	1
139	26	0
139	27	0
139	28	0
139	29	1
139	30	1
139	31	1
139	32	1
139	33	0
139	34	0
139	35	0
139	36	0
139	37	0
139	38	1
139	39	0
139	40	1
140	1	1
140	2	1
140	3	0
140	4	1
140	5	0
140	6	1
140	7	1
140	8	0
140	9	1
140	10	1
140	11	0
140	12	1
140	13	0
140	14	1
140	15	1
140	16	0
140	17	1
140	18	0
140	19	1
140	20	0
140	21	0
140	22	1
140	23	1
140	24	0
140	25	1
140	26	0
140	27	0
140	28	0
140	29	1
140	30	1
140	31	1
140	32	1
140	33	0
140	34	0
140	35	0
140	36	0
140	37	0
140	38	1
140	39	0
140	40	1
141	1	0
141	2	0
141	3	0
141	4	0
141	5	1
141	6	0
141	7	0
141	8	0
141	9	0
141	10	0
141	11	0
141	12	0
141	13	0
141	14	0
141	15	0
141	16	0
141	17	0
141	18	0
141	19	0
141	20	0
141	21	0
141	22	0
141	23	0
141	24	0
141	25	0
141	26	0
141	27	0
141	28	0
141	29	0
141	30	0
141	31	0
141	32	0
141	33	0
141	34	1
141	35	0
141	36	0
141	37	0
141	38	0
141	39	0
141	40	0
142	1	1
142	2	1
142	3	0
142	4	0
142	5	1
142	6	1
142	7	0
142	8	0
142	9	1
142	10	1
142	11	0
142	12	1
142	13	0
142	14	1
142	15	0
142	16	0
142	17	1
142	18	0
142	19	0
142	20	0
142	21	0
142	22	1
142	23	0
142	24	0
142	25	1
142	26	0
142	27	0
142	28	0
142	29	1
142	30	1
142	31	1
142	32	1
142	33	0
142	34	1
142	35	0
142	36	0
142	37	0
142	38	0
142	39	0
142	40	1
143	1	1
143	2	1
143	3	0
143	4	1
143	5	1
143	6	1
143	7	1
143	8	0
143	9	1
143	10	1
143	11	0
143	12	1
143	13	0
143	14	1
143	15	1
143	16	0
143	17	1
143	18	0
143	19	1
143	20	0
143	21	0
143	22	1
143	23	1
143	24	0
143	25	1
143	26	0
143	27	0
143	28	0
143	29	1
143	30	1
143	31	1
143	32	1
143	33	0
143	34	1
143	35	0
143	36	0
143	37	0
143	38	1
143	39	0
143	40	1
144	1	0
144	2	1
144	3	0
144	4	0
144	5	1
144	6	0
144	7	0
144	8	0
144	9	1
144	10	1
144	11	0
144	12	1
144	13	0
144	14	1
144	15	0
144	16	0
144	17	1
144	18	0
144	19	0
144	20	0
144	21	0
144	22	1
144	23	0
144	24	0
144	25	0
144	26	0
144	27	0
144	28	0
144	29	0
144	30	1
144	31	0
144	32	0
144	33	0
144	34	1
144	35	0
144	36	0
144	37	0
144	38	1
144	39	0
144	40	0
145	1	0
145	2	0
145	3	0
145	4	1
145	5	0
145	6	1
145	7	0
145	8	0
145	9	0
145	10	1
145	11	0
145	12	1
145	13	0
145	14	1
145	15	0
145	16	0
145	17	1
145	18	0
145	19	0
145	20	0
145	21	0
145	22	1
145	23	1
145	24	0
145	25	0
145	26	0
145	27	0
145	28	0
145	29	1
145	30	1
145	31	1
145	32	0
145	33	0
145	34	0
145	35	0
145	36	0
145	37	0
145	38	1
145	39	0
145	40	0
146	1	1
146	2	1
146	3	0
146	4	1
146	5	1
146	6	1
146	7	1
146	8	0
146	9	1
146	10	1
146	11	0
146	12	1
146	13	0
146	14	1
146	15	1
146	16	0
146	17	1
146	18	0
146	19	1
146	20	0
146	21	0
146	22	1
146	23	1
146	24	0
146	25	1
146	26	0
146	27	0
146	28	0
146	29	1
146	30	1
146	31	1
146	32	1
146	33	0
146	34	1
146	35	0
146	36	0
146	37	0
146	38	1
146	39	0
146	40	1
147	1	1
147	2	1
147	3	0
147	4	1
147	5	0
147	6	1
147	7	1
147	8	0
147	9	1
147	10	1
147	11	0
147	12	1
147	13	0
147	14	1
147	15	1
147	16	0
147	17	1
147	18	0
147	19	1
147	20	0
147	21	0
147	22	1
147	23	1
147	24	0
147	25	1
147	26	0
147	27	0
147	28	0
147	29	1
147	30	1
147	31	1
147	32	1
147	33	0
147	34	0
147	35	0
147	36	0
147	37	0
147	38	1
147	39	0
147	40	1
148	1	1
148	2	1
148	3	0
148	4	0
148	5	0
148	6	1
148	7	0
148	8	0
148	9	0
148	10	1
148	11	0
148	12	0
148	13	0
148	14	1
148	15	1
148	16	0
148	17	1
148	18	0
148	19	0
148	20	0
148	21	0
148	22	1
148	23	0
148	24	0
148	25	1
148	26	0
148	27	0
148	28	0
148	29	1
148	30	1
148	31	1
148	32	1
148	33	0
148	34	1
148	35	0
148	36	0
148	37	0
148	38	1
148	39	0
148	40	1
149	1	0
149	2	0
149	3	0
149	4	0
149	5	1
149	6	1
149	7	0
149	8	0
149	9	0
149	10	1
149	11	0
149	12	1
149	13	0
149	14	0
149	15	0
149	16	0
149	17	1
149	18	0
149	19	0
149	20	0
149	21	0
149	22	1
149	23	0
149	24	0
149	25	0
149	26	0
149	27	0
149	28	0
149	29	1
149	30	1
149	31	1
149	32	0
149	33	0
149	34	0
149	35	0
149	36	0
149	37	0
149	38	0
149	39	0
149	40	1
150	1	1
150	2	1
150	3	0
150	4	0
150	5	0
150	6	1
150	7	0
150	8	0
150	9	0
150	10	1
150	11	0
150	12	0
150	13	1
150	14	1
150	15	1
150	16	1
150	17	1
150	18	0
150	19	0
150	20	0
150	21	0
150	22	1
150	23	0
150	24	0
150	25	1
150	26	1
150	27	0
150	28	1
150	29	1
150	30	1
150	31	1
150	32	1
150	33	1
150	34	0
150	35	0
150	36	0
150	37	0
150	38	1
150	39	0
150	40	1
151	1	1
151	2	1
151	3	1
151	4	1
151	5	0
151	6	1
151	7	1
151	8	1
151	9	1
151	10	1
151	11	1
151	12	1
151	13	1
151	14	1
151	15	1
151	16	1
151	17	1
151	18	1
151	19	1
151	20	1
151	21	1
151	22	1
151	23	1
151	24	1
151	25	1
151	26	1
151	27	1
151	28	1
151	29	1
151	30	1
151	31	1
151	32	1
151	33	1
151	34	0
151	35	1
151	36	1
151	37	1
151	38	1
151	39	1
151	40	1
152	1	1
152	2	1
152	3	1
152	4	1
152	5	1
152	6	1
152	7	1
152	8	1
152	9	1
152	10	1
152	11	1
152	12	1
152	13	1
152	14	1
152	15	1
152	16	1
152	17	1
152	18	1
152	19	1
152	20	1
152	21	1
152	22	1
152	23	1
152	24	1
152	25	1
152	26	1
152	27	1
152	28	1
152	29	1
152	30	1
152	31	1
152	32	1
152	33	1
152	34	1
152	35	1
152	36	1
152	37	1
152	38	1
152	39	1
152	40	1
153	1	1
153	2	1
153	3	0
153	4	0
153	5	1
153	6	1
153	7	0
153	8	0
153	9	1
153	10	1
153	11	0
153	12	1
153	13	0
153	14	1
153	15	0
153	16	0
153	17	1
153	18	0
153	19	0
153	20	0
153	21	0
153	22	1
153	23	0
153	24	0
153	25	1
153	26	0
153	27	0
153	28	0
153	29	1
153	30	1
153	31	1
153	32	1
153	33	0
153	34	1
153	35	0
153	36	0
153	37	0
153	38	0
153	39	0
153	40	1
154	1	1
154	2	1
154	3	0
154	4	1
154	5	1
154	6	1
154	7	1
154	8	0
154	9	1
154	10	0
154	11	0
154	12	1
154	13	0
154	14	1
154	15	1
154	16	0
154	17	1
154	18	0
154	19	1
154	20	0
154	21	0
154	22	0
154	23	0
154	24	0
154	25	1
154	26	0
154	27	0
154	28	0
154	29	1
154	30	1
154	31	1
154	32	1
154	33	0
154	34	1
154	35	0
154	36	0
154	37	0
154	38	1
154	39	0
154	40	1
155	1	1
155	2	1
155	3	0
155	4	1
155	5	0
155	6	1
155	7	1
155	8	0
155	9	1
155	10	1
155	11	0
155	12	1
155	13	0
155	14	1
155	15	1
155	16	0
155	17	1
155	18	0
155	19	1
155	20	0
155	21	0
155	22	1
155	23	1
155	24	0
155	25	1
155	26	0
155	27	0
155	28	0
155	29	1
155	30	1
155	31	1
155	32	1
155	33	0
155	34	0
155	35	0
155	36	0
155	37	0
155	38	1
155	39	0
155	40	1
156	1	1
156	2	1
156	3	1
156	4	1
156	5	0
156	6	1
156	7	1
156	8	1
156	9	1
156	10	1
156	11	1
156	12	1
156	13	1
156	14	1
156	15	1
156	16	1
156	17	1
156	18	1
156	19	1
156	20	1
156	21	1
156	22	1
156	23	1
156	24	1
156	25	1
156	26	1
156	27	1
156	28	1
156	29	1
156	30	1
156	31	1
156	32	1
156	33	1
156	34	0
156	35	1
156	36	1
156	37	1
156	38	1
156	39	1
156	40	1
157	1	1
157	2	1
157	3	1
157	4	1
157	5	1
157	6	1
157	7	1
157	8	1
157	9	1
157	10	1
157	11	1
157	12	1
157	13	1
157	14	1
157	15	1
157	16	1
157	17	1
157	18	1
157	19	1
157	20	1
157	21	1
157	22	1
157	23	1
157	24	1
157	25	1
157	26	1
157	27	1
157	28	1
157	29	1
157	30	1
157	31	1
157	32	1
157	33	1
157	34	1
157	35	1
157	36	1
157	37	1
157	38	1
157	39	1
157	40	1
158	1	1
158	2	1
158	3	0
158	4	1
158	5	1
158	6	1
158	7	1
158	8	0
158	9	1
158	10	0
158	11	0
158	12	1
158	13	0
158	14	1
158	15	1
158	16	0
158	17	1
158	18	0
158	19	1
158	20	0
158	21	0
158	22	0
158	23	0
158	24	0
158	25	1
158	26	0
158	27	0
158	28	0
158	29	1
158	30	1
158	31	1
158	32	1
158	33	0
158	34	1
158	35	0
158	36	0
158	37	0
158	38	1
158	39	0
158	40	1
159	1	0
159	2	0
159	3	0
159	4	1
159	5	0
159	6	1
159	7	0
159	8	0
159	9	0
159	10	1
159	11	0
159	12	1
159	13	1
159	14	1
159	15	0
159	16	1
159	17	1
159	18	0
159	19	0
159	20	0
159	21	0
159	22	1
159	23	1
159	24	0
159	25	0
159	26	0
159	27	0
159	28	0
159	29	1
159	30	1
159	31	1
159	32	0
159	33	1
159	34	0
159	35	0
159	36	0
159	37	0
159	38	1
159	39	0
159	40	0
160	1	1
160	2	1
160	3	0
160	4	1
160	5	1
160	6	1
160	7	1
160	8	0
160	9	1
160	10	1
160	11	0
160	12	1
160	13	0
160	14	1
160	15	1
160	16	0
160	17	1
160	18	0
160	19	1
160	20	0
160	21	0
160	22	1
160	23	1
160	24	0
160	25	1
160	26	0
160	27	0
160	28	0
160	29	1
160	30	1
160	31	1
160	32	1
160	33	0
160	34	1
160	35	0
160	36	0
160	37	0
160	38	1
160	39	0
160	40	1
161	1	0
161	2	0
161	3	0
161	4	0
161	5	1
161	6	0
161	7	0
161	8	0
161	9	0
161	10	0
161	11	0
161	12	0
161	13	0
161	14	0
161	15	0
161	16	0
161	17	0
161	18	0
161	19	0
161	20	0
161	21	0
161	22	0
161	23	0
161	24	0
161	25	0
161	26	0
161	27	0
161	28	0
161	29	0
161	30	0
161	31	0
161	32	0
161	33	0
161	34	1
161	35	0
161	36	0
161	37	0
161	38	0
161	39	0
161	40	0
162	1	1
162	2	1
162	3	0
162	4	1
162	5	0
162	6	1
162	7	1
162	8	0
162	9	1
162	10	1
162	11	0
162	12	1
162	13	0
162	14	1
162	15	1
162	16	0
162	17	1
162	18	0
162	19	1
162	20	0
162	21	0
162	22	1
162	23	1
162	24	0
162	25	1
162	26	0
162	27	0
162	28	0
162	29	1
162	30	1
162	31	1
162	32	1
162	33	0
162	34	0
162	35	0
162	36	0
162	37	0
162	38	1
162	39	0
162	40	1
163	1	1
163	2	1
163	3	1
163	4	1
163	5	0
163	6	1
163	7	1
163	8	0
163	9	1
163	10	1
163	11	1
163	12	1
163	13	0
163	14	1
163	15	1
163	16	0
163	17	1
163	18	0
163	19	1
163	20	0
163	21	0
163	22	1
163	23	1
163	24	0
163	25	1
163	26	0
163	27	1
163	28	0
163	29	1
163	30	1
163	31	1
163	32	1
163	33	0
163	34	0
163	35	0
163	36	0
163	37	0
163	38	1
163	39	0
163	40	1
164	1	1
164	2	1
164	3	0
164	4	1
164	5	0
164	6	1
164	7	1
164	8	0
164	9	1
164	10	1
164	11	0
164	12	1
164	13	0
164	14	1
164	15	1
164	16	0
164	17	1
164	18	0
164	19	1
164	20	0
164	21	0
164	22	1
164	23	1
164	24	0
164	25	1
164	26	0
164	27	0
164	28	0
164	29	1
164	30	1
164	31	1
164	32	1
164	33	0
164	34	0
164	35	0
164	36	0
164	37	0
164	38	1
164	39	0
164	40	1
165	1	1
165	2	1
165	3	0
165	4	1
165	5	0
165	6	1
165	7	1
165	8	0
165	9	1
165	10	1
165	11	0
165	12	1
165	13	0
165	14	1
165	15	1
165	16	0
165	17	1
165	18	0
165	19	1
165	20	0
165	21	0
165	22	1
165	23	1
165	24	0
165	25	1
165	26	0
165	27	0
165	28	0
165	29	1
165	30	1
165	31	1
165	32	1
165	33	0
165	34	0
165	35	0
165	36	0
165	37	0
165	38	1
165	39	0
165	40	1
166	1	0
166	2	0
166	3	0
166	4	0
166	5	1
166	6	0
166	7	0
166	8	0
166	9	0
166	10	0
166	11	0
166	12	0
166	13	0
166	14	0
166	15	0
166	16	0
166	17	0
166	18	0
166	19	0
166	20	0
166	21	0
166	22	0
166	23	0
166	24	0
166	25	0
166	26	0
166	27	0
166	28	0
166	29	0
166	30	0
166	31	0
166	32	0
166	33	0
166	34	1
166	35	0
166	36	0
166	37	0
166	38	0
166	39	0
166	40	0
167	1	0
167	2	0
167	3	0
167	4	0
167	5	1
167	6	0
167	7	0
167	8	0
167	9	0
167	10	0
167	11	0
167	12	0
167	13	0
167	14	0
167	15	0
167	16	0
167	17	0
167	18	0
167	19	0
167	20	0
167	21	0
167	22	0
167	23	0
167	24	0
167	25	0
167	26	0
167	27	0
167	28	0
167	29	0
167	30	0
167	31	0
167	32	0
167	33	0
167	34	1
167	35	0
167	36	0
167	37	0
167	38	0
167	39	0
167	40	0
168	1	1
168	2	1
168	3	0
168	4	1
168	5	1
168	6	1
168	7	1
168	8	0
168	9	1
168	10	1
168	11	0
168	12	1
168	13	0
168	14	1
168	15	1
168	16	0
168	17	1
168	18	0
168	19	1
168	20	0
168	21	0
168	22	1
168	23	1
168	24	0
168	25	1
168	26	0
168	27	0
168	28	0
168	29	1
168	30	1
168	31	1
168	32	1
168	33	0
168	34	1
168	35	0
168	36	0
168	37	0
168	38	1
168	39	0
168	40	1
169	1	1
169	2	1
169	3	0
169	4	1
169	5	0
169	6	1
169	7	1
169	8	0
169	9	1
169	10	1
169	11	0
169	12	1
169	13	0
169	14	1
169	15	1
169	16	0
169	17	1
169	18	0
169	19	1
169	20	0
169	21	0
169	22	1
169	23	1
169	24	0
169	25	1
169	26	0
169	27	0
169	28	0
169	29	1
169	30	1
169	31	1
169	32	1
169	33	0
169	34	0
169	35	0
169	36	0
169	37	0
169	38	1
169	39	0
169	40	1
170	1	1
170	2	1
170	3	0
170	4	1
170	5	1
170	6	1
170	7	1
170	8	0
170	9	1
170	10	1
170	11	0
170	12	1
170	13	0
170	14	1
170	15	1
170	16	0
170	17	1
170	18	0
170	19	1
170	20	0
170	21	0
170	22	1
170	23	1
170	24	0
170	25	1
170	26	0
170	27	0
170	28	0
170	29	1
170	30	1
170	31	1
170	32	1
170	33	0
170	34	1
170	35	0
170	36	0
170	37	0
170	38	1
170	39	0
170	40	1
171	1	1
171	2	1
171	3	0
171	4	1
171	5	1
171	6	1
171	7	1
171	8	0
171	9	1
171	10	1
171	11	0
171	12	1
171	13	0
171	14	1
171	15	1
171	16	0
171	17	1
171	18	0
171	19	1
171	20	0
171	21	0
171	22	1
171	23	1
171	24	0
171	25	1
171	26	0
171	27	0
171	28	0
171	29	1
171	30	1
171	31	1
171	32	1
171	33	0
171	34	1
171	35	0
171	36	0
171	37	0
171	38	1
171	39	0
171	40	1
172	1	1
172	2	1
172	3	1
172	4	1
172	5	1
172	6	1
172	7	1
172	8	0
172	9	1
172	10	1
172	11	1
172	12	1
172	13	0
172	14	1
172	15	1
172	16	0
172	17	1
172	18	1
172	19	1
172	20	1
172	21	1
172	22	1
172	23	1
172	24	1
172	25	1
172	26	0
172	27	1
172	28	0
172	29	1
172	30	1
172	31	1
172	32	1
172	33	0
172	34	1
172	35	1
172	36	0
172	37	1
172	38	1
172	39	1
172	40	1
173	1	1
173	2	1
173	3	0
173	4	1
173	5	0
173	6	1
173	7	1
173	8	0
173	9	1
173	10	1
173	11	0
173	12	1
173	13	0
173	14	1
173	15	1
173	16	0
173	17	1
173	18	0
173	19	1
173	20	0
173	21	0
173	22	1
173	23	1
173	24	0
173	25	1
173	26	0
173	27	0
173	28	0
173	29	1
173	30	1
173	31	1
173	32	1
173	33	0
173	34	0
173	35	0
173	36	0
173	37	0
173	38	1
173	39	0
173	40	1
174	1	1
174	2	1
174	3	0
174	4	1
174	5	0
174	6	1
174	7	1
174	8	0
174	9	1
174	10	0
174	11	0
174	12	1
174	13	0
174	14	1
174	15	1
174	16	0
174	17	1
174	18	0
174	19	1
174	20	0
174	21	0
174	22	0
174	23	0
174	24	0
174	25	1
174	26	0
174	27	0
174	28	0
174	29	1
174	30	1
174	31	1
174	32	1
174	33	0
174	34	0
174	35	0
174	36	0
174	37	0
174	38	1
174	39	0
174	40	1
175	1	1
175	2	1
175	3	0
175	4	1
175	5	0
175	6	1
175	7	1
175	8	0
175	9	1
175	10	1
175	11	0
175	12	1
175	13	0
175	14	1
175	15	1
175	16	0
175	17	1
175	18	0
175	19	1
175	20	0
175	21	0
175	22	1
175	23	1
175	24	0
175	25	1
175	26	0
175	27	0
175	28	0
175	29	1
175	30	1
175	31	1
175	32	1
175	33	0
175	34	0
175	35	0
175	36	0
175	37	0
175	38	1
175	39	0
175	40	1
176	1	1
176	2	1
176	3	1
176	4	0
176	5	1
176	6	1
176	7	0
176	8	1
176	9	1
176	10	1
176	11	1
176	12	1
176	13	1
176	14	1
176	15	0
176	16	1
176	17	1
176	18	0
176	19	0
176	20	0
176	21	0
176	22	1
176	23	0
176	24	0
176	25	1
176	26	1
176	27	1
176	28	1
176	29	1
176	30	1
176	31	1
176	32	1
176	33	1
176	34	1
176	35	0
176	36	1
176	37	0
176	38	0
176	39	0
176	40	1
177	1	1
177	2	1
177	3	0
177	4	1
177	5	1
177	6	1
177	7	1
177	8	0
177	9	1
177	10	1
177	11	0
177	12	1
177	13	0
177	14	1
177	15	1
177	16	0
177	17	1
177	18	0
177	19	1
177	20	0
177	21	0
177	22	1
177	23	1
177	24	0
177	25	1
177	26	0
177	27	0
177	28	0
177	29	1
177	30	1
177	31	1
177	32	1
177	33	0
177	34	1
177	35	0
177	36	0
177	37	0
177	38	1
177	39	0
177	40	1
178	1	0
178	2	1
178	3	1
178	4	0
178	5	0
178	6	0
178	7	0
178	8	1
178	9	1
178	10	1
178	11	1
178	12	1
178	13	0
178	14	1
178	15	0
178	16	0
178	17	1
178	18	1
178	19	0
178	20	1
178	21	0
178	22	1
178	23	0
178	24	1
178	25	0
178	26	0
178	27	0
178	28	1
178	29	0
178	30	1
178	31	0
178	32	0
178	33	0
178	34	0
178	35	1
178	36	1
178	37	0
178	38	1
178	39	1
178	40	0
179	1	1
179	2	1
179	3	0
179	4	1
179	5	0
179	6	1
179	7	1
179	8	0
179	9	1
179	10	1
179	11	0
179	12	1
179	13	0
179	14	1
179	15	1
179	16	0
179	17	1
179	18	0
179	19	1
179	20	0
179	21	0
179	22	1
179	23	1
179	24	0
179	25	1
179	26	0
179	27	0
179	28	0
179	29	1
179	30	1
179	31	1
179	32	1
179	33	0
179	34	0
179	35	0
179	36	0
179	37	0
179	38	1
179	39	0
179	40	1
180	1	1
180	2	1
180	3	0
180	4	1
180	5	0
180	6	1
180	7	1
180	8	0
180	9	1
180	10	1
180	11	0
180	12	1
180	13	0
180	14	1
180	15	1
180	16	0
180	17	1
180	18	0
180	19	1
180	20	0
180	21	0
180	22	1
180	23	1
180	24	0
180	25	1
180	26	0
180	27	0
180	28	0
180	29	1
180	30	1
180	31	1
180	32	1
180	33	0
180	34	0
180	35	0
180	36	0
180	37	0
180	38	1
180	39	0
180	40	1
181	1	1
181	2	1
181	3	1
181	4	1
181	5	0
181	6	1
181	7	1
181	8	1
181	9	1
181	10	1
181	11	1
181	12	1
181	13	1
181	14	1
181	15	1
181	16	1
181	17	1
181	18	1
181	19	1
181	20	1
181	21	1
181	22	1
181	23	1
181	24	1
181	25	1
181	26	1
181	27	1
181	28	1
181	29	1
181	30	1
181	31	1
181	32	1
181	33	1
181	34	0
181	35	1
181	36	1
181	37	1
181	38	1
181	39	1
181	40	1
182	1	0
182	2	0
182	3	0
182	4	0
182	5	0
182	6	0
182	7	0
182	8	0
182	9	0
182	10	0
182	11	0
182	12	0
182	13	0
182	14	0
182	15	0
182	16	0
182	17	0
182	18	0
182	19	0
182	20	0
182	21	0
182	22	0
182	23	0
182	24	0
182	25	0
182	26	0
182	27	0
182	28	0
182	29	0
182	30	0
182	31	0
182	32	0
182	33	0
182	34	0
182	35	0
182	36	0
182	37	0
182	38	1
182	39	0
182	40	0
183	1	0
183	2	0
183	3	0
183	4	1
183	5	0
183	6	1
183	7	0
183	8	0
183	9	0
183	10	1
183	11	0
183	12	1
183	13	0
183	14	1
183	15	0
183	16	0
183	17	1
183	18	0
183	19	0
183	20	0
183	21	0
183	22	1
183	23	1
183	24	0
183	25	0
183	26	0
183	27	0
183	28	0
183	29	1
183	30	1
183	31	1
183	32	0
183	33	0
183	34	0
183	35	0
183	36	0
183	37	0
183	38	1
183	39	0
183	40	0
184	1	1
184	2	1
184	3	1
184	4	1
184	5	1
184	6	1
184	7	1
184	8	1
184	9	1
184	10	1
184	11	1
184	12	1
184	13	1
184	14	1
184	15	1
184	16	1
184	17	1
184	18	1
184	19	1
184	20	1
184	21	1
184	22	1
184	23	1
184	24	1
184	25	1
184	26	1
184	27	1
184	28	1
184	29	1
184	30	1
184	31	1
184	32	1
184	33	1
184	34	1
184	35	1
184	36	1
184	37	1
184	38	1
184	39	1
184	40	1
185	1	1
185	2	1
185	3	0
185	4	1
185	5	1
185	6	1
185	7	1
185	8	0
185	9	1
185	10	1
185	11	0
185	12	1
185	13	0
185	14	1
185	15	1
185	16	0
185	17	1
185	18	0
185	19	1
185	20	0
185	21	0
185	22	1
185	23	1
185	24	0
185	25	1
185	26	0
185	27	0
185	28	0
185	29	1
185	30	1
185	31	1
185	32	1
185	33	0
185	34	1
185	35	0
185	36	0
185	37	0
185	38	1
185	39	0
185	40	1
186	1	1
186	2	1
186	3	0
186	4	1
186	5	0
186	6	1
186	7	1
186	8	0
186	9	1
186	10	1
186	11	0
186	12	1
186	13	0
186	14	1
186	15	1
186	16	0
186	17	1
186	18	0
186	19	1
186	20	0
186	21	0
186	22	1
186	23	1
186	24	0
186	25	1
186	26	0
186	27	0
186	28	0
186	29	1
186	30	1
186	31	1
186	32	1
186	33	0
186	34	0
186	35	0
186	36	0
186	37	0
186	38	1
186	39	0
186	40	1
187	1	1
187	2	1
187	3	1
187	4	1
187	5	1
187	6	1
187	7	1
187	8	1
187	9	1
187	10	1
187	11	1
187	12	1
187	13	1
187	14	1
187	15	1
187	16	1
187	17	1
187	18	1
187	19	1
187	20	1
187	21	1
187	22	1
187	23	1
187	24	1
187	25	1
187	26	1
187	27	1
187	28	1
187	29	1
187	30	1
187	31	1
187	32	1
187	33	1
187	34	1
187	35	1
187	36	1
187	37	1
187	38	1
187	39	1
187	40	1
188	1	1
188	2	1
188	3	0
188	4	1
188	5	1
188	6	1
188	7	1
188	8	0
188	9	1
188	10	1
188	11	0
188	12	1
188	13	0
188	14	1
188	15	1
188	16	0
188	17	1
188	18	0
188	19	1
188	20	0
188	21	0
188	22	1
188	23	1
188	24	0
188	25	1
188	26	0
188	27	0
188	28	0
188	29	1
188	30	1
188	31	1
188	32	1
188	33	0
188	34	1
188	35	0
188	36	0
188	37	0
188	38	1
188	39	0
188	40	1
189	1	1
189	2	1
189	3	0
189	4	1
189	5	1
189	6	1
189	7	1
189	8	0
189	9	1
189	10	1
189	11	0
189	12	1
189	13	0
189	14	1
189	15	1
189	16	0
189	17	1
189	18	0
189	19	1
189	20	0
189	21	0
189	22	1
189	23	1
189	24	0
189	25	1
189	26	0
189	27	0
189	28	0
189	29	1
189	30	1
189	31	1
189	32	1
189	33	0
189	34	1
189	35	0
189	36	0
189	37	0
189	38	1
189	39	0
189	40	1
190	1	0
190	2	0
190	3	0
190	4	0
190	5	1
190	6	1
190	7	1
190	8	0
190	9	0
190	10	1
190	11	0
190	12	1
190	13	0
190	14	0
190	15	0
190	16	0
190	17	1
190	18	0
190	19	1
190	20	0
190	21	0
190	22	1
190	23	1
190	24	0
190	25	0
190	26	0
190	27	0
190	28	0
190	29	1
190	30	1
190	31	1
190	32	0
190	33	0
190	34	0
190	35	0
190	36	0
190	37	0
190	38	0
190	39	0
190	40	1
191	1	1
191	2	1
191	3	0
191	4	1
191	5	0
191	6	1
191	7	1
191	8	0
191	9	1
191	10	1
191	11	0
191	12	1
191	13	0
191	14	1
191	15	1
191	16	0
191	17	1
191	18	0
191	19	1
191	20	0
191	21	0
191	22	1
191	23	1
191	24	0
191	25	1
191	26	0
191	27	0
191	28	0
191	29	1
191	30	1
191	31	1
191	32	1
191	33	0
191	34	0
191	35	0
191	36	0
191	37	0
191	38	1
191	39	0
191	40	1
192	1	0
192	2	0
192	3	0
192	4	0
192	5	1
192	6	1
192	7	0
192	8	0
192	9	0
192	10	1
192	11	1
192	12	1
192	13	1
192	14	1
192	15	0
192	16	1
192	17	1
192	18	0
192	19	0
192	20	0
192	21	0
192	22	1
192	23	0
192	24	0
192	25	0
192	26	0
192	27	1
192	28	0
192	29	1
192	30	1
192	31	1
192	32	0
192	33	1
192	34	0
192	35	0
192	36	0
192	37	0
192	38	0
192	39	0
192	40	0
193	1	1
193	2	1
193	3	0
193	4	1
193	5	0
193	6	1
193	7	1
193	8	0
193	9	1
193	10	1
193	11	0
193	12	1
193	13	0
193	14	1
193	15	1
193	16	0
193	17	1
193	18	0
193	19	1
193	20	0
193	21	0
193	22	1
193	23	1
193	24	0
193	25	1
193	26	0
193	27	0
193	28	0
193	29	1
193	30	1
193	31	1
193	32	1
193	33	0
193	34	0
193	35	0
193	36	0
193	37	0
193	38	1
193	39	0
193	40	1
194	1	1
194	2	1
194	3	0
194	4	1
194	5	0
194	6	1
194	7	1
194	8	1
194	9	1
194	10	1
194	11	0
194	12	1
194	13	1
194	14	1
194	15	1
194	16	1
194	17	1
194	18	0
194	19	1
194	20	0
194	21	0
194	22	1
194	23	1
194	24	0
194	25	1
194	26	1
194	27	0
194	28	1
194	29	1
194	30	1
194	31	1
194	32	1
194	33	1
194	34	0
194	35	0
194	36	1
194	37	0
194	38	1
194	39	0
194	40	1
195	1	0
195	2	0
195	3	0
195	4	1
195	5	1
195	6	1
195	7	0
195	8	0
195	9	0
195	10	1
195	11	0
195	12	1
195	13	0
195	14	1
195	15	0
195	16	0
195	17	1
195	18	0
195	19	0
195	20	0
195	21	0
195	22	1
195	23	1
195	24	0
195	25	0
195	26	0
195	27	0
195	28	0
195	29	1
195	30	1
195	31	1
195	32	0
195	33	0
195	34	0
195	35	0
195	36	0
195	37	0
195	38	1
195	39	0
195	40	0
196	1	1
196	2	1
196	3	0
196	4	1
196	5	0
196	6	1
196	7	1
196	8	0
196	9	1
196	10	1
196	11	0
196	12	1
196	13	0
196	14	1
196	15	1
196	16	0
196	17	1
196	18	0
196	19	1
196	20	0
196	21	0
196	22	1
196	23	1
196	24	0
196	25	1
196	26	0
196	27	0
196	28	0
196	29	1
196	30	1
196	31	1
196	32	1
196	33	0
196	34	0
196	35	0
196	36	0
196	37	0
196	38	1
196	39	0
196	40	1
197	1	1
197	2	1
197	3	0
197	4	1
197	5	0
197	6	1
197	7	1
197	8	0
197	9	1
197	10	0
197	11	0
197	12	1
197	13	0
197	14	1
197	15	1
197	16	0
197	17	1
197	18	0
197	19	1
197	20	0
197	21	0
197	22	0
197	23	0
197	24	0
197	25	1
197	26	0
197	27	0
197	28	0
197	29	1
197	30	1
197	31	1
197	32	1
197	33	0
197	34	0
197	35	0
197	36	0
197	37	0
197	38	1
197	39	0
197	40	1
198	1	1
198	2	1
198	3	0
198	4	0
198	5	0
198	6	1
198	7	0
198	8	0
198	9	0
198	10	1
198	11	0
198	12	0
198	13	0
198	14	1
198	15	1
198	16	0
198	17	1
198	18	0
198	19	0
198	20	0
198	21	0
198	22	1
198	23	0
198	24	0
198	25	1
198	26	0
198	27	0
198	28	0
198	29	1
198	30	1
198	31	1
198	32	1
198	33	0
198	34	0
198	35	0
198	36	0
198	37	0
198	38	1
198	39	0
198	40	1
199	1	1
199	2	1
199	3	0
199	4	1
199	5	0
199	6	1
199	7	1
199	8	0
199	9	1
199	10	1
199	11	0
199	12	1
199	13	0
199	14	1
199	15	1
199	16	0
199	17	1
199	18	0
199	19	1
199	20	0
199	21	0
199	22	1
199	23	1
199	24	0
199	25	1
199	26	0
199	27	0
199	28	0
199	29	1
199	30	1
199	31	1
199	32	1
199	33	0
199	34	0
199	35	0
199	36	0
199	37	0
199	38	1
199	39	0
199	40	1
200	1	1
200	2	1
200	3	0
200	4	1
200	5	0
200	6	1
200	7	1
200	8	0
200	9	1
200	10	1
200	11	0
200	12	1
200	13	0
200	14	1
200	15	1
200	16	0
200	17	1
200	18	0
200	19	1
200	20	0
200	21	0
200	22	1
200	23	1
200	24	0
200	25	1
200	26	0
200	27	0
200	28	0
200	29	1
200	30	1
200	31	1
200	32	1
200	33	0
200	34	0
200	35	0
200	36	0
200	37	0
200	38	1
200	39	0
200	40	1
201	1	1
201	2	1
201	3	1
201	4	1
201	5	0
201	6	1
201	7	1
201	8	0
201	9	1
201	10	1
201	11	1
201	12	1
201	13	0
201	14	1
201	15	1
201	16	0
201	17	1
201	18	0
201	19	1
201	20	0
201	21	0
201	22	1
201	23	1
201	24	0
201	25	1
201	26	0
201	27	1
201	28	0
201	29	1
201	30	1
201	31	1
201	32	1
201	33	0
201	34	0
201	35	0
201	36	0
201	37	0
201	38	1
201	39	0
201	40	1
202	1	1
202	2	1
202	3	0
202	4	1
202	5	0
202	6	1
202	7	1
202	8	0
202	9	1
202	10	1
202	11	0
202	12	1
202	13	0
202	14	1
202	15	1
202	16	0
202	17	1
202	18	0
202	19	1
202	20	0
202	21	0
202	22	1
202	23	1
202	24	0
202	25	1
202	26	0
202	27	0
202	28	0
202	29	1
202	30	1
202	31	1
202	32	1
202	33	0
202	34	0
202	35	0
202	36	0
202	37	0
202	38	1
202	39	0
202	40	1
203	1	1
203	2	1
203	3	0
203	4	1
203	5	0
203	6	1
203	7	1
203	8	0
203	9	1
203	10	1
203	11	0
203	12	1
203	13	0
203	14	1
203	15	1
203	16	0
203	17	1
203	18	0
203	19	1
203	20	0
203	21	0
203	22	1
203	23	1
203	24	0
203	25	1
203	26	0
203	27	0
203	28	0
203	29	1
203	30	1
203	31	1
203	32	1
203	33	0
203	34	0
203	35	0
203	36	0
203	37	0
203	38	1
203	39	0
203	40	1
204	1	0
204	2	0
204	3	0
204	4	0
204	5	0
204	6	1
204	7	1
204	8	0
204	9	0
204	10	1
204	11	0
204	12	1
204	13	0
204	14	0
204	15	0
204	16	0
204	17	1
204	18	0
204	19	1
204	20	0
204	21	0
204	22	1
204	23	1
204	24	0
204	25	0
204	26	0
204	27	0
204	28	0
204	29	1
204	30	1
204	31	1
204	32	0
204	33	0
204	34	0
204	35	0
204	36	0
204	37	0
204	38	0
204	39	0
204	40	1
205	1	1
205	2	1
205	3	0
205	4	1
205	5	1
205	6	1
205	7	1
205	8	0
205	9	1
205	10	0
205	11	0
205	12	1
205	13	0
205	14	1
205	15	1
205	16	0
205	17	1
205	18	0
205	19	1
205	20	0
205	21	0
205	22	0
205	23	0
205	24	0
205	25	1
205	26	0
205	27	0
205	28	0
205	29	1
205	30	1
205	31	1
205	32	1
205	33	0
205	34	1
205	35	0
205	36	0
205	37	0
205	38	1
205	39	0
205	40	1
206	1	1
206	2	1
206	3	0
206	4	0
206	5	1
206	6	1
206	7	0
206	8	0
206	9	1
206	10	1
206	11	0
206	12	1
206	13	0
206	14	1
206	15	0
206	16	0
206	17	1
206	18	0
206	19	0
206	20	0
206	21	0
206	22	1
206	23	0
206	24	0
206	25	1
206	26	0
206	27	0
206	28	0
206	29	1
206	30	1
206	31	1
206	32	1
206	33	0
206	34	1
206	35	0
206	36	0
206	37	0
206	38	0
206	39	0
206	40	1
207	1	1
207	2	1
207	3	0
207	4	1
207	5	1
207	6	1
207	7	1
207	8	0
207	9	1
207	10	1
207	11	0
207	12	1
207	13	0
207	14	1
207	15	1
207	16	0
207	17	1
207	18	0
207	19	1
207	20	0
207	21	0
207	22	1
207	23	1
207	24	0
207	25	1
207	26	0
207	27	0
207	28	0
207	29	1
207	30	1
207	31	1
207	32	1
207	33	0
207	34	1
207	35	0
207	36	0
207	37	0
207	38	1
207	39	0
207	40	1
208	1	0
208	2	0
208	3	0
208	4	0
208	5	1
208	6	0
208	7	0
208	8	0
208	9	0
208	10	0
208	11	0
208	12	0
208	13	0
208	14	0
208	15	0
208	16	0
208	17	0
208	18	0
208	19	0
208	20	0
208	21	0
208	22	0
208	23	0
208	24	0
208	25	0
208	26	0
208	27	0
208	28	0
208	29	0
208	30	0
208	31	0
208	32	0
208	33	0
208	34	1
208	35	0
208	36	0
208	37	0
208	38	0
208	39	0
208	40	0
209	1	0
209	2	1
209	3	0
209	4	0
209	5	0
209	6	0
209	7	0
209	8	1
209	9	1
209	10	1
209	11	0
209	12	1
209	13	0
209	14	1
209	15	0
209	16	0
209	17	1
209	18	0
209	19	0
209	20	0
209	21	0
209	22	1
209	23	0
209	24	0
209	25	0
209	26	0
209	27	0
209	28	1
209	29	0
209	30	1
209	31	0
209	32	0
209	33	0
209	34	0
209	35	0
209	36	1
209	37	0
209	38	1
209	39	0
209	40	0
210	1	1
210	2	1
210	3	1
210	4	1
210	5	1
210	6	1
210	7	1
210	8	1
210	9	1
210	10	1
210	11	1
210	12	1
210	13	1
210	14	1
210	15	1
210	16	1
210	17	1
210	18	1
210	19	1
210	20	1
210	21	1
210	22	1
210	23	1
210	24	1
210	25	1
210	26	1
210	27	1
210	28	1
210	29	1
210	30	1
210	31	1
210	32	1
210	33	1
210	34	1
210	35	1
210	36	1
210	37	1
210	38	1
210	39	1
210	40	1
211	1	1
211	2	1
211	3	1
211	4	0
211	5	0
211	6	1
211	7	0
211	8	0
211	9	0
211	10	1
211	11	0
211	12	0
211	13	1
211	14	1
211	15	0
211	16	1
211	17	1
211	18	0
211	19	0
211	20	0
211	21	0
211	22	1
211	23	0
211	24	0
211	25	1
211	26	1
211	27	1
211	28	1
211	29	1
211	30	1
211	31	1
211	32	1
211	33	1
211	34	1
211	35	0
211	36	0
211	37	0
211	38	0
211	39	0
211	40	1
212	1	1
212	2	1
212	3	0
212	4	1
212	5	0
212	6	1
212	7	1
212	8	0
212	9	1
212	10	1
212	11	0
212	12	1
212	13	0
212	14	1
212	15	1
212	16	0
212	17	1
212	18	0
212	19	1
212	20	0
212	21	0
212	22	1
212	23	1
212	24	0
212	25	1
212	26	0
212	27	0
212	28	0
212	29	1
212	30	1
212	31	1
212	32	1
212	33	0
212	34	0
212	35	0
212	36	0
212	37	0
212	38	1
212	39	0
212	40	1
213	1	0
213	2	1
213	3	0
213	4	0
213	5	0
213	6	0
213	7	0
213	8	0
213	9	0
213	10	1
213	11	0
213	12	0
213	13	0
213	14	1
213	15	0
213	16	0
213	17	1
213	18	0
213	19	0
213	20	0
213	21	0
213	22	1
213	23	0
213	24	0
213	25	0
213	26	0
213	27	0
213	28	0
213	29	0
213	30	1
213	31	0
213	32	0
213	33	0
213	34	1
213	35	0
213	36	0
213	37	0
213	38	1
213	39	0
213	40	0
214	1	1
214	2	1
214	3	0
214	4	1
214	5	0
214	6	1
214	7	1
214	8	0
214	9	1
214	10	1
214	11	0
214	12	1
214	13	0
214	14	1
214	15	1
214	16	0
214	17	1
214	18	0
214	19	1
214	20	0
214	21	0
214	22	1
214	23	1
214	24	0
214	25	1
214	26	0
214	27	0
214	28	0
214	29	1
214	30	1
214	31	1
214	32	1
214	33	0
214	34	0
214	35	0
214	36	0
214	37	0
214	38	1
214	39	0
214	40	1
215	1	0
215	2	0
215	3	0
215	4	0
215	5	1
215	6	0
215	7	0
215	8	0
215	9	0
215	10	0
215	11	0
215	12	0
215	13	0
215	14	0
215	15	0
215	16	0
215	17	0
215	18	0
215	19	0
215	20	0
215	21	0
215	22	0
215	23	0
215	24	0
215	25	0
215	26	0
215	27	0
215	28	0
215	29	0
215	30	0
215	31	0
215	32	0
215	33	0
215	34	1
215	35	0
215	36	0
215	37	0
215	38	0
215	39	0
215	40	0
216	1	1
216	2	1
216	3	1
216	4	1
216	5	0
216	6	1
216	7	1
216	8	1
216	9	1
216	10	1
216	11	1
216	12	1
216	13	1
216	14	1
216	15	1
216	16	1
216	17	1
216	18	1
216	19	1
216	20	1
216	21	1
216	22	1
216	23	1
216	24	1
216	25	1
216	26	1
216	27	1
216	28	1
216	29	1
216	30	1
216	31	1
216	32	1
216	33	1
216	34	0
216	35	1
216	36	1
216	37	1
216	38	1
216	39	1
216	40	1
217	1	1
217	2	1
217	3	0
217	4	1
217	5	1
217	6	1
217	7	1
217	8	0
217	9	1
217	10	1
217	11	0
217	12	1
217	13	0
217	14	1
217	15	1
217	16	0
217	17	1
217	18	0
217	19	1
217	20	0
217	21	0
217	22	1
217	23	1
217	24	0
217	25	1
217	26	0
217	27	0
217	28	0
217	29	1
217	30	1
217	31	1
217	32	1
217	33	0
217	34	1
217	35	0
217	36	0
217	37	0
217	38	1
217	39	0
217	40	1
218	1	0
218	2	0
218	3	0
218	4	0
218	5	1
218	6	1
218	7	0
218	8	1
218	9	0
218	10	1
218	11	1
218	12	1
218	13	1
218	14	0
218	15	0
218	16	1
218	17	1
218	18	0
218	19	0
218	20	0
218	21	0
218	22	1
218	23	0
218	24	0
218	25	0
218	26	0
218	27	1
218	28	0
218	29	1
218	30	1
218	31	1
218	32	0
218	33	0
218	34	0
218	35	0
218	36	0
218	37	0
218	38	0
218	39	0
218	40	1
219	1	1
219	2	1
219	3	0
219	4	1
219	5	0
219	6	1
219	7	1
219	8	0
219	9	1
219	10	1
219	11	0
219	12	1
219	13	0
219	14	1
219	15	1
219	16	0
219	17	1
219	18	0
219	19	1
219	20	0
219	21	0
219	22	1
219	23	1
219	24	0
219	25	1
219	26	0
219	27	0
219	28	0
219	29	1
219	30	1
219	31	1
219	32	1
219	33	0
219	34	0
219	35	0
219	36	0
219	37	0
219	38	1
219	39	0
219	40	1
220	1	1
220	2	1
220	3	1
220	4	1
220	5	0
220	6	1
220	7	1
220	8	0
220	9	1
220	10	1
220	11	1
220	12	1
220	13	0
220	14	1
220	15	1
220	16	0
220	17	1
220	18	0
220	19	1
220	20	0
220	21	0
220	22	1
220	23	1
220	24	0
220	25	1
220	26	0
220	27	1
220	28	0
220	29	1
220	30	1
220	31	1
220	32	1
220	33	0
220	34	0
220	35	0
220	36	0
220	37	0
220	38	1
220	39	0
220	40	1
221	1	0
221	2	0
221	3	0
221	4	0
221	5	1
221	6	0
221	7	0
221	8	0
221	9	0
221	10	0
221	11	0
221	12	0
221	13	0
221	14	0
221	15	0
221	16	0
221	17	0
221	18	0
221	19	0
221	20	0
221	21	0
221	22	0
221	23	0
221	24	0
221	25	0
221	26	0
221	27	0
221	28	0
221	29	0
221	30	0
221	31	0
221	32	0
221	33	0
221	34	1
221	35	0
221	36	0
221	37	0
221	38	0
221	39	0
221	40	0
222	1	1
222	2	1
222	3	0
222	4	1
222	5	1
222	6	1
222	7	1
222	8	0
222	9	1
222	10	1
222	11	0
222	12	1
222	13	0
222	14	1
222	15	1
222	16	0
222	17	1
222	18	0
222	19	1
222	20	0
222	21	0
222	22	1
222	23	1
222	24	0
222	25	1
222	26	0
222	27	0
222	28	0
222	29	1
222	30	1
222	31	1
222	32	1
222	33	0
222	34	1
222	35	0
222	36	0
222	37	0
222	38	1
222	39	0
222	40	1
223	1	0
223	2	0
223	3	0
223	4	0
223	5	0
223	6	1
223	7	1
223	8	0
223	9	0
223	10	1
223	11	0
223	12	1
223	13	0
223	14	0
223	15	0
223	16	0
223	17	1
223	18	0
223	19	1
223	20	0
223	21	0
223	22	1
223	23	1
223	24	0
223	25	0
223	26	0
223	27	0
223	28	0
223	29	1
223	30	1
223	31	1
223	32	0
223	33	0
223	34	0
223	35	0
223	36	0
223	37	0
223	38	0
223	39	0
223	40	1
224	1	0
224	2	0
224	3	0
224	4	0
224	5	1
224	6	1
224	7	1
224	8	0
224	9	0
224	10	1
224	11	0
224	12	1
224	13	0
224	14	0
224	15	0
224	16	0
224	17	1
224	18	0
224	19	1
224	20	0
224	21	0
224	22	1
224	23	1
224	24	0
224	25	0
224	26	0
224	27	0
224	28	0
224	29	1
224	30	1
224	31	1
224	32	0
224	33	0
224	34	0
224	35	0
224	36	0
224	37	0
224	38	0
224	39	0
224	40	1
225	1	1
225	2	1
225	3	0
225	4	1
225	5	0
225	6	1
225	7	1
225	8	0
225	9	1
225	10	1
225	11	0
225	12	1
225	13	0
225	14	1
225	15	1
225	16	0
225	17	1
225	18	0
225	19	1
225	20	0
225	21	0
225	22	1
225	23	1
225	24	0
225	25	1
225	26	0
225	27	0
225	28	0
225	29	1
225	30	1
225	31	1
225	32	1
225	33	0
225	34	0
225	35	0
225	36	0
225	37	0
225	38	1
225	39	0
225	40	1
226	1	0
226	2	0
226	3	0
226	4	0
226	5	1
226	6	1
226	7	1
226	8	0
226	9	0
226	10	1
226	11	0
226	12	1
226	13	0
226	14	0
226	15	0
226	16	0
226	17	1
226	18	0
226	19	1
226	20	0
226	21	0
226	22	1
226	23	1
226	24	0
226	25	0
226	26	0
226	27	0
226	28	0
226	29	1
226	30	1
226	31	1
226	32	0
226	33	0
226	34	0
226	35	0
226	36	0
226	37	0
226	38	0
226	39	0
226	40	1
227	1	0
227	2	0
227	3	0
227	4	0
227	5	1
227	6	1
227	7	1
227	8	0
227	9	0
227	10	1
227	11	0
227	12	1
227	13	0
227	14	0
227	15	0
227	16	0
227	17	1
227	18	0
227	19	1
227	20	0
227	21	0
227	22	1
227	23	1
227	24	0
227	25	0
227	26	0
227	27	0
227	28	0
227	29	1
227	30	1
227	31	1
227	32	0
227	33	0
227	34	0
227	35	0
227	36	0
227	37	0
227	38	0
227	39	0
227	40	1
228	1	0
228	2	0
228	3	0
228	4	0
228	5	1
228	6	0
228	7	0
228	8	0
228	9	0
228	10	0
228	11	0
228	12	0
228	13	0
228	14	0
228	15	0
228	16	0
228	17	0
228	18	0
228	19	0
228	20	0
228	21	0
228	22	0
228	23	0
228	24	0
228	25	0
228	26	0
228	27	0
228	28	0
228	29	0
228	30	0
228	31	0
228	32	0
228	33	0
228	34	1
228	35	0
228	36	0
228	37	0
228	38	0
228	39	0
228	40	0
229	1	1
229	2	1
229	3	0
229	4	1
229	5	0
229	6	1
229	7	1
229	8	0
229	9	1
229	10	1
229	11	0
229	12	1
229	13	0
229	14	1
229	15	1
229	16	0
229	17	1
229	18	0
229	19	1
229	20	0
229	21	0
229	22	1
229	23	1
229	24	0
229	25	1
229	26	0
229	27	0
229	28	0
229	29	1
229	30	1
229	31	1
229	32	1
229	33	0
229	34	0
229	35	0
229	36	0
229	37	0
229	38	1
229	39	0
229	40	1
230	1	1
230	2	1
230	3	0
230	4	1
230	5	0
230	6	1
230	7	1
230	8	0
230	9	1
230	10	1
230	11	0
230	12	1
230	13	0
230	14	1
230	15	1
230	16	0
230	17	1
230	18	0
230	19	1
230	20	0
230	21	0
230	22	1
230	23	1
230	24	0
230	25	1
230	26	0
230	27	0
230	28	0
230	29	1
230	30	1
230	31	1
230	32	1
230	33	0
230	34	0
230	35	0
230	36	0
230	37	0
230	38	1
230	39	0
230	40	1
231	1	0
231	2	0
231	3	0
231	4	1
231	5	1
231	6	1
231	7	0
231	8	0
231	9	0
231	10	1
231	11	0
231	12	1
231	13	0
231	14	1
231	15	0
231	16	0
231	17	1
231	18	0
231	19	0
231	20	0
231	21	0
231	22	1
231	23	1
231	24	0
231	25	0
231	26	0
231	27	0
231	28	0
231	29	1
231	30	1
231	31	1
231	32	0
231	33	0
231	34	0
231	35	0
231	36	0
231	37	0
231	38	1
231	39	0
231	40	0
232	1	1
232	2	1
232	3	0
232	4	1
232	5	1
232	6	1
232	7	1
232	8	0
232	9	1
232	10	0
232	11	0
232	12	1
232	13	0
232	14	1
232	15	1
232	16	0
232	17	1
232	18	0
232	19	1
232	20	0
232	21	0
232	22	0
232	23	0
232	24	0
232	25	1
232	26	0
232	27	0
232	28	0
232	29	1
232	30	1
232	31	1
232	32	1
232	33	0
232	34	1
232	35	0
232	36	0
232	37	0
232	38	1
232	39	0
232	40	1
233	1	1
233	2	1
233	3	1
233	4	1
233	5	1
233	6	1
233	7	1
233	8	1
233	9	1
233	10	1
233	11	1
233	12	1
233	13	1
233	14	1
233	15	1
233	16	1
233	17	1
233	18	1
233	19	1
233	20	1
233	21	1
233	22	1
233	23	1
233	24	1
233	25	1
233	26	1
233	27	1
233	28	1
233	29	1
233	30	1
233	31	1
233	32	1
233	33	1
233	34	1
233	35	1
233	36	1
233	37	1
233	38	1
233	39	1
233	40	1
234	1	1
234	2	1
234	3	1
234	4	1
234	5	0
234	6	1
234	7	1
234	8	1
234	9	1
234	10	1
234	11	1
234	12	1
234	13	1
234	14	1
234	15	1
234	16	1
234	17	1
234	18	1
234	19	1
234	20	1
234	21	1
234	22	1
234	23	1
234	24	1
234	25	1
234	26	1
234	27	1
234	28	1
234	29	1
234	30	1
234	31	1
234	32	1
234	33	1
234	34	0
234	35	1
234	36	1
234	37	1
234	38	1
234	39	1
234	40	1
235	1	0
235	2	0
235	3	1
235	4	0
235	5	1
235	6	0
235	7	0
235	8	0
235	9	0
235	10	0
235	11	1
235	12	0
235	13	0
235	14	0
235	15	0
235	16	0
235	17	0
235	18	1
235	19	0
235	20	1
235	21	1
235	22	0
235	23	0
235	24	1
235	25	0
235	26	0
235	27	1
235	28	0
235	29	0
235	30	0
235	31	0
235	32	0
235	33	0
235	34	1
235	35	1
235	36	0
235	37	1
235	38	0
235	39	1
235	40	0
236	1	1
236	2	1
236	3	0
236	4	1
236	5	1
236	6	1
236	7	1
236	8	0
236	9	1
236	10	1
236	11	0
236	12	1
236	13	0
236	14	1
236	15	1
236	16	0
236	17	1
236	18	0
236	19	1
236	20	0
236	21	0
236	22	1
236	23	1
236	24	0
236	25	1
236	26	0
236	27	0
236	28	0
236	29	1
236	30	1
236	31	1
236	32	1
236	33	0
236	34	1
236	35	0
236	36	0
236	37	0
236	38	1
236	39	0
236	40	1
237	1	1
237	2	1
237	3	0
237	4	1
237	5	0
237	6	1
237	7	1
237	8	0
237	9	1
237	10	1
237	11	0
237	12	1
237	13	0
237	14	1
237	15	1
237	16	0
237	17	1
237	18	0
237	19	1
237	20	0
237	21	0
237	22	1
237	23	1
237	24	0
237	25	1
237	26	0
237	27	0
237	28	0
237	29	1
237	30	1
237	31	1
237	32	1
237	33	0
237	34	0
237	35	0
237	36	0
237	37	0
237	38	1
237	39	0
237	40	1
238	1	0
238	2	0
238	3	0
238	4	1
238	5	0
238	6	0
238	7	1
238	8	0
238	9	0
238	10	0
238	11	0
238	12	0
238	13	0
238	14	0
238	15	1
238	16	0
238	17	0
238	18	0
238	19	1
238	20	0
238	21	0
238	22	0
238	23	1
238	24	0
238	25	0
238	26	0
238	27	0
238	28	0
238	29	0
238	30	0
238	31	0
238	32	0
238	33	0
238	34	0
238	35	0
238	36	0
238	37	0
238	38	1
238	39	0
238	40	0
239	1	1
239	2	1
239	3	0
239	4	1
239	5	1
239	6	1
239	7	1
239	8	0
239	9	1
239	10	1
239	11	0
239	12	1
239	13	0
239	14	1
239	15	1
239	16	0
239	17	1
239	18	0
239	19	1
239	20	0
239	21	0
239	22	1
239	23	1
239	24	0
239	25	1
239	26	0
239	27	0
239	28	0
239	29	1
239	30	1
239	31	1
239	32	1
239	33	0
239	34	1
239	35	0
239	36	0
239	37	0
239	38	1
239	39	0
239	40	1
240	1	0
240	2	0
240	3	0
240	4	1
240	5	0
240	6	0
240	7	1
240	8	0
240	9	0
240	10	0
240	11	0
240	12	0
240	13	0
240	14	0
240	15	1
240	16	0
240	17	0
240	18	0
240	19	1
240	20	0
240	21	0
240	22	0
240	23	1
240	24	0
240	25	0
240	26	0
240	27	0
240	28	0
240	29	0
240	30	0
240	31	0
240	32	0
240	33	0
240	34	0
240	35	0
240	36	0
240	37	0
240	38	1
240	39	0
240	40	0
241	1	1
241	2	1
241	3	1
241	4	1
241	5	1
241	6	1
241	7	1
241	8	1
241	9	1
241	10	1
241	11	1
241	12	1
241	13	1
241	14	1
241	15	1
241	16	1
241	17	1
241	18	1
241	19	1
241	20	1
241	21	1
241	22	1
241	23	1
241	24	1
241	25	1
241	26	1
241	27	1
241	28	1
241	29	1
241	30	1
241	31	1
241	32	1
241	33	1
241	34	1
241	35	1
241	36	1
241	37	1
241	38	1
241	39	1
241	40	1
242	1	1
242	2	1
242	3	0
242	4	1
242	5	0
242	6	1
242	7	1
242	8	0
242	9	1
242	10	1
242	11	0
242	12	1
242	13	0
242	14	1
242	15	1
242	16	0
242	17	1
242	18	0
242	19	1
242	20	0
242	21	0
242	22	1
242	23	1
242	24	0
242	25	1
242	26	0
242	27	0
242	28	0
242	29	1
242	30	1
242	31	1
242	32	1
242	33	0
242	34	0
242	35	0
242	36	0
242	37	0
242	38	1
242	39	0
242	40	1
243	1	1
243	2	1
243	3	1
243	4	1
243	5	1
243	6	1
243	7	1
243	8	1
243	9	1
243	10	1
243	11	1
243	12	1
243	13	1
243	14	1
243	15	1
243	16	1
243	17	1
243	18	1
243	19	1
243	20	1
243	21	1
243	22	1
243	23	1
243	24	1
243	25	1
243	26	1
243	27	1
243	28	1
243	29	1
243	30	1
243	31	1
243	32	1
243	33	1
243	34	1
243	35	1
243	36	1
243	37	1
243	38	1
243	39	1
243	40	1
244	1	1
244	2	1
244	3	0
244	4	0
244	5	0
244	6	1
244	7	0
244	8	0
244	9	0
244	10	1
244	11	0
244	12	0
244	13	0
244	14	1
244	15	1
244	16	0
244	17	1
244	18	0
244	19	0
244	20	0
244	21	0
244	22	1
244	23	0
244	24	0
244	25	1
244	26	0
244	27	0
244	28	0
244	29	1
244	30	1
244	31	1
244	32	1
244	33	0
244	34	1
244	35	0
244	36	0
244	37	0
244	38	1
244	39	0
244	40	1
245	1	1
245	2	1
245	3	0
245	4	1
245	5	0
245	6	1
245	7	1
245	8	0
245	9	1
245	10	1
245	11	0
245	12	1
245	13	0
245	14	1
245	15	1
245	16	0
245	17	1
245	18	0
245	19	1
245	20	0
245	21	0
245	22	1
245	23	1
245	24	0
245	25	1
245	26	0
245	27	0
245	28	0
245	29	1
245	30	1
245	31	1
245	32	1
245	33	0
245	34	0
245	35	0
245	36	0
245	37	0
245	38	1
245	39	0
245	40	1
246	1	1
246	2	1
246	3	0
246	4	1
246	5	1
246	6	1
246	7	1
246	8	0
246	9	1
246	10	1
246	11	0
246	12	1
246	13	0
246	14	1
246	15	1
246	16	0
246	17	1
246	18	0
246	19	1
246	20	0
246	21	0
246	22	1
246	23	1
246	24	0
246	25	1
246	26	0
246	27	0
246	28	0
246	29	1
246	30	1
246	31	1
246	32	1
246	33	0
246	34	1
246	35	0
246	36	0
246	37	0
246	38	1
246	39	0
246	40	1
247	1	0
247	2	0
247	3	0
247	4	1
247	5	0
247	6	0
247	7	1
247	8	0
247	9	0
247	10	0
247	11	0
247	12	0
247	13	0
247	14	0
247	15	1
247	16	0
247	17	0
247	18	0
247	19	1
247	20	0
247	21	0
247	22	0
247	23	1
247	24	0
247	25	0
247	26	0
247	27	0
247	28	0
247	29	0
247	30	0
247	31	0
247	32	0
247	33	0
247	34	0
247	35	0
247	36	0
247	37	0
247	38	1
247	39	0
247	40	0
248	1	1
248	2	1
248	3	0
248	4	0
248	5	0
248	6	1
248	7	0
248	8	0
248	9	0
248	10	1
248	11	0
248	12	0
248	13	0
248	14	1
248	15	1
248	16	0
248	17	1
248	18	0
248	19	0
248	20	0
248	21	0
248	22	1
248	23	0
248	24	0
248	25	1
248	26	0
248	27	0
248	28	0
248	29	1
248	30	1
248	31	1
248	32	1
248	33	0
248	34	1
248	35	0
248	36	0
248	37	0
248	38	1
248	39	0
248	40	1
249	1	1
249	2	1
249	3	1
249	4	1
249	5	1
249	6	1
249	7	1
249	8	1
249	9	1
249	10	1
249	11	1
249	12	1
249	13	1
249	14	1
249	15	1
249	16	1
249	17	1
249	18	1
249	19	1
249	20	1
249	21	1
249	22	1
249	23	1
249	24	1
249	25	1
249	26	1
249	27	1
249	28	1
249	29	1
249	30	1
249	31	1
249	32	1
249	33	1
249	34	1
249	35	1
249	36	1
249	37	1
249	38	1
249	39	1
249	40	1
250	1	0
250	2	0
250	3	0
250	4	1
250	5	0
250	6	1
250	7	0
250	8	0
250	9	0
250	10	1
250	11	0
250	12	1
250	13	0
250	14	1
250	15	0
250	16	0
250	17	1
250	18	0
250	19	0
250	20	0
250	21	0
250	22	1
250	23	1
250	24	0
250	25	0
250	26	0
250	27	0
250	28	0
250	29	1
250	30	1
250	31	1
250	32	0
250	33	0
250	34	0
250	35	0
250	36	0
250	37	0
250	38	1
250	39	0
250	40	0
