p	r	C_pr
1	1	50
1	2	60
1	3	80
1	4	100
1	5	100
1	6	50
1	7	100
1	8	120
1	9	70
1	10	70
1	11	100
1	12	70
1	13	80
1	14	60
1	15	80
1	16	90
1	17	60
1	18	40
1	19	100
1	20	70
1	21	30
1	22	80
1	23	120
1	24	10
1	25	50
1	26	20
1	27	20
1	28	80
1	29	50
1	30	0
1	31	60
1	32	60
1	33	100
1	34	30
1	35	60
1	36	100
1	37	60
1	38	80
1	39	70
1	40	60
2	1	60
2	2	90
2	3	100
2	4	120
2	5	60
2	6	90
2	7	100
2	8	20
2	9	90
2	10	90
2	11	80
2	12	70
2	13	70
2	14	100
2	15	120
2	16	90
2	17	30
2	18	90
2	19	90
2	20	40
2	21	100
2	22	100
2	23	110
2	24	70
2	25	110
2	26	90
2	27	90
2	28	70
2	29	90
2	30	70
2	31	90
2	32	120
2	33	120
2	34	70
2	35	80
2	36	20
2	37	40
2	38	100
2	39	90
2	40	90
3	1	110
3	2	110
3	3	110
3	4	90
3	5	70
3	6	70
3	7	90
3	8	110
3	9	130
3	10	90
3	11	90
3	12	90
3	13	50
3	14	90
3	15	90
3	16	70
3	17	70
3	18	60
3	19	90
3	20	90
3	21	40
3	22	90
3	23	90
3	24	0
3	25	110
3	26	40
3	27	20
3	28	90
3	29	70
3	30	20
3	31	70
3	32	110
3	33	90
3	34	40
3	35	50
3	36	110
3	37	50
3	38	70
3	39	70
3	40	90
4	1	40
4	2	90
4	3	110
4	4	70
4	5	50
4	6	50
4	7	70
4	8	20
4	9	90
4	10	50
4	11	70
4	12	50
4	13	50
4	14	70
4	15	90
4	16	50
4	17	0
4	18	70
4	19	70
4	20	20
4	21	70
4	22	50
4	23	50
4	24	50
4	25	90
4	26	90
4	27	70
4	28	90
4	29	50
4	30	50
4	31	50
4	32	90
4	33	70
4	34	90
4	35	50
4	36	40
4	37	0
4	38	70
4	39	50
4	40	70
5	1	90
5	2	70
5	3	80
5	4	100
5	5	100
5	6	70
5	7	120
5	8	90
5	9	90
5	10	50
5	11	80
5	12	70
5	13	70
5	14	60
5	15	100
5	16	70
5	17	60
5	18	60
5	19	110
5	20	90
5	21	90
5	22	60
5	23	90
5	24	20
5	25	90
5	26	40
5	27	20
5	28	70
5	29	70
5	30	0
5	31	70
5	32	100
5	33	80
5	34	40
5	35	80
5	36	90
5	37	90
5	38	60
5	39	70
5	40	90
6	1	40
6	2	70
6	3	80
6	4	100
6	5	60
6	6	70
6	7	70
6	8	20
6	9	70
6	10	70
6	11	60
6	12	50
6	13	70
6	14	80
6	15	90
6	16	90
6	17	10
6	18	70
6	19	70
6	20	20
6	21	70
6	22	70
6	23	90
6	24	50
6	25	90
6	26	90
6	27	70
6	28	70
6	29	70
6	30	50
6	31	70
6	32	90
6	33	110
6	34	70
6	35	60
6	36	20
6	37	20
6	38	70
6	39	70
6	40	70
7	1	60
7	2	100
7	3	120
7	4	120
7	5	80
7	6	70
7	7	120
7	8	50
7	9	90
7	10	50
7	11	80
7	12	50
7	13	100
7	14	80
7	15	140
7	16	90
7	17	10
7	18	70
7	19	120
7	20	20
7	21	100
7	22	60
7	23	100
7	24	60
7	25	110
7	26	130
7	27	90
7	28	120
7	29	70
7	30	50
7	31	80
7	32	120
7	33	120
7	34	120
7	35	60
7	36	70
7	37	30
7	38	100
7	39	50
7	40	100
8	1	110
8	2	120
8	3	100
8	4	100
8	5	80
8	6	70
8	7	100
8	8	140
8	9	130
8	10	90
8	11	80
8	12	90
8	13	80
8	14	100
8	15	100
8	16	90
8	17	80
8	18	80
8	19	100
8	20	110
8	21	70
8	22	100
8	23	100
8	24	30
8	25	110
8	26	60
8	27	0
8	28	120
8	29	70
8	30	20
8	31	80
8	32	120
8	33	120
8	34	50
8	35	80
8	36	140
8	37	80
8	38	80
8	39	90
8	40	100
9	1	40
9	2	70
9	3	90
9	4	90
9	5	70
9	6	70
9	7	110
9	8	60
9	9	70
9	10	70
9	11	70
9	12	50
9	13	90
9	14	50
9	15	110
9	16	110
9	17	0
9	18	90
9	19	110
9	20	40
9	21	90
9	22	70
9	23	110
9	24	50
9	25	90
9	26	110
9	27	90
9	28	90
9	29	70
9	30	50
9	31	70
9	32	90
9	33	110
9	34	90
9	35	50
9	36	40
9	37	20
9	38	70
9	39	70
9	40	90
10	1	20
10	2	50
10	3	80
10	4	100
10	5	80
10	6	70
10	7	90
10	8	40
10	9	70
10	10	70
10	11	100
10	12	70
10	13	70
10	14	60
10	15	70
10	16	90
10	17	10
10	18	90
10	19	90
10	20	20
10	21	90
10	22	70
10	23	110
10	24	50
10	25	70
10	26	70
10	27	90
10	28	50
10	29	70
10	30	50
10	31	70
10	32	70
10	33	90
10	34	50
10	35	60
10	36	20
10	37	20
10	38	50
10	39	70
10	40	70
11	1	40
11	2	100
11	3	80
11	4	100
11	5	80
11	6	70
11	7	80
11	8	50
11	9	110
11	10	70
11	11	80
11	12	90
11	13	80
11	14	100
11	15	80
11	16	70
11	17	30
11	18	90
11	19	80
11	20	20
11	21	100
11	22	80
11	23	80
11	24	80
11	25	90
11	26	90
11	27	50
11	28	100
11	29	70
11	30	70
11	31	80
11	32	100
11	33	100
11	34	80
11	35	80
11	36	70
11	37	30
11	38	80
11	39	70
11	40	80
12	1	40
12	2	90
12	3	90
12	4	90
12	5	50
12	6	50
12	7	90
12	8	20
12	9	90
12	10	50
12	11	50
12	12	50
12	13	50
12	14	70
12	15	110
12	16	50
12	17	0
12	18	70
12	19	90
12	20	20
12	21	70
12	22	50
12	23	70
12	24	50
12	25	90
12	26	90
12	27	50
12	28	90
12	29	50
12	30	50
12	31	50
12	32	90
12	33	70
12	34	90
12	35	50
12	36	40
12	37	0
12	38	90
12	39	50
12	40	70
13	1	40
13	2	90
13	3	100
13	4	80
13	5	60
13	6	70
13	7	90
13	8	40
13	9	90
13	10	90
13	11	80
13	12	70
13	13	50
13	14	80
13	15	90
13	16	70
13	17	30
13	18	110
13	19	90
13	20	60
13	21	90
13	22	90
13	23	90
13	24	70
13	25	90
13	26	70
13	27	70
13	28	70
13	29	70
13	30	70
13	31	70
13	32	90
13	33	70
13	34	70
13	35	80
13	36	20
13	37	20
13	38	70
13	39	90
13	40	90
14	1	50
14	2	50
14	3	50
14	4	50
14	5	50
14	6	50
14	7	50
14	8	50
14	9	50
14	10	50
14	11	50
14	12	50
14	13	50
14	14	50
14	15	50
14	16	50
14	17	50
14	18	0
14	19	50
14	20	50
14	21	0
14	22	50
14	23	50
14	24	0
14	25	50
14	26	0
14	27	0
14	28	50
14	29	50
14	30	0
14	31	50
14	32	50
14	33	50
14	34	0
14	35	50
14	36	50
14	37	50
14	38	50
14	39	50
14	40	50
15	1	130
15	2	110
15	3	100
15	4	120
15	5	80
15	6	90
15	7	120
15	8	110
15	9	130
15	10	70
15	11	80
15	12	90
15	13	90
15	14	100
15	15	120
15	16	90
15	17	80
15	18	60
15	19	110
15	20	90
15	21	90
15	22	80
15	23	90
15	24	20
15	25	130
15	26	80
15	27	20
15	28	110
15	29	90
15	30	20
15	31	90
15	32	140
15	33	120
15	34	40
15	35	80
15	36	130
15	37	90
15	38	80
15	39	70
15	40	110
16	1	60
16	2	90
16	3	100
16	4	120
16	5	80
16	6	90
16	7	90
16	8	40
16	9	110
16	10	90
16	11	100
16	12	90
16	13	70
16	14	100
16	15	90
16	16	90
16	17	30
16	18	90
16	19	90
16	20	20
16	21	90
16	22	90
16	23	110
16	24	50
16	25	110
16	26	90
16	27	90
16	28	70
16	29	90
16	30	70
16	31	90
16	32	110
16	33	110
16	34	70
16	35	60
16	36	40
16	37	20
16	38	70
16	39	70
16	40	90
17	1	40
17	2	70
17	3	80
17	4	80
17	5	60
17	6	70
17	7	100
17	8	20
17	9	70
17	10	50
17	11	60
17	12	50
17	13	70
17	14	60
17	15	100
17	16	70
17	17	10
17	18	70
17	19	90
17	20	20
17	21	100
17	22	60
17	23	70
17	24	50
17	25	90
17	26	90
17	27	70
17	28	70
17	29	70
17	30	50
17	31	70
17	32	100
17	33	80
17	34	70
17	35	60
17	36	20
17	37	20
17	38	60
17	39	50
17	40	90
18	1	50
18	2	60
18	3	80
18	4	60
18	5	60
18	6	50
18	7	60
18	8	80
18	9	50
18	10	70
18	11	80
18	12	50
18	13	60
18	14	60
18	15	60
18	16	70
18	17	60
18	18	20
18	19	60
18	20	70
18	21	10
18	22	80
18	23	80
18	24	10
18	25	50
18	26	0
18	27	20
18	28	60
18	29	50
18	30	0
18	31	60
18	32	60
18	33	80
18	34	10
18	35	60
18	36	60
18	37	60
18	38	60
18	39	70
18	40	60
19	1	0
19	2	50
19	3	70
19	4	70
19	5	70
19	6	50
19	7	70
19	8	20
19	9	50
19	10	50
19	11	70
19	12	50
19	13	70
19	14	50
19	15	70
19	16	70
19	17	0
19	18	50
19	19	70
19	20	0
19	21	50
19	22	50
19	23	70
19	24	50
19	25	50
19	26	70
19	27	70
19	28	70
19	29	50
19	30	50
19	31	50
19	32	50
19	33	70
19	34	70
19	35	50
19	36	20
19	37	0
19	38	70
19	39	50
19	40	50
20	1	20
20	2	70
20	3	80
20	4	60
20	5	60
20	6	70
20	7	50
20	8	0
20	9	70
20	10	70
20	11	80
20	12	70
20	13	50
20	14	80
20	15	50
20	16	50
20	17	30
20	18	50
20	19	50
20	20	0
20	21	50
20	22	70
20	23	50
20	24	50
20	25	70
20	26	50
20	27	70
20	28	50
20	29	70
20	30	70
20	31	70
20	32	70
20	33	50
20	34	50
20	35	60
20	36	0
20	37	0
20	38	50
20	39	50
20	40	70
21	1	60
21	2	110
21	3	120
21	4	100
21	5	80
21	6	70
21	7	90
21	8	40
21	9	130
21	10	70
21	11	100
21	12	90
21	13	50
21	14	100
21	15	90
21	16	50
21	17	30
21	18	90
21	19	90
21	20	20
21	21	90
21	22	70
21	23	70
21	24	50
21	25	110
21	26	90
21	27	70
21	28	90
21	29	70
21	30	70
21	31	70
21	32	110
21	33	70
21	34	90
21	35	60
21	36	60
21	37	0
21	38	70
21	39	50
21	40	90
22	1	60
22	2	100
22	3	100
22	4	80
22	5	60
22	6	90
22	7	100
22	8	50
22	9	90
22	10	90
22	11	80
22	12	70
22	13	80
22	14	80
22	15	100
22	16	90
22	17	30
22	18	90
22	19	100
22	20	40
22	21	100
22	22	100
22	23	100
22	24	60
22	25	110
22	26	90
22	27	90
22	28	80
22	29	90
22	30	70
22	31	100
22	32	120
22	33	100
22	34	80
22	35	60
22	36	30
22	37	30
22	38	60
22	39	70
22	40	120
23	1	90
23	2	70
23	3	80
23	4	120
23	5	80
23	6	70
23	7	130
23	8	110
23	9	90
23	10	70
23	11	80
23	12	70
23	13	70
23	14	60
23	15	110
23	16	90
23	17	60
23	18	60
23	19	130
23	20	90
23	21	60
23	22	70
23	23	130
23	24	0
23	25	90
23	26	40
23	27	20
23	28	70
23	29	70
23	30	0
23	31	70
23	32	90
23	33	90
23	34	20
23	35	60
23	36	90
23	37	70
23	38	70
23	39	70
23	40	90
24	1	90
24	2	70
24	3	70
24	4	90
24	5	70
24	6	90
24	7	90
24	8	90
24	9	90
24	10	90
24	11	90
24	12	90
24	13	70
24	14	70
24	15	70
24	16	90
24	17	70
24	18	40
24	19	90
24	20	70
24	21	40
24	22	90
24	23	110
24	24	0
24	25	90
24	26	20
24	27	40
24	28	50
24	29	90
24	30	20
24	31	90
24	32	90
24	33	90
24	34	0
24	35	50
24	36	70
24	37	70
24	38	50
24	39	70
24	40	90
25	1	90
25	2	70
25	3	80
25	4	80
25	5	80
25	6	70
25	7	100
25	8	70
25	9	70
25	10	50
25	11	60
25	12	50
25	13	70
25	14	60
25	15	100
25	16	70
25	17	60
25	18	40
25	19	90
25	20	90
25	21	70
25	22	60
25	23	70
25	24	20
25	25	90
25	26	40
25	27	20
25	28	70
25	29	70
25	30	0
25	31	70
25	32	100
25	33	80
25	34	40
25	35	80
25	36	70
25	37	90
25	38	60
25	39	70
25	40	90
26	1	40
26	2	90
26	3	100
26	4	120
26	5	80
26	6	50
26	7	110
26	8	60
26	9	110
26	10	70
26	11	80
26	12	70
26	13	50
26	14	80
26	15	110
26	16	70
26	17	10
26	18	110
26	19	110
26	20	40
26	21	90
26	22	70
26	23	110
26	24	50
26	25	90
26	26	90
26	27	50
26	28	90
26	29	50
26	30	50
26	31	50
26	32	90
26	33	90
26	34	90
26	35	60
26	36	60
26	37	0
26	38	90
26	39	70
26	40	70
27	1	20
27	2	60
27	3	60
27	4	80
27	5	60
27	6	70
27	7	80
27	8	30
27	9	50
27	10	70
27	11	60
27	12	50
27	13	80
27	14	60
27	15	80
27	16	90
27	17	10
27	18	70
27	19	80
27	20	20
27	21	80
27	22	80
27	23	100
27	24	60
27	25	70
27	26	70
27	27	70
27	28	60
27	29	70
27	30	50
27	31	80
27	32	80
27	33	100
27	34	60
27	35	60
27	36	10
27	37	30
27	38	60
27	39	70
27	40	80
28	1	60
28	2	90
28	3	90
28	4	110
28	5	70
28	6	70
28	7	110
28	8	60
28	9	110
28	10	70
28	11	70
28	12	70
28	13	70
28	14	70
28	15	110
28	16	90
28	17	0
28	18	110
28	19	110
28	20	40
28	21	110
28	22	70
28	23	110
28	24	50
28	25	110
28	26	110
28	27	70
28	28	90
28	29	70
28	30	50
28	31	70
28	32	110
28	33	110
28	34	90
28	35	50
28	36	60
28	37	20
28	38	70
28	39	70
28	40	90
29	1	110
29	2	90
29	3	90
29	4	110
29	5	70
29	6	70
29	7	110
29	8	110
29	9	110
29	10	70
29	11	70
29	12	70
29	13	70
29	14	70
29	15	110
29	16	90
29	17	50
29	18	60
29	19	110
29	20	90
29	21	60
29	22	70
29	23	110
29	24	0
29	25	110
29	26	60
29	27	20
29	28	90
29	29	70
29	30	0
29	31	70
29	32	110
29	33	110
29	34	40
29	35	50
29	36	110
29	37	70
29	38	70
29	39	70
29	40	90
30	1	60
30	2	90
30	3	100
30	4	100
30	5	60
30	6	70
30	7	90
30	8	40
30	9	90
30	10	70
30	11	60
30	12	50
30	13	70
30	14	80
30	15	110
30	16	90
30	17	10
30	18	90
30	19	90
30	20	40
30	21	90
30	22	70
30	23	90
30	24	50
30	25	110
30	26	110
30	27	70
30	28	90
30	29	70
30	30	50
30	31	70
30	32	110
30	33	110
30	34	90
30	35	60
30	36	40
30	37	20
30	38	70
30	39	70
30	40	90
31	1	90
31	2	70
31	3	70
31	4	110
31	5	70
31	6	70
31	7	90
31	8	90
31	9	90
31	10	70
31	11	70
31	12	70
31	13	70
31	14	70
31	15	90
31	16	90
31	17	50
31	18	40
31	19	90
31	20	70
31	21	40
31	22	70
31	23	110
31	24	0
31	25	90
31	26	40
31	27	20
31	28	70
31	29	70
31	30	0
31	31	70
31	32	90
31	33	110
31	34	20
31	35	50
31	36	90
31	37	70
31	38	70
31	39	70
31	40	70
32	1	90
32	2	100
32	3	100
32	4	100
32	5	80
32	6	50
32	7	100
32	8	100
32	9	110
32	10	50
32	11	80
32	12	70
32	13	60
32	14	80
32	15	100
32	16	50
32	17	60
32	18	40
32	19	100
32	20	70
32	21	50
32	22	60
32	23	80
32	24	10
32	25	90
32	26	40
32	27	0
32	28	100
32	29	50
32	30	0
32	31	60
32	32	100
32	33	80
32	34	50
32	35	60
32	36	120
32	37	60
32	38	80
32	39	50
32	40	80
33	1	80
33	2	110
33	3	120
33	4	100
33	5	60
33	6	90
33	7	100
33	8	40
33	9	110
33	10	90
33	11	80
33	12	70
33	13	70
33	14	100
33	15	120
33	16	90
33	17	30
33	18	90
33	19	90
33	20	40
33	21	100
33	22	100
33	23	90
33	24	50
33	25	130
33	26	110
33	27	90
33	28	90
33	29	90
33	30	70
33	31	90
33	32	140
33	33	120
33	34	90
33	35	60
33	36	40
33	37	20
33	38	80
33	39	70
33	40	110
34	1	130
34	2	110
34	3	90
34	4	90
34	5	50
34	6	90
34	7	90
34	8	90
34	9	110
34	10	70
34	11	50
34	12	70
34	13	90
34	14	90
34	15	110
34	16	90
34	17	70
34	18	40
34	19	90
34	20	90
34	21	60
34	22	70
34	23	70
34	24	20
34	25	130
34	26	80
34	27	20
34	28	110
34	29	90
34	30	20
34	31	90
34	32	130
34	33	110
34	34	40
34	35	70
34	36	110
34	37	90
34	38	70
34	39	70
34	40	110
35	1	40
35	2	70
35	3	100
35	4	120
35	5	80
35	6	70
35	7	100
35	8	40
35	9	90
35	10	70
35	11	100
35	12	70
35	13	70
35	14	80
35	15	100
35	16	90
35	17	10
35	18	90
35	19	90
35	20	20
35	21	100
35	22	80
35	23	110
35	24	50
35	25	90
35	26	90
35	27	90
35	28	70
35	29	70
35	30	50
35	31	70
35	32	100
35	33	120
35	34	70
35	35	60
35	36	40
35	37	20
35	38	80
35	39	70
35	40	70
36	1	70
36	2	70
36	3	90
36	4	50
36	5	50
36	6	50
36	7	70
36	8	90
36	9	70
36	10	70
36	11	70
36	12	50
36	13	50
36	14	50
36	15	70
36	16	70
36	17	50
36	18	40
36	19	70
36	20	90
36	21	20
36	22	70
36	23	70
36	24	0
36	25	70
36	26	20
36	27	20
36	28	70
36	29	50
36	30	0
36	31	50
36	32	70
36	33	70
36	34	20
36	35	50
36	36	70
36	37	50
36	38	50
36	39	70
36	40	70
37	1	70
37	2	50
37	3	50
37	4	90
37	5	90
37	6	70
37	7	90
37	8	90
37	9	70
37	10	70
37	11	70
37	12	70
37	13	70
37	14	50
37	15	70
37	16	90
37	17	50
37	18	60
37	19	90
37	20	90
37	21	60
37	22	70
37	23	110
37	24	20
37	25	70
37	26	20
37	27	20
37	28	50
37	29	70
37	30	0
37	31	70
37	32	70
37	33	90
37	34	20
37	35	70
37	36	70
37	37	90
37	38	50
37	39	90
37	40	70
38	1	0
38	2	50
38	3	50
38	4	50
38	5	50
38	6	50
38	7	50
38	8	20
38	9	50
38	10	70
38	11	50
38	12	50
38	13	50
38	14	50
38	15	50
38	16	70
38	17	0
38	18	70
38	19	50
38	20	20
38	21	50
38	22	70
38	23	70
38	24	50
38	25	50
38	26	50
38	27	50
38	28	50
38	29	50
38	30	50
38	31	50
38	32	50
38	33	70
38	34	50
38	35	50
38	36	0
38	37	0
38	38	50
38	39	70
38	40	50
39	1	20
39	2	70
39	3	80
39	4	80
39	5	80
39	6	50
39	7	100
39	8	40
39	9	90
39	10	50
39	11	80
39	12	70
39	13	50
39	14	60
39	15	80
39	16	50
39	17	10
39	18	90
39	19	90
39	20	20
39	21	100
39	22	60
39	23	70
39	24	50
39	25	70
39	26	70
39	27	50
39	28	70
39	29	50
39	30	50
39	31	50
39	32	80
39	33	60
39	34	70
39	35	60
39	36	40
39	37	0
39	38	60
39	39	50
39	40	70
40	1	90
40	2	70
40	3	100
40	4	80
40	5	60
40	6	70
40	7	100
40	8	70
40	9	70
40	10	50
40	11	80
40	12	50
40	13	70
40	14	60
40	15	100
40	16	70
40	17	60
40	18	20
40	19	90
40	20	70
40	21	50
40	22	60
40	23	70
40	24	0
40	25	90
40	26	40
40	27	40
40	28	70
40	29	70
40	30	0
40	31	70
40	32	100
40	33	80
40	34	20
40	35	60
40	36	70
40	37	70
40	38	60
40	39	50
40	40	90
41	1	20
41	2	50
41	3	50
41	4	90
41	5	50
41	6	70
41	7	90
41	8	0
41	9	50
41	10	50
41	11	50
41	12	50
41	13	70
41	14	50
41	15	90
41	16	70
41	17	0
41	18	50
41	19	90
41	20	0
41	21	70
41	22	50
41	23	90
41	24	50
41	25	70
41	26	70
41	27	70
41	28	50
41	29	70
41	30	50
41	31	70
41	32	70
41	33	70
41	34	50
41	35	50
41	36	0
41	37	20
41	38	70
41	39	50
41	40	70
42	1	90
42	2	100
42	3	100
42	4	80
42	5	80
42	6	70
42	7	100
42	8	120
42	9	110
42	10	90
42	11	100
42	12	90
42	13	60
42	14	80
42	15	80
42	16	70
42	17	80
42	18	60
42	19	100
42	20	90
42	21	50
42	22	100
42	23	100
42	24	10
42	25	90
42	26	20
42	27	20
42	28	80
42	29	70
42	30	20
42	31	80
42	32	100
42	33	80
42	34	30
42	35	60
42	36	100
42	37	60
42	38	60
42	39	70
42	40	100
43	1	130
43	2	110
43	3	120
43	4	120
43	5	80
43	6	90
43	7	110
43	8	90
43	9	130
43	10	70
43	11	100
43	12	90
43	13	70
43	14	100
43	15	110
43	16	70
43	17	80
43	18	40
43	19	110
43	20	70
43	21	60
43	22	70
43	23	90
43	24	0
43	25	130
43	26	60
43	27	40
43	28	90
43	29	90
43	30	20
43	31	90
43	32	130
43	33	90
43	34	40
43	35	60
43	36	110
43	37	70
43	38	70
43	39	50
43	40	110
44	1	60
44	2	100
44	3	100
44	4	100
44	5	60
44	6	70
44	7	100
44	8	50
44	9	90
44	10	70
44	11	60
44	12	50
44	13	80
44	14	80
44	15	120
44	16	90
44	17	10
44	18	90
44	19	100
44	20	40
44	21	100
44	22	80
44	23	100
44	24	60
44	25	110
44	26	110
44	27	70
44	28	100
44	29	70
44	30	50
44	31	80
44	32	120
44	33	120
44	34	100
44	35	60
44	36	50
44	37	30
44	38	80
44	39	70
44	40	100
45	1	40
45	2	70
45	3	80
45	4	100
45	5	60
45	6	70
45	7	70
45	8	0
45	9	70
45	10	50
45	11	60
45	12	50
45	13	70
45	14	80
45	15	90
45	16	70
45	17	10
45	18	50
45	19	70
45	20	0
45	21	70
45	22	50
45	23	70
45	24	50
45	25	90
45	26	90
45	27	70
45	28	70
45	29	70
45	30	50
45	31	70
45	32	90
45	33	90
45	34	70
45	35	60
45	36	20
45	37	20
45	38	70
45	39	50
45	40	70
46	1	110
46	2	90
46	3	100
46	4	120
46	5	80
46	6	90
46	7	90
46	8	70
46	9	110
46	10	70
46	11	100
46	12	90
46	13	70
46	14	100
46	15	90
46	16	70
46	17	80
46	18	20
46	19	90
46	20	50
46	21	40
46	22	70
46	23	90
46	24	0
46	25	110
46	26	40
46	27	40
46	28	70
46	29	90
46	30	20
46	31	90
46	32	110
46	33	90
46	34	20
46	35	60
46	36	90
46	37	70
46	38	70
46	39	50
46	40	90
47	1	20
47	2	50
47	3	60
47	4	100
47	5	60
47	6	70
47	7	100
47	8	0
47	9	50
47	10	50
47	11	60
47	12	50
47	13	70
47	14	60
47	15	100
47	16	70
47	17	10
47	18	50
47	19	90
47	20	0
47	21	80
47	22	60
47	23	90
47	24	50
47	25	70
47	26	70
47	27	70
47	28	50
47	29	70
47	30	50
47	31	70
47	32	80
47	33	80
47	34	50
47	35	60
47	36	0
47	37	20
47	38	80
47	39	50
47	40	70
48	1	110
48	2	90
48	3	100
48	4	120
48	5	80
48	6	70
48	7	110
48	8	90
48	9	110
48	10	50
48	11	80
48	12	70
48	13	70
48	14	80
48	15	110
48	16	70
48	17	60
48	18	40
48	19	110
48	20	70
48	21	60
48	22	50
48	23	90
48	24	0
48	25	110
48	26	60
48	27	20
48	28	90
48	29	70
48	30	0
48	31	70
48	32	110
48	33	90
48	34	40
48	35	60
48	36	110
48	37	70
48	38	70
48	39	50
48	40	90
49	1	110
49	2	90
49	3	100
49	4	120
49	5	80
49	6	70
49	7	120
49	8	90
49	9	110
49	10	50
49	11	80
49	12	70
49	13	70
49	14	80
49	15	120
49	16	70
49	17	60
49	18	40
49	19	110
49	20	70
49	21	70
49	22	60
49	23	90
49	24	0
49	25	110
49	26	60
49	27	20
49	28	90
49	29	70
49	30	0
49	31	70
49	32	120
49	33	100
49	34	40
49	35	60
49	36	110
49	37	70
49	38	80
49	39	50
49	40	90
50	1	70
50	2	50
50	3	50
50	4	70
50	5	70
50	6	70
50	7	70
50	8	70
50	9	50
50	10	70
50	11	50
50	12	50
50	13	70
50	14	50
50	15	70
50	16	90
50	17	50
50	18	40
50	19	70
50	20	90
50	21	40
50	22	70
50	23	90
50	24	20
50	25	70
50	26	20
50	27	20
50	28	50
50	29	70
50	30	0
50	31	70
50	32	70
50	33	90
50	34	20
50	35	70
50	36	50
50	37	90
50	38	50
50	39	90
50	40	70
51	1	20
51	2	70
51	3	90
51	4	70
51	5	70
51	6	50
51	7	90
51	8	40
51	9	70
51	10	50
51	11	70
51	12	50
51	13	70
51	14	50
51	15	90
51	16	70
51	17	0
51	18	70
51	19	90
51	20	20
51	21	70
51	22	50
51	23	70
51	24	50
51	25	70
51	26	90
51	27	70
51	28	90
51	29	50
51	30	50
51	31	50
51	32	70
51	33	70
51	34	90
51	35	50
51	36	40
51	37	0
51	38	70
51	39	50
51	40	70
52	1	110
52	2	100
52	3	80
52	4	100
52	5	60
52	6	90
52	7	80
52	8	80
52	9	90
52	10	70
52	11	60
52	12	70
52	13	100
52	14	100
52	15	100
52	16	90
52	17	80
52	18	20
52	19	80
52	20	70
52	21	50
52	22	80
52	23	80
52	24	30
52	25	110
52	26	60
52	27	20
52	28	100
52	29	90
52	30	20
52	31	100
52	32	120
52	33	120
52	34	30
52	35	80
52	36	100
52	37	100
52	38	80
52	39	70
52	40	100
53	1	110
53	2	90
53	3	100
53	4	140
53	5	80
53	6	70
53	7	140
53	8	110
53	9	110
53	10	70
53	11	80
53	12	70
53	13	70
53	14	80
53	15	140
53	16	90
53	17	60
53	18	60
53	19	130
53	20	90
53	21	70
53	22	80
53	23	130
53	24	0
53	25	110
53	26	60
53	27	20
53	28	90
53	29	70
53	30	0
53	31	70
53	32	120
53	33	120
53	34	40
53	35	60
53	36	110
53	37	70
53	38	100
53	39	70
53	40	90
54	1	110
54	2	90
54	3	100
54	4	120
54	5	80
54	6	70
54	7	120
54	8	90
54	9	110
54	10	50
54	11	80
54	12	70
54	13	70
54	14	80
54	15	120
54	16	70
54	17	60
54	18	40
54	19	110
54	20	70
54	21	70
54	22	60
54	23	90
54	24	0
54	25	110
54	26	60
54	27	20
54	28	90
54	29	70
54	30	0
54	31	70
54	32	120
54	33	100
54	34	40
54	35	60
54	36	110
54	37	70
54	38	80
54	39	50
54	40	90
55	1	110
55	2	90
55	3	100
55	4	100
55	5	60
55	6	70
55	7	90
55	8	70
55	9	90
55	10	50
55	11	60
55	12	50
55	13	70
55	14	80
55	15	110
55	16	70
55	17	60
55	18	20
55	19	90
55	20	70
55	21	40
55	22	50
55	23	70
55	24	0
55	25	110
55	26	60
55	27	20
55	28	90
55	29	70
55	30	0
55	31	70
55	32	110
55	33	90
55	34	40
55	35	60
55	36	90
55	37	70
55	38	70
55	39	50
55	40	90
56	1	40
56	2	100
56	3	80
56	4	80
56	5	80
56	6	70
56	7	100
56	8	70
56	9	110
56	10	70
56	11	80
56	12	90
56	13	80
56	14	80
56	15	80
56	16	70
56	17	30
56	18	110
56	19	100
56	20	40
56	21	120
56	22	80
56	23	80
56	24	80
56	25	90
56	26	90
56	27	50
56	28	100
56	29	70
56	30	70
56	31	80
56	32	100
56	33	80
56	34	80
56	35	80
56	36	70
56	37	30
56	38	60
56	39	70
56	40	100
57	1	0
57	2	60
57	3	60
57	4	60
57	5	60
57	6	50
57	7	60
57	8	10
57	9	50
57	10	50
57	11	60
57	12	50
57	13	60
57	14	60
57	15	60
57	16	50
57	17	10
57	18	50
57	19	60
57	20	0
57	21	60
57	22	60
57	23	60
57	24	60
57	25	50
57	26	50
57	27	50
57	28	60
57	29	50
57	30	50
57	31	60
57	32	60
57	33	60
57	34	60
57	35	60
57	36	10
57	37	10
57	38	60
57	39	50
57	40	60
58	1	20
58	2	70
58	3	80
58	4	60
58	5	80
58	6	50
58	7	80
58	8	40
58	9	70
58	10	70
58	11	60
58	12	50
58	13	50
58	14	60
58	15	80
58	16	70
58	17	10
58	18	110
58	19	70
58	20	60
58	21	100
58	22	80
58	23	70
58	24	70
58	25	70
58	26	70
58	27	50
58	28	70
58	29	50
58	30	50
58	31	50
58	32	80
58	33	80
58	34	90
58	35	80
58	36	20
58	37	20
58	38	60
58	39	90
58	40	70
59	1	90
59	2	100
59	3	100
59	4	80
59	5	80
59	6	70
59	7	100
59	8	100
59	9	110
59	10	70
59	11	100
59	12	90
59	13	60
59	14	80
59	15	80
59	16	50
59	17	80
59	18	40
59	19	100
59	20	70
59	21	50
59	22	80
59	23	80
59	24	10
59	25	90
59	26	20
59	27	20
59	28	80
59	29	70
59	30	20
59	31	80
59	32	100
59	33	60
59	34	30
59	35	60
59	36	100
59	37	60
59	38	60
59	39	50
59	40	100
60	1	60
60	2	110
60	3	110
60	4	90
60	5	70
60	6	70
60	7	90
60	8	40
60	9	130
60	10	70
60	11	90
60	12	90
60	13	50
60	14	90
60	15	90
60	16	50
60	17	20
60	18	90
60	19	90
60	20	20
60	21	90
60	22	70
60	23	70
60	24	50
60	25	110
60	26	90
60	27	70
60	28	90
60	29	70
60	30	70
60	31	70
60	32	110
60	33	70
60	34	90
60	35	50
60	36	60
60	37	0
60	38	70
60	39	50
60	40	90
61	1	70
61	2	50
61	3	60
61	4	100
61	5	100
61	6	70
61	7	100
61	8	90
61	9	70
61	10	70
61	11	80
61	12	70
61	13	70
61	14	60
61	15	80
61	16	90
61	17	60
61	18	60
61	19	90
61	20	90
61	21	70
61	22	80
61	23	110
61	24	20
61	25	70
61	26	20
61	27	20
61	28	50
61	29	70
61	30	0
61	31	70
61	32	80
61	33	100
61	34	20
61	35	80
61	36	70
61	37	90
61	38	60
61	39	90
61	40	70
62	1	60
62	2	110
62	3	100
62	4	80
62	5	60
62	6	70
62	7	70
62	8	60
62	9	110
62	10	90
62	11	60
62	12	70
62	13	70
62	14	100
62	15	90
62	16	90
62	17	30
62	18	110
62	19	70
62	20	60
62	21	90
62	22	90
62	23	70
62	24	70
62	25	110
62	26	110
62	27	50
62	28	110
62	29	70
62	30	70
62	31	70
62	32	110
62	33	110
62	34	90
62	35	80
62	36	60
62	37	20
62	38	70
62	39	90
62	40	90
63	1	40
63	2	100
63	3	80
63	4	100
63	5	80
63	6	70
63	7	80
63	8	50
63	9	110
63	10	70
63	11	80
63	12	90
63	13	80
63	14	100
63	15	80
63	16	70
63	17	30
63	18	90
63	19	80
63	20	20
63	21	100
63	22	80
63	23	80
63	24	80
63	25	90
63	26	90
63	27	50
63	28	100
63	29	70
63	30	70
63	31	80
63	32	100
63	33	100
63	34	80
63	35	80
63	36	70
63	37	30
63	38	80
63	39	70
63	40	80
64	1	40
64	2	90
64	3	100
64	4	100
64	5	80
64	6	70
64	7	70
64	8	40
64	9	110
64	10	90
64	11	100
64	12	90
64	13	50
64	14	100
64	15	70
64	16	70
64	17	30
64	18	90
64	19	70
64	20	20
64	21	70
64	22	90
64	23	90
64	24	50
64	25	90
64	26	70
64	27	70
64	28	70
64	29	70
64	30	70
64	31	70
64	32	90
64	33	90
64	34	70
64	35	60
64	36	40
64	37	0
64	38	70
64	39	70
64	40	70
65	1	90
65	2	70
65	3	80
65	4	120
65	5	60
65	6	70
65	7	100
65	8	70
65	9	70
65	10	70
65	11	60
65	12	50
65	13	70
65	14	80
65	15	120
65	16	90
65	17	60
65	18	20
65	19	90
65	20	70
65	21	30
65	22	80
65	23	110
65	24	0
65	25	90
65	26	40
65	27	20
65	28	70
65	29	70
65	30	0
65	31	70
65	32	100
65	33	120
65	34	20
65	35	60
65	36	70
65	37	70
65	38	100
65	39	70
65	40	70
66	1	70
66	2	80
66	3	80
66	4	60
66	5	60
66	6	70
66	7	60
66	8	60
66	9	70
66	10	70
66	11	80
66	12	70
66	13	60
66	14	80
66	15	60
66	16	50
66	17	80
66	18	0
66	19	60
66	20	50
66	21	10
66	22	80
66	23	60
66	24	10
66	25	70
66	26	0
66	27	20
66	28	60
66	29	70
66	30	20
66	31	80
66	32	80
66	33	60
66	34	10
66	35	60
66	36	60
66	37	60
66	38	60
66	39	50
66	40	80
67	1	90
67	2	90
67	3	100
67	4	80
67	5	60
67	6	70
67	7	100
67	8	70
67	9	90
67	10	70
67	11	80
67	12	70
67	13	50
67	14	80
67	15	100
67	16	50
67	17	80
67	18	40
67	19	90
67	20	90
67	21	50
67	22	80
67	23	70
67	24	20
67	25	90
67	26	20
67	27	20
67	28	70
67	29	70
67	30	20
67	31	70
67	32	100
67	33	60
67	34	20
67	35	80
67	36	70
67	37	70
67	38	80
67	39	70
67	40	90
68	1	40
68	2	90
68	3	120
68	4	100
68	5	80
68	6	50
68	7	90
68	8	40
68	9	90
68	10	50
68	11	80
68	12	50
68	13	70
68	14	80
68	15	110
68	16	70
68	17	10
68	18	70
68	19	90
68	20	20
68	21	70
68	22	50
68	23	70
68	24	50
68	25	90
68	26	110
68	27	70
68	28	110
68	29	50
68	30	50
68	31	50
68	32	90
68	33	90
68	34	110
68	35	60
68	36	60
68	37	0
68	38	90
68	39	50
68	40	70
69	1	70
69	2	70
69	3	70
69	4	70
69	5	70
69	6	50
69	7	50
69	8	70
69	9	70
69	10	70
69	11	50
69	12	50
69	13	50
69	14	70
69	15	70
69	16	70
69	17	50
69	18	40
69	19	50
69	20	90
69	21	20
69	22	70
69	23	70
69	24	20
69	25	70
69	26	20
69	27	0
69	28	70
69	29	50
69	30	0
69	31	50
69	32	70
69	33	90
69	34	40
69	35	70
69	36	70
69	37	70
69	38	70
69	39	90
69	40	50
70	1	40
70	2	90
70	3	100
70	4	100
70	5	80
70	6	50
70	7	90
70	8	40
70	9	110
70	10	50
70	11	80
70	12	70
70	13	50
70	14	80
70	15	90
70	16	50
70	17	10
70	18	90
70	19	90
70	20	20
70	21	90
70	22	50
70	23	70
70	24	50
70	25	90
70	26	90
70	27	50
70	28	90
70	29	50
70	30	50
70	31	50
70	32	90
70	33	70
70	34	90
70	35	60
70	36	60
70	37	0
70	38	70
70	39	50
70	40	70
71	1	50
71	2	50
71	3	70
71	4	70
71	5	70
71	6	50
71	7	70
71	8	70
71	9	50
71	10	50
71	11	70
71	12	50
71	13	70
71	14	50
71	15	70
71	16	70
71	17	50
71	18	0
71	19	70
71	20	50
71	21	0
71	22	50
71	23	70
71	24	0
71	25	50
71	26	20
71	27	20
71	28	70
71	29	50
71	30	0
71	31	50
71	32	50
71	33	70
71	34	20
71	35	50
71	36	70
71	37	50
71	38	70
71	39	50
71	40	50
72	1	0
72	2	50
72	3	80
72	4	80
72	5	80
72	6	50
72	7	70
72	8	20
72	9	70
72	10	50
72	11	100
72	12	70
72	13	50
72	14	60
72	15	50
72	16	50
72	17	10
72	18	70
72	19	70
72	20	0
72	21	70
72	22	50
72	23	70
72	24	50
72	25	50
72	26	50
72	27	70
72	28	50
72	29	50
72	30	50
72	31	50
72	32	50
72	33	50
72	34	50
72	35	60
72	36	20
72	37	0
72	38	50
72	39	50
72	40	50
73	1	70
73	2	70
73	3	80
73	4	80
73	5	60
73	6	70
73	7	80
73	8	50
73	9	70
73	10	70
73	11	80
73	12	70
73	13	50
73	14	80
73	15	80
73	16	50
73	17	80
73	18	20
73	19	70
73	20	70
73	21	30
73	22	80
73	23	70
73	24	20
73	25	70
73	26	0
73	27	20
73	28	50
73	29	70
73	30	20
73	31	70
73	32	80
73	33	60
73	34	0
73	35	80
73	36	50
73	37	70
73	38	80
73	39	70
73	40	70
74	1	50
74	2	50
74	3	80
74	4	80
74	5	80
74	6	50
74	7	80
74	8	90
74	9	50
74	10	70
74	11	80
74	12	50
74	13	70
74	14	60
74	15	80
74	16	90
74	17	60
74	18	20
74	19	70
74	20	70
74	21	10
74	22	80
74	23	90
74	24	0
74	25	50
74	26	20
74	27	20
74	28	70
74	29	50
74	30	0
74	31	50
74	32	60
74	33	100
74	34	20
74	35	60
74	36	70
74	37	50
74	38	80
74	39	70
74	40	50
75	1	40
75	2	90
75	3	100
75	4	100
75	5	80
75	6	70
75	7	80
75	8	20
75	9	110
75	10	70
75	11	100
75	12	90
75	13	50
75	14	100
75	15	80
75	16	50
75	17	30
75	18	70
75	19	70
75	20	0
75	21	80
75	22	80
75	23	70
75	24	50
75	25	90
75	26	70
75	27	70
75	28	70
75	29	70
75	30	70
75	31	70
75	32	100
75	33	80
75	34	70
75	35	60
75	36	40
75	37	0
75	38	80
75	39	50
75	40	70
76	1	90
76	2	70
76	3	80
76	4	120
76	5	100
76	6	70
76	7	100
76	8	90
76	9	90
76	10	70
76	11	80
76	12	70
76	13	70
76	14	80
76	15	100
76	16	90
76	17	60
76	18	60
76	19	90
76	20	90
76	21	70
76	22	80
76	23	110
76	24	20
76	25	90
76	26	40
76	27	20
76	28	70
76	29	70
76	30	0
76	31	70
76	32	100
76	33	120
76	34	40
76	35	80
76	36	90
76	37	90
76	38	80
76	39	90
76	40	70
77	1	90
77	2	80
77	3	100
77	4	120
77	5	80
77	6	70
77	7	100
77	8	80
77	9	90
77	10	50
77	11	100
77	12	70
77	13	80
77	14	80
77	15	100
77	16	70
77	17	60
77	18	20
77	19	100
77	20	50
77	21	50
77	22	60
77	23	100
77	24	10
77	25	90
77	26	40
77	27	40
77	28	80
77	29	70
77	30	0
77	31	80
77	32	100
77	33	100
77	34	30
77	35	60
77	36	100
77	37	80
77	38	80
77	39	50
77	40	80
78	1	40
78	2	80
78	3	80
78	4	100
78	5	100
78	6	70
78	7	120
78	8	70
78	9	90
78	10	70
78	11	80
78	12	70
78	13	80
78	14	60
78	15	100
78	16	90
78	17	10
78	18	130
78	19	120
78	20	60
78	21	140
78	22	80
78	23	120
78	24	80
78	25	90
78	26	90
78	27	70
78	28	80
78	29	70
78	30	50
78	31	80
78	32	100
78	33	100
78	34	100
78	35	80
78	36	50
78	37	50
78	38	60
78	39	90
78	40	100
79	1	110
79	2	90
79	3	100
79	4	120
79	5	80
79	6	70
79	7	120
79	8	90
79	9	110
79	10	50
79	11	80
79	12	70
79	13	70
79	14	80
79	15	120
79	16	70
79	17	60
79	18	40
79	19	110
79	20	70
79	21	70
79	22	60
79	23	90
79	24	0
79	25	110
79	26	60
79	27	20
79	28	90
79	29	70
79	30	0
79	31	70
79	32	120
79	33	100
79	34	40
79	35	60
79	36	110
79	37	70
79	38	80
79	39	50
79	40	90
80	1	20
80	2	70
80	3	80
80	4	80
80	5	60
80	6	50
80	7	90
80	8	20
80	9	70
80	10	50
80	11	60
80	12	50
80	13	50
80	14	60
80	15	90
80	16	50
80	17	10
80	18	70
80	19	90
80	20	20
80	21	70
80	22	50
80	23	70
80	24	50
80	25	70
80	26	70
80	27	50
80	28	70
80	29	50
80	30	50
80	31	50
80	32	70
80	33	50
80	34	70
80	35	60
80	36	20
80	37	0
80	38	70
80	39	50
80	40	70
81	1	70
81	2	70
81	3	70
81	4	50
81	5	50
81	6	50
81	7	70
81	8	90
81	9	70
81	10	70
81	11	50
81	12	50
81	13	50
81	14	50
81	15	70
81	16	70
81	17	50
81	18	40
81	19	70
81	20	90
81	21	20
81	22	70
81	23	70
81	24	0
81	25	70
81	26	20
81	27	0
81	28	70
81	29	50
81	30	0
81	31	50
81	32	70
81	33	70
81	34	20
81	35	50
81	36	70
81	37	50
81	38	50
81	39	70
81	40	70
82	1	70
82	2	50
82	3	80
82	4	120
82	5	100
82	6	70
82	7	110
82	8	110
82	9	70
82	10	70
82	11	100
82	12	70
82	13	90
82	14	60
82	15	90
82	16	110
82	17	60
82	18	40
82	19	110
82	20	70
82	21	40
82	22	70
82	23	130
82	24	0
82	25	70
82	26	40
82	27	40
82	28	70
82	29	70
82	30	0
82	31	70
82	32	70
82	33	110
82	34	20
82	35	60
82	36	90
82	37	70
82	38	70
82	39	70
82	40	70
83	1	60
83	2	100
83	3	100
83	4	100
83	5	60
83	6	70
83	7	100
83	8	50
83	9	90
83	10	70
83	11	60
83	12	50
83	13	80
83	14	80
83	15	120
83	16	90
83	17	10
83	18	90
83	19	100
83	20	40
83	21	100
83	22	80
83	23	100
83	24	60
83	25	110
83	26	110
83	27	70
83	28	100
83	29	70
83	30	50
83	31	80
83	32	120
83	33	120
83	34	100
83	35	60
83	36	50
83	37	30
83	38	80
83	39	70
83	40	100
84	1	110
84	2	90
84	3	110
84	4	110
84	5	70
84	6	70
84	7	110
84	8	90
84	9	110
84	10	50
84	11	90
84	12	70
84	13	70
84	14	70
84	15	110
84	16	70
84	17	50
84	18	40
84	19	110
84	20	70
84	21	60
84	22	50
84	23	90
84	24	0
84	25	110
84	26	60
84	27	40
84	28	90
84	29	70
84	30	0
84	31	70
84	32	110
84	33	90
84	34	40
84	35	50
84	36	110
84	37	70
84	38	70
84	39	50
84	40	90
85	1	80
85	2	120
85	3	120
85	4	120
85	5	60
85	6	90
85	7	120
85	8	50
85	9	110
85	10	90
85	11	80
85	12	70
85	13	80
85	14	100
85	15	140
85	16	90
85	17	30
85	18	110
85	19	120
85	20	60
85	21	120
85	22	100
85	23	120
85	24	80
85	25	130
85	26	110
85	27	90
85	28	100
85	29	90
85	30	70
85	31	100
85	32	140
85	33	120
85	34	100
85	35	80
85	36	50
85	37	50
85	38	100
85	39	90
85	40	120
86	1	130
86	2	120
86	3	120
86	4	100
86	5	60
86	6	90
86	7	100
86	8	80
86	9	110
86	10	70
86	11	80
86	12	70
86	13	80
86	14	100
86	15	120
86	16	70
86	17	80
86	18	20
86	19	100
86	20	70
86	21	50
86	22	80
86	23	80
86	24	10
86	25	130
86	26	60
86	27	40
86	28	100
86	29	90
86	30	20
86	31	100
86	32	140
86	33	100
86	34	50
86	35	60
86	36	100
86	37	80
86	38	80
86	39	50
86	40	120
87	1	90
87	2	70
87	3	90
87	4	90
87	5	70
87	6	70
87	7	110
87	8	90
87	9	90
87	10	50
87	11	90
87	12	70
87	13	70
87	14	50
87	15	90
87	16	70
87	17	50
87	18	40
87	19	110
87	20	70
87	21	60
87	22	50
87	23	90
87	24	0
87	25	90
87	26	40
87	27	40
87	28	70
87	29	70
87	30	0
87	31	70
87	32	90
87	33	70
87	34	20
87	35	50
87	36	90
87	37	70
87	38	50
87	39	50
87	40	90
88	1	40
88	2	70
88	3	90
88	4	110
88	5	70
88	6	70
88	7	90
88	8	20
88	9	90
88	10	50
88	11	90
88	12	70
88	13	70
88	14	70
88	15	90
88	16	70
88	17	0
88	18	70
88	19	90
88	20	0
88	21	90
88	22	50
88	23	90
88	24	50
88	25	90
88	26	90
88	27	90
88	28	70
88	29	70
88	30	50
88	31	70
88	32	90
88	33	90
88	34	70
88	35	50
88	36	40
88	37	20
88	38	70
88	39	50
88	40	70
89	1	90
89	2	90
89	3	100
89	4	120
89	5	80
89	6	50
89	7	120
89	8	110
89	9	110
89	10	70
89	11	80
89	12	70
89	13	50
89	14	80
89	15	120
89	16	70
89	17	60
89	18	60
89	19	110
89	20	90
89	21	50
89	22	80
89	23	110
89	24	0
89	25	90
89	26	40
89	27	0
89	28	90
89	29	50
89	30	0
89	31	50
89	32	100
89	33	100
89	34	40
89	35	60
89	36	110
89	37	50
89	38	100
89	39	70
89	40	70
90	1	70
90	2	70
90	3	60
90	4	80
90	5	80
90	6	70
90	7	80
90	8	110
90	9	90
90	10	90
90	11	80
90	12	90
90	13	70
90	14	80
90	15	60
90	16	90
90	17	80
90	18	60
90	19	70
90	20	90
90	21	50
90	22	100
90	23	90
90	24	20
90	25	70
90	26	20
90	27	0
90	28	70
90	29	70
90	30	20
90	31	70
90	32	80
90	33	100
90	34	0
90	35	80
90	36	90
90	37	70
90	38	60
90	39	90
90	40	70
91	1	70
91	2	70
91	3	80
91	4	80
91	5	100
91	6	50
91	7	90
91	8	90
91	9	90
91	10	50
91	11	80
91	12	70
91	13	50
91	14	60
91	15	70
91	16	50
91	17	60
91	18	60
91	19	90
91	20	90
91	21	60
91	22	50
91	23	70
91	24	20
91	25	70
91	26	20
91	27	0
91	28	70
91	29	50
91	30	0
91	31	50
91	32	70
91	33	50
91	34	40
91	35	80
91	36	90
91	37	70
91	38	50
91	39	70
91	40	70
92	1	40
92	2	100
92	3	100
92	4	60
92	5	60
92	6	70
92	7	80
92	8	30
92	9	90
92	10	70
92	11	80
92	12	70
92	13	60
92	14	80
92	15	80
92	16	50
92	17	30
92	18	70
92	19	80
92	20	20
92	21	80
92	22	80
92	23	60
92	24	60
92	25	90
92	26	70
92	27	70
92	28	80
92	29	70
92	30	70
92	31	80
92	32	100
92	33	60
92	34	80
92	35	60
92	36	30
92	37	10
92	38	60
92	39	50
92	40	100
93	1	40
93	2	70
93	3	80
93	4	100
93	5	80
93	6	70
93	7	120
93	8	40
93	9	90
93	10	50
93	11	80
93	12	70
93	13	70
93	14	60
93	15	100
93	16	70
93	17	10
93	18	90
93	19	110
93	20	20
93	21	120
93	22	60
93	23	90
93	24	50
93	25	90
93	26	90
93	27	70
93	28	70
93	29	70
93	30	50
93	31	70
93	32	100
93	33	80
93	34	70
93	35	60
93	36	40
93	37	20
93	38	60
93	39	50
93	40	90
94	1	90
94	2	90
94	3	90
94	4	90
94	5	70
94	6	50
94	7	90
94	8	90
94	9	110
94	10	50
94	11	70
94	12	70
94	13	50
94	14	70
94	15	90
94	16	50
94	17	50
94	18	40
94	19	90
94	20	70
94	21	40
94	22	50
94	23	70
94	24	0
94	25	90
94	26	40
94	27	0
94	28	90
94	29	50
94	30	0
94	31	50
94	32	90
94	33	70
94	34	40
94	35	50
94	36	110
94	37	50
94	38	70
94	39	50
94	40	70
95	1	90
95	2	80
95	3	80
95	4	100
95	5	80
95	6	90
95	7	100
95	8	100
95	9	90
95	10	90
95	11	100
95	12	90
95	13	80
95	14	80
95	15	80
95	16	90
95	17	80
95	18	40
95	19	100
95	20	70
95	21	50
95	22	100
95	23	120
95	24	10
95	25	90
95	26	20
95	27	40
95	28	60
95	29	90
95	30	20
95	31	100
95	32	100
95	33	100
95	34	10
95	35	60
95	36	80
95	37	80
95	38	60
95	39	70
95	40	100
96	1	90
96	2	90
96	3	100
96	4	80
96	5	60
96	6	70
96	7	60
96	8	50
96	9	90
96	10	70
96	11	80
96	12	70
96	13	50
96	14	100
96	15	80
96	16	50
96	17	80
96	18	0
96	19	50
96	20	50
96	21	10
96	22	80
96	23	50
96	24	0
96	25	90
96	26	20
96	27	20
96	28	70
96	29	70
96	30	20
96	31	70
96	32	100
96	33	80
96	34	20
96	35	60
96	36	70
96	37	50
96	38	80
96	39	50
96	40	70
97	1	40
97	2	90
97	3	80
97	4	60
97	5	60
97	6	70
97	7	70
97	8	40
97	9	90
97	10	70
97	11	60
97	12	70
97	13	70
97	14	80
97	15	70
97	16	70
97	17	30
97	18	90
97	19	70
97	20	40
97	21	90
97	22	70
97	23	50
97	24	70
97	25	90
97	26	90
97	27	50
97	28	90
97	29	70
97	30	70
97	31	70
97	32	90
97	33	70
97	34	70
97	35	80
97	36	40
97	37	20
97	38	50
97	39	70
97	40	90
98	1	110
98	2	90
98	3	100
98	4	100
98	5	60
98	6	90
98	7	70
98	8	70
98	9	90
98	10	90
98	11	80
98	12	70
98	13	70
98	14	100
98	15	90
98	16	90
98	17	80
98	18	20
98	19	70
98	20	70
98	21	20
98	22	90
98	23	90
98	24	0
98	25	110
98	26	40
98	27	40
98	28	70
98	29	90
98	30	20
98	31	90
98	32	110
98	33	110
98	34	20
98	35	60
98	36	70
98	37	70
98	38	70
98	39	70
98	40	90
99	1	110
99	2	90
99	3	100
99	4	100
99	5	60
99	6	90
99	7	80
99	8	70
99	9	90
99	10	90
99	11	80
99	12	70
99	13	70
99	14	100
99	15	100
99	16	90
99	17	80
99	18	20
99	19	70
99	20	70
99	21	30
99	22	100
99	23	90
99	24	0
99	25	110
99	26	40
99	27	40
99	28	70
99	29	90
99	30	20
99	31	90
99	32	120
99	33	120
99	34	20
99	35	60
99	36	70
99	37	70
99	38	80
99	39	70
99	40	90
100	1	110
100	2	90
100	3	120
100	4	120
100	5	80
100	6	70
100	7	120
100	8	110
100	9	90
100	10	70
100	11	80
100	12	50
100	13	90
100	14	80
100	15	140
100	16	110
100	17	60
100	18	40
100	19	110
100	20	90
100	21	50
100	22	80
100	23	110
100	24	0
100	25	110
100	26	80
100	27	40
100	28	110
100	29	70
100	30	0
100	31	70
100	32	120
100	33	140
100	34	60
100	35	60
100	36	110
100	37	70
100	38	100
100	39	70
100	40	90
101	1	110
101	2	90
101	3	120
101	4	100
101	5	60
101	6	70
101	7	100
101	8	70
101	9	90
101	10	50
101	11	80
101	12	50
101	13	70
101	14	80
101	15	120
101	16	70
101	17	60
101	18	20
101	19	90
101	20	70
101	21	50
101	22	60
101	23	70
101	24	0
101	25	110
101	26	60
101	27	40
101	28	90
101	29	70
101	30	0
101	31	70
101	32	120
101	33	100
101	34	40
101	35	60
101	36	90
101	37	70
101	38	80
101	39	50
101	40	90
102	1	0
102	2	60
102	3	60
102	4	100
102	5	80
102	6	50
102	7	100
102	8	30
102	9	70
102	10	50
102	11	80
102	12	70
102	13	60
102	14	60
102	15	80
102	16	50
102	17	10
102	18	70
102	19	100
102	20	0
102	21	80
102	22	60
102	23	100
102	24	60
102	25	50
102	26	50
102	27	50
102	28	60
102	29	50
102	30	50
102	31	60
102	32	60
102	33	60
102	34	60
102	35	60
102	36	30
102	37	10
102	38	80
102	39	50
102	40	60
103	1	40
103	2	70
103	3	70
103	4	110
103	5	70
103	6	70
103	7	130
103	8	60
103	9	90
103	10	70
103	11	70
103	12	70
103	13	70
103	14	50
103	15	110
103	16	90
103	17	0
103	18	110
103	19	130
103	20	40
103	21	110
103	22	70
103	23	130
103	24	50
103	25	90
103	26	90
103	27	70
103	28	70
103	29	70
103	30	50
103	31	70
103	32	90
103	33	90
103	34	70
103	35	50
103	36	40
103	37	20
103	38	70
103	39	70
103	40	90
104	1	70
104	2	80
104	3	100
104	4	80
104	5	80
104	6	50
104	7	100
104	8	120
104	9	70
104	10	70
104	11	80
104	12	50
104	13	80
104	14	60
104	15	100
104	16	90
104	17	60
104	18	40
104	19	100
104	20	90
104	21	30
104	22	80
104	23	100
104	24	10
104	25	70
104	26	40
104	27	20
104	28	100
104	29	50
104	30	0
104	31	60
104	32	80
104	33	100
104	34	50
104	35	60
104	36	100
104	37	60
104	38	80
104	39	70
104	40	80
105	1	110
105	2	110
105	3	100
105	4	80
105	5	60
105	6	70
105	7	80
105	8	110
105	9	110
105	10	90
105	11	60
105	12	70
105	13	70
105	14	100
105	15	100
105	16	90
105	17	80
105	18	60
105	19	70
105	20	110
105	21	50
105	22	100
105	23	70
105	24	20
105	25	110
105	26	60
105	27	0
105	28	110
105	29	70
105	30	20
105	31	70
105	32	120
105	33	120
105	34	40
105	35	80
105	36	110
105	37	70
105	38	80
105	39	90
105	40	90
106	1	80
106	2	110
106	3	120
106	4	100
106	5	60
106	6	90
106	7	100
106	8	20
106	9	110
106	10	70
106	11	80
106	12	70
106	13	70
106	14	100
106	15	120
106	16	70
106	17	30
106	18	70
106	19	90
106	20	20
106	21	100
106	22	80
106	23	70
106	24	50
106	25	130
106	26	110
106	27	90
106	28	90
106	29	90
106	30	70
106	31	90
106	32	140
106	33	100
106	34	90
106	35	60
106	36	40
106	37	20
106	38	80
106	39	50
106	40	110
107	1	90
107	2	70
107	3	70
107	4	110
107	5	90
107	6	70
107	7	90
107	8	90
107	9	90
107	10	70
107	11	70
107	12	70
107	13	70
107	14	70
107	15	90
107	16	90
107	17	50
107	18	60
107	19	90
107	20	90
107	21	60
107	22	70
107	23	110
107	24	20
107	25	90
107	26	40
107	27	20
107	28	70
107	29	70
107	30	0
107	31	70
107	32	90
107	33	110
107	34	40
107	35	70
107	36	90
107	37	90
107	38	70
107	39	90
107	40	70
108	1	90
108	2	70
108	3	70
108	4	70
108	5	70
108	6	70
108	7	90
108	8	90
108	9	70
108	10	70
108	11	50
108	12	50
108	13	70
108	14	50
108	15	90
108	16	90
108	17	50
108	18	60
108	19	90
108	20	110
108	21	60
108	22	70
108	23	90
108	24	20
108	25	90
108	26	40
108	27	20
108	28	70
108	29	70
108	30	0
108	31	70
108	32	90
108	33	90
108	34	40
108	35	70
108	36	70
108	37	90
108	38	50
108	39	90
108	40	90
109	1	40
109	2	100
109	3	100
109	4	100
109	5	80
109	6	50
109	7	100
109	8	70
109	9	110
109	10	70
109	11	80
109	12	70
109	13	60
109	14	80
109	15	100
109	16	70
109	17	10
109	18	110
109	19	100
109	20	40
109	21	100
109	22	80
109	23	100
109	24	60
109	25	90
109	26	90
109	27	50
109	28	100
109	29	50
109	30	50
109	31	60
109	32	100
109	33	100
109	34	100
109	35	60
109	36	70
109	37	10
109	38	80
109	39	70
109	40	80
110	1	90
110	2	70
110	3	100
110	4	100
110	5	80
110	6	70
110	7	120
110	8	110
110	9	70
110	10	70
110	11	80
110	12	50
110	13	90
110	14	60
110	15	120
110	16	110
110	17	60
110	18	40
110	19	110
110	20	90
110	21	50
110	22	80
110	23	110
110	24	0
110	25	90
110	26	60
110	27	40
110	28	90
110	29	70
110	30	0
110	31	70
110	32	100
110	33	120
110	34	40
110	35	60
110	36	90
110	37	70
110	38	80
110	39	70
110	40	90
111	1	90
111	2	70
111	3	100
111	4	120
111	5	100
111	6	70
111	7	140
111	8	130
111	9	90
111	10	70
111	11	100
111	12	70
111	13	90
111	14	60
111	15	120
111	16	110
111	17	60
111	18	60
111	19	130
111	20	90
111	21	70
111	22	80
111	23	130
111	24	0
111	25	90
111	26	60
111	27	40
111	28	90
111	29	70
111	30	0
111	31	70
111	32	100
111	33	120
111	34	40
111	35	60
111	36	110
111	37	70
111	38	80
111	39	70
111	40	90
112	1	50
112	2	50
112	3	60
112	4	80
112	5	60
112	6	50
112	7	70
112	8	70
112	9	50
112	10	70
112	11	60
112	12	50
112	13	50
112	14	60
112	15	70
112	16	70
112	17	60
112	18	20
112	19	70
112	20	70
112	21	0
112	22	70
112	23	90
112	24	0
112	25	50
112	26	0
112	27	0
112	28	50
112	29	50
112	30	0
112	31	50
112	32	50
112	33	70
112	34	0
112	35	60
112	36	50
112	37	50
112	38	70
112	39	70
112	40	50
113	1	90
113	2	90
113	3	100
113	4	80
113	5	80
113	6	70
113	7	100
113	8	90
113	9	110
113	10	70
113	11	100
113	12	90
113	13	50
113	14	80
113	15	80
113	16	50
113	17	80
113	18	40
113	19	90
113	20	70
113	21	50
113	22	80
113	23	70
113	24	0
113	25	90
113	26	20
113	27	20
113	28	70
113	29	70
113	30	20
113	31	70
113	32	100
113	33	60
113	34	20
113	35	60
113	36	90
113	37	50
113	38	60
113	39	50
113	40	90
114	1	70
114	2	70
114	3	80
114	4	100
114	5	80
114	6	50
114	7	80
114	8	70
114	9	90
114	10	50
114	11	80
114	12	70
114	13	50
114	14	80
114	15	80
114	16	50
114	17	60
114	18	20
114	19	70
114	20	50
114	21	30
114	22	60
114	23	70
114	24	0
114	25	70
114	26	20
114	27	0
114	28	70
114	29	50
114	30	0
114	31	50
114	32	80
114	33	80
114	34	20
114	35	60
114	36	90
114	37	50
114	38	80
114	39	50
114	40	50
115	1	20
115	2	70
115	3	100
115	4	100
115	5	100
115	6	50
115	7	120
115	8	80
115	9	90
115	10	70
115	11	100
115	12	70
115	13	70
115	14	60
115	15	100
115	16	90
115	17	10
115	18	110
115	19	110
115	20	40
115	21	100
115	22	80
115	23	110
115	24	50
115	25	70
115	26	90
115	27	70
115	28	90
115	29	50
115	30	50
115	31	50
115	32	80
115	33	100
115	34	90
115	35	60
115	36	60
115	37	0
115	38	80
115	39	70
115	40	70
116	1	70
116	2	70
116	3	80
116	4	80
116	5	60
116	6	50
116	7	60
116	8	50
116	9	70
116	10	50
116	11	60
116	12	50
116	13	50
116	14	80
116	15	80
116	16	50
116	17	60
116	18	0
116	19	50
116	20	50
116	21	10
116	22	60
116	23	50
116	24	0
116	25	70
116	26	20
116	27	0
116	28	70
116	29	50
116	30	0
116	31	50
116	32	80
116	33	80
116	34	20
116	35	60
116	36	70
116	37	50
116	38	80
116	39	50
116	40	50
117	1	110
117	2	110
117	3	90
117	4	90
117	5	70
117	6	70
117	7	90
117	8	130
117	9	130
117	10	90
117	11	70
117	12	90
117	13	70
117	14	90
117	15	90
117	16	90
117	17	70
117	18	80
117	19	90
117	20	110
117	21	60
117	22	90
117	23	90
117	24	20
117	25	110
117	26	60
117	27	0
117	28	110
117	29	70
117	30	20
117	31	70
117	32	110
117	33	110
117	34	40
117	35	70
117	36	130
117	37	70
117	38	70
117	39	90
117	40	90
118	1	70
118	2	80
118	3	80
118	4	80
118	5	80
118	6	70
118	7	80
118	8	80
118	9	90
118	10	70
118	11	100
118	12	90
118	13	60
118	14	80
118	15	60
118	16	50
118	17	80
118	18	20
118	19	80
118	20	50
118	21	30
118	22	80
118	23	80
118	24	10
118	25	70
118	26	0
118	27	20
118	28	60
118	29	70
118	30	20
118	31	80
118	32	80
118	33	60
118	34	10
118	35	60
118	36	80
118	37	60
118	38	60
118	39	50
118	40	80
119	1	40
119	2	100
119	3	120
119	4	100
119	5	80
119	6	50
119	7	100
119	8	70
119	9	90
119	10	70
119	11	80
119	12	50
119	13	80
119	14	80
119	15	120
119	16	90
119	17	10
119	18	90
119	19	100
119	20	40
119	21	80
119	22	80
119	23	100
119	24	60
119	25	90
119	26	110
119	27	70
119	28	120
119	29	50
119	30	50
119	31	60
119	32	100
119	33	120
119	34	120
119	35	60
119	36	70
119	37	10
119	38	100
119	39	70
119	40	80
120	1	40
120	2	70
120	3	80
120	4	100
120	5	60
120	6	70
120	7	110
120	8	40
120	9	70
120	10	70
120	11	60
120	12	50
120	13	70
120	14	60
120	15	110
120	16	90
120	17	10
120	18	90
120	19	110
120	20	40
120	21	90
120	22	70
120	23	110
120	24	50
120	25	90
120	26	90
120	27	70
120	28	70
120	29	70
120	30	50
120	31	70
120	32	90
120	33	90
120	34	70
120	35	60
120	36	20
120	37	20
120	38	70
120	39	70
120	40	90
121	1	40
121	2	100
121	3	120
121	4	120
121	5	100
121	6	50
121	7	120
121	8	90
121	9	110
121	10	70
121	11	100
121	12	70
121	13	80
121	14	80
121	15	120
121	16	90
121	17	10
121	18	110
121	19	120
121	20	40
121	21	100
121	22	80
121	23	120
121	24	60
121	25	90
121	26	110
121	27	70
121	28	120
121	29	50
121	30	50
121	31	60
121	32	100
121	33	120
121	34	120
121	35	60
121	36	90
121	37	10
121	38	100
121	39	70
121	40	80
122	1	60
122	2	110
122	3	120
122	4	80
122	5	60
122	6	70
122	7	80
122	8	40
122	9	110
122	10	90
122	11	80
122	12	70
122	13	50
122	14	100
122	15	100
122	16	70
122	17	30
122	18	90
122	19	70
122	20	40
122	21	80
122	22	100
122	23	70
122	24	50
122	25	110
122	26	90
122	27	70
122	28	90
122	29	70
122	30	70
122	31	70
122	32	120
122	33	100
122	34	90
122	35	60
122	36	40
122	37	0
122	38	80
122	39	70
122	40	90
123	1	20
123	2	70
123	3	70
123	4	50
123	5	50
123	6	50
123	7	70
123	8	40
123	9	70
123	10	70
123	11	50
123	12	50
123	13	50
123	14	50
123	15	70
123	16	70
123	17	0
123	18	90
123	19	70
123	20	40
123	21	70
123	22	70
123	23	70
123	24	50
123	25	70
123	26	70
123	27	50
123	28	70
123	29	50
123	30	50
123	31	50
123	32	70
123	33	70
123	34	70
123	35	50
123	36	20
123	37	0
123	38	50
123	39	70
123	40	70
124	1	20
124	2	60
124	3	60
124	4	100
124	5	80
124	6	70
124	7	100
124	8	50
124	9	70
124	10	70
124	11	80
124	12	70
124	13	80
124	14	60
124	15	80
124	16	90
124	17	10
124	18	90
124	19	100
124	20	20
124	21	100
124	22	80
124	23	120
124	24	60
124	25	70
124	26	70
124	27	70
124	28	60
124	29	70
124	30	50
124	31	80
124	32	80
124	33	100
124	34	60
124	35	60
124	36	30
124	37	30
124	38	60
124	39	70
124	40	80
125	1	90
125	2	70
125	3	80
125	4	140
125	5	80
125	6	70
125	7	120
125	8	90
125	9	90
125	10	70
125	11	80
125	12	70
125	13	70
125	14	80
125	15	120
125	16	90
125	17	60
125	18	40
125	19	110
125	20	70
125	21	50
125	22	80
125	23	130
125	24	0
125	25	90
125	26	40
125	27	20
125	28	70
125	29	70
125	30	0
125	31	70
125	32	100
125	33	120
125	34	20
125	35	60
125	36	90
125	37	70
125	38	100
125	39	70
125	40	70
126	1	40
126	2	80
126	3	100
126	4	80
126	5	60
126	6	70
126	7	100
126	8	30
126	9	70
126	10	50
126	11	80
126	12	50
126	13	80
126	14	60
126	15	100
126	16	70
126	17	10
126	18	70
126	19	100
126	20	20
126	21	100
126	22	60
126	23	80
126	24	60
126	25	90
126	26	90
126	27	90
126	28	80
126	29	70
126	30	50
126	31	80
126	32	100
126	33	80
126	34	80
126	35	60
126	36	30
126	37	30
126	38	60
126	39	50
126	40	100
127	1	40
127	2	90
127	3	90
127	4	70
127	5	50
127	6	70
127	7	50
127	8	20
127	9	90
127	10	90
127	11	70
127	12	70
127	13	50
127	14	90
127	15	70
127	16	70
127	17	20
127	18	70
127	19	50
127	20	20
127	21	50
127	22	90
127	23	70
127	24	50
127	25	90
127	26	70
127	27	70
127	28	70
127	29	70
127	30	70
127	31	70
127	32	90
127	33	90
127	34	70
127	35	50
127	36	20
127	37	0
127	38	70
127	39	70
127	40	70
128	1	70
128	2	70
128	3	80
128	4	120
128	5	80
128	6	50
128	7	100
128	8	70
128	9	90
128	10	50
128	11	80
128	12	70
128	13	50
128	14	80
128	15	100
128	16	50
128	17	60
128	18	20
128	19	90
128	20	50
128	21	30
128	22	60
128	23	90
128	24	0
128	25	70
128	26	20
128	27	0
128	28	70
128	29	50
128	30	0
128	31	50
128	32	80
128	33	80
128	34	20
128	35	60
128	36	90
128	37	50
128	38	100
128	39	50
128	40	50
129	1	60
129	2	90
129	3	100
129	4	120
129	5	60
129	6	90
129	7	100
129	8	0
129	9	90
129	10	70
129	11	80
129	12	70
129	13	70
129	14	100
129	15	120
129	16	70
129	17	30
129	18	70
129	19	90
129	20	20
129	21	100
129	22	80
129	23	90
129	24	70
129	25	110
129	26	90
129	27	90
129	28	70
129	29	90
129	30	70
129	31	90
129	32	120
129	33	100
129	34	70
129	35	80
129	36	20
129	37	40
129	38	100
129	39	70
129	40	90
130	1	70
130	2	80
130	3	60
130	4	60
130	5	60
130	6	70
130	7	60
130	8	80
130	9	70
130	10	70
130	11	60
130	12	70
130	13	80
130	14	80
130	15	60
130	16	70
130	17	80
130	18	20
130	19	60
130	20	70
130	21	30
130	22	80
130	23	60
130	24	30
130	25	70
130	26	20
130	27	0
130	28	80
130	29	70
130	30	20
130	31	80
130	32	80
130	33	80
130	34	10
130	35	80
130	36	80
130	37	80
130	38	60
130	39	70
130	40	80
131	1	50
131	2	50
131	3	60
131	4	60
131	5	60
131	6	50
131	7	50
131	8	50
131	9	50
131	10	50
131	11	60
131	12	50
131	13	50
131	14	60
131	15	50
131	16	50
131	17	60
131	18	0
131	19	50
131	20	50
131	21	0
131	22	50
131	23	50
131	24	0
131	25	50
131	26	0
131	27	0
131	28	50
131	29	50
131	30	0
131	31	50
131	32	50
131	33	50
131	34	0
131	35	60
131	36	50
131	37	50
131	38	50
131	39	50
131	40	50
132	1	40
132	2	100
132	3	100
132	4	100
132	5	80
132	6	70
132	7	80
132	8	30
132	9	110
132	10	70
132	11	100
132	12	90
132	13	60
132	14	100
132	15	80
132	16	50
132	17	30
132	18	70
132	19	80
132	20	0
132	21	80
132	22	80
132	23	80
132	24	60
132	25	90
132	26	70
132	27	70
132	28	80
132	29	70
132	30	70
132	31	80
132	32	100
132	33	80
132	34	80
132	35	60
132	36	50
132	37	10
132	38	80
132	39	50
132	40	80
133	1	40
133	2	70
133	3	80
133	4	100
133	5	60
133	6	70
133	7	110
133	8	40
133	9	70
133	10	70
133	11	60
133	12	50
133	13	70
133	14	60
133	15	110
133	16	90
133	17	10
133	18	90
133	19	110
133	20	40
133	21	90
133	22	70
133	23	110
133	24	50
133	25	90
133	26	90
133	27	70
133	28	70
133	29	70
133	30	50
133	31	70
133	32	90
133	33	90
133	34	70
133	35	60
133	36	20
133	37	20
133	38	70
133	39	70
133	40	90
134	1	40
134	2	70
134	3	70
134	4	110
134	5	70
134	6	70
134	7	90
134	8	40
134	9	90
134	10	70
134	11	70
134	12	70
134	13	70
134	14	70
134	15	90
134	16	90
134	17	0
134	18	90
134	19	90
134	20	20
134	21	90
134	22	70
134	23	110
134	24	50
134	25	90
134	26	90
134	27	70
134	28	70
134	29	70
134	30	50
134	31	70
134	32	90
134	33	110
134	34	70
134	35	50
134	36	40
134	37	20
134	38	70
134	39	70
134	40	70
135	1	60
135	2	110
135	3	110
135	4	70
135	5	50
135	6	70
135	7	70
135	8	40
135	9	110
135	10	90
135	11	70
135	12	70
135	13	50
135	14	90
135	15	90
135	16	70
135	17	20
135	18	90
135	19	70
135	20	40
135	21	70
135	22	90
135	23	70
135	24	50
135	25	110
135	26	90
135	27	70
135	28	90
135	29	70
135	30	70
135	31	70
135	32	110
135	33	90
135	34	90
135	35	50
135	36	40
135	37	0
135	38	70
135	39	70
135	40	90
136	1	90
136	2	90
136	3	100
136	4	100
136	5	100
136	6	50
136	7	100
136	8	90
136	9	110
136	10	50
136	11	80
136	12	70
136	13	50
136	14	80
136	15	100
136	16	50
136	17	60
136	18	60
136	19	90
136	20	90
136	21	70
136	22	60
136	23	70
136	24	20
136	25	90
136	26	40
136	27	0
136	28	90
136	29	50
136	30	0
136	31	50
136	32	100
136	33	80
136	34	60
136	35	80
136	36	110
136	37	70
136	38	80
136	39	70
136	40	70
137	1	40
137	2	70
137	3	80
137	4	120
137	5	80
137	6	70
137	7	100
137	8	40
137	9	90
137	10	70
137	11	80
137	12	70
137	13	70
137	14	80
137	15	100
137	16	90
137	17	10
137	18	90
137	19	90
137	20	20
137	21	100
137	22	80
137	23	110
137	24	50
137	25	90
137	26	90
137	27	70
137	28	70
137	29	70
137	30	50
137	31	70
137	32	100
137	33	120
137	34	70
137	35	60
137	36	40
137	37	20
137	38	80
137	39	70
137	40	70
138	1	20
138	2	70
138	3	70
138	4	90
138	5	70
138	6	50
138	7	110
138	8	40
138	9	90
138	10	50
138	11	70
138	12	70
138	13	50
138	14	50
138	15	90
138	16	50
138	17	0
138	18	90
138	19	110
138	20	20
138	21	90
138	22	50
138	23	90
138	24	50
138	25	70
138	26	70
138	27	50
138	28	70
138	29	50
138	30	50
138	31	50
138	32	70
138	33	50
138	34	70
138	35	50
138	36	40
138	37	0
138	38	70
138	39	50
138	40	70
139	1	20
139	2	70
139	3	70
139	4	70
139	5	50
139	6	70
139	7	70
139	8	20
139	9	70
139	10	90
139	11	70
139	12	70
139	13	50
139	14	70
139	15	70
139	16	70
139	17	20
139	18	90
139	19	70
139	20	40
139	21	70
139	22	90
139	23	90
139	24	70
139	25	70
139	26	50
139	27	70
139	28	50
139	29	70
139	30	70
139	31	70
139	32	70
139	33	70
139	34	50
139	35	70
139	36	0
139	37	20
139	38	70
139	39	90
139	40	70
140	1	90
140	2	90
140	3	100
140	4	120
140	5	80
140	6	50
140	7	120
140	8	110
140	9	110
140	10	70
140	11	80
140	12	70
140	13	50
140	14	80
140	15	120
140	16	70
140	17	60
140	18	60
140	19	110
140	20	90
140	21	50
140	22	80
140	23	110
140	24	0
140	25	90
140	26	40
140	27	0
140	28	90
140	29	50
140	30	0
140	31	50
140	32	100
140	33	100
140	34	40
140	35	60
140	36	110
140	37	50
140	38	100
140	39	70
140	40	70
141	1	50
141	2	60
141	3	60
141	4	60
141	5	80
141	6	50
141	7	60
141	8	60
141	9	50
141	10	50
141	11	60
141	12	50
141	13	60
141	14	60
141	15	60
141	16	50
141	17	60
141	18	20
141	19	60
141	20	70
141	21	30
141	22	60
141	23	60
141	24	30
141	25	50
141	26	0
141	27	0
141	28	60
141	29	50
141	30	0
141	31	60
141	32	60
141	33	60
141	34	30
141	35	80
141	36	60
141	37	80
141	38	60
141	39	70
141	40	60
142	1	70
142	2	70
142	3	80
142	4	80
142	5	80
142	6	70
142	7	80
142	8	90
142	9	90
142	10	90
142	11	100
142	12	90
142	13	50
142	14	80
142	15	60
142	16	70
142	17	80
142	18	40
142	19	70
142	20	70
142	21	30
142	22	100
142	23	90
142	24	0
142	25	70
142	26	0
142	27	20
142	28	50
142	29	70
142	30	20
142	31	70
142	32	80
142	33	80
142	34	0
142	35	60
142	36	70
142	37	50
142	38	60
142	39	70
142	40	70
143	1	20
143	2	80
143	3	60
143	4	60
143	5	60
143	6	70
143	7	60
143	8	30
143	9	70
143	10	70
143	11	60
143	12	70
143	13	80
143	14	80
143	15	60
143	16	70
143	17	30
143	18	70
143	19	60
143	20	20
143	21	80
143	22	80
143	23	60
143	24	80
143	25	70
143	26	70
143	27	50
143	28	80
143	29	70
143	30	70
143	31	80
143	32	80
143	33	80
143	34	60
143	35	80
143	36	30
143	37	30
143	38	60
143	39	70
143	40	80
144	1	90
144	2	90
144	3	120
144	4	120
144	5	100
144	6	50
144	7	120
144	8	110
144	9	110
144	10	50
144	11	100
144	12	70
144	13	70
144	14	80
144	15	120
144	16	70
144	17	60
144	18	40
144	19	110
144	20	70
144	21	50
144	22	60
144	23	90
144	24	0
144	25	90
144	26	60
144	27	20
144	28	110
144	29	50
144	30	0
144	31	50
144	32	100
144	33	100
144	34	60
144	35	60
144	36	130
144	37	50
144	38	100
144	39	50
144	40	70
145	1	60
145	2	100
145	3	100
145	4	120
145	5	60
145	6	90
145	7	100
145	8	10
145	9	90
145	10	70
145	11	80
145	12	70
145	13	80
145	14	100
145	15	120
145	16	70
145	17	30
145	18	70
145	19	100
145	20	20
145	21	100
145	22	80
145	23	100
145	24	80
145	25	110
145	26	90
145	27	90
145	28	80
145	29	90
145	30	70
145	31	100
145	32	120
145	33	100
145	34	80
145	35	80
145	36	30
145	37	50
145	38	100
145	39	70
145	40	100
146	1	50
146	2	50
146	3	60
146	4	60
146	5	60
146	6	50
146	7	60
146	8	50
146	9	50
146	10	50
146	11	60
146	12	50
146	13	50
146	14	60
146	15	60
146	16	50
146	17	60
146	18	0
146	19	50
146	20	50
146	21	10
146	22	60
146	23	50
146	24	0
146	25	50
146	26	0
146	27	0
146	28	50
146	29	50
146	30	0
146	31	50
146	32	60
146	33	60
146	34	0
146	35	60
146	36	50
146	37	50
146	38	60
146	39	50
146	40	50
147	1	90
147	2	80
147	3	80
147	4	120
147	5	80
147	6	70
147	7	140
147	8	100
147	9	90
147	10	50
147	11	80
147	12	70
147	13	80
147	14	60
147	15	120
147	16	70
147	17	60
147	18	40
147	19	140
147	20	70
147	21	70
147	22	60
147	23	120
147	24	10
147	25	90
147	26	40
147	27	20
147	28	80
147	29	70
147	30	0
147	31	80
147	32	100
147	33	80
147	34	30
147	35	60
147	36	100
147	37	80
147	38	80
147	39	50
147	40	100
148	1	90
148	2	90
148	3	120
148	4	100
148	5	80
148	6	50
148	7	90
148	8	110
148	9	90
148	10	70
148	11	80
148	12	50
148	13	70
148	14	80
148	15	110
148	16	90
148	17	60
148	18	40
148	19	90
148	20	90
148	21	20
148	22	70
148	23	90
148	24	0
148	25	90
148	26	60
148	27	20
148	28	110
148	29	50
148	30	0
148	31	50
148	32	90
148	33	110
148	34	60
148	35	60
148	36	110
148	37	50
148	38	90
148	39	70
148	40	70
149	1	110
149	2	90
149	3	100
149	4	80
149	5	60
149	6	90
149	7	90
149	8	90
149	9	90
149	10	90
149	11	80
149	12	70
149	13	70
149	14	80
149	15	90
149	16	90
149	17	80
149	18	40
149	19	90
149	20	90
149	21	40
149	22	90
149	23	90
149	24	0
149	25	110
149	26	40
149	27	40
149	28	70
149	29	90
149	30	20
149	31	90
149	32	110
149	33	90
149	34	20
149	35	60
149	36	70
149	37	70
149	38	50
149	39	70
149	40	110
150	1	60
150	2	100
150	3	100
150	4	120
150	5	60
150	6	70
150	7	120
150	8	50
150	9	90
150	10	70
150	11	60
150	12	50
150	13	80
150	14	80
150	15	140
150	16	90
150	17	10
150	18	90
150	19	120
150	20	40
150	21	100
150	22	80
150	23	120
150	24	60
150	25	110
150	26	110
150	27	70
150	28	100
150	29	70
150	30	50
150	31	80
150	32	120
150	33	120
150	34	100
150	35	60
150	36	50
150	37	30
150	38	100
150	39	70
150	40	100
151	1	110
151	2	90
151	3	100
151	4	140
151	5	80
151	6	90
151	7	110
151	8	90
151	9	110
151	10	90
151	11	100
151	12	90
151	13	70
151	14	100
151	15	110
151	16	90
151	17	80
151	18	60
151	19	110
151	20	90
151	21	60
151	22	90
151	23	130
151	24	20
151	25	110
151	26	40
151	27	40
151	28	70
151	29	90
151	30	20
151	31	90
151	32	110
151	33	110
151	34	20
151	35	80
151	36	90
151	37	90
151	38	90
151	39	90
151	40	90
152	1	60
152	2	90
152	3	120
152	4	140
152	5	100
152	6	70
152	7	130
152	8	60
152	9	110
152	10	50
152	11	100
152	12	70
152	13	90
152	14	80
152	15	130
152	16	90
152	17	10
152	18	90
152	19	130
152	20	20
152	21	110
152	22	50
152	23	110
152	24	50
152	25	110
152	26	130
152	27	90
152	28	110
152	29	70
152	30	50
152	31	70
152	32	110
152	33	110
152	34	110
152	35	60
152	36	80
152	37	20
152	38	90
152	39	50
152	40	90
153	1	130
153	2	110
153	3	110
153	4	110
153	5	70
153	6	90
153	7	110
153	8	110
153	9	130
153	10	90
153	11	90
153	12	90
153	13	70
153	14	90
153	15	110
153	16	90
153	17	70
153	18	60
153	19	110
153	20	90
153	21	60
153	22	90
153	23	110
153	24	0
153	25	130
153	26	60
153	27	40
153	28	90
153	29	90
153	30	20
153	31	90
153	32	130
153	33	110
153	34	40
153	35	50
153	36	110
153	37	70
153	38	70
153	39	70
153	40	110
154	1	40
154	2	100
154	3	120
154	4	120
154	5	100
154	6	50
154	7	120
154	8	70
154	9	110
154	10	50
154	11	100
154	12	70
154	13	80
154	14	80
154	15	120
154	16	70
154	17	10
154	18	90
154	19	120
154	20	20
154	21	100
154	22	60
154	23	100
154	24	60
154	25	90
154	26	110
154	27	70
154	28	120
154	29	50
154	30	50
154	31	60
154	32	100
154	33	100
154	34	120
154	35	60
154	36	90
154	37	10
154	38	100
154	39	50
154	40	80
155	1	0
155	2	60
155	3	60
155	4	80
155	5	80
155	6	50
155	7	80
155	8	50
155	9	70
155	10	70
155	11	80
155	12	70
155	13	60
155	14	60
155	15	60
155	16	70
155	17	10
155	18	90
155	19	80
155	20	20
155	21	80
155	22	80
155	23	100
155	24	60
155	25	50
155	26	50
155	27	50
155	28	60
155	29	50
155	30	50
155	31	60
155	32	60
155	33	80
155	34	60
155	35	60
155	36	30
155	37	10
155	38	60
155	39	70
155	40	60
156	1	110
156	2	100
156	3	100
156	4	100
156	5	60
156	6	70
156	7	100
156	8	100
156	9	90
156	10	70
156	11	60
156	12	50
156	13	80
156	14	80
156	15	120
156	16	90
156	17	60
156	18	40
156	19	100
156	20	90
156	21	50
156	22	80
156	23	100
156	24	10
156	25	110
156	26	60
156	27	20
156	28	100
156	29	70
156	30	0
156	31	80
156	32	120
156	33	120
156	34	50
156	35	60
156	36	100
156	37	80
156	38	80
156	39	70
156	40	100
157	1	110
157	2	110
157	3	90
157	4	90
157	5	70
157	6	70
157	7	90
157	8	130
157	9	130
157	10	90
157	11	70
157	12	90
157	13	70
157	14	90
157	15	90
157	16	90
157	17	70
157	18	80
157	19	90
157	20	110
157	21	60
157	22	90
157	23	90
157	24	20
157	25	110
157	26	60
157	27	0
157	28	110
157	29	70
157	30	20
157	31	70
157	32	110
157	33	110
157	34	40
157	35	70
157	36	130
157	37	70
157	38	70
157	39	90
157	40	90
158	1	90
158	2	80
158	3	80
158	4	100
158	5	80
158	6	70
158	7	120
158	8	100
158	9	90
158	10	50
158	11	80
158	12	70
158	13	80
158	14	60
158	15	100
158	16	70
158	17	60
158	18	40
158	19	120
158	20	70
158	21	70
158	22	60
158	23	100
158	24	10
158	25	90
158	26	40
158	27	20
158	28	80
158	29	70
158	30	0
158	31	80
158	32	100
158	33	80
158	34	30
158	35	60
158	36	100
158	37	80
158	38	60
158	39	50
158	40	100
159	1	70
159	2	70
159	3	70
159	4	110
159	5	70
159	6	50
159	7	90
159	8	90
159	9	90
159	10	70
159	11	70
159	12	70
159	13	50
159	14	70
159	15	90
159	16	70
159	17	50
159	18	40
159	19	90
159	20	70
159	21	20
159	22	70
159	23	110
159	24	0
159	25	70
159	26	20
159	27	0
159	28	70
159	29	50
159	30	0
159	31	50
159	32	70
159	33	90
159	34	20
159	35	50
159	36	90
159	37	50
159	38	90
159	39	70
159	40	50
160	1	70
160	2	70
160	3	50
160	4	50
160	5	50
160	6	70
160	7	50
160	8	90
160	9	70
160	10	90
160	11	50
160	12	70
160	13	70
160	14	70
160	15	50
160	16	90
160	17	70
160	18	40
160	19	50
160	20	90
160	21	20
160	22	90
160	23	70
160	24	20
160	25	70
160	26	20
160	27	0
160	28	70
160	29	70
160	30	20
160	31	70
160	32	70
160	33	90
160	34	0
160	35	70
160	36	70
160	37	70
160	38	50
160	39	90
160	40	70
161	1	110
161	2	90
161	3	100
161	4	100
161	5	80
161	6	70
161	7	90
161	8	90
161	9	90
161	10	70
161	11	60
161	12	50
161	13	70
161	14	80
161	15	110
161	16	90
161	17	60
161	18	60
161	19	90
161	20	110
161	21	60
161	22	70
161	23	90
161	24	20
161	25	110
161	26	60
161	27	20
161	28	90
161	29	70
161	30	0
161	31	70
161	32	110
161	33	110
161	34	60
161	35	80
161	36	90
161	37	90
161	38	70
161	39	90
161	40	90
162	1	110
162	2	90
162	3	100
162	4	100
162	5	60
162	6	90
162	7	120
162	8	90
162	9	90
162	10	90
162	11	80
162	12	70
162	13	70
162	14	80
162	15	120
162	16	90
162	17	80
162	18	60
162	19	110
162	20	110
162	21	70
162	22	100
162	23	110
162	24	20
162	25	110
162	26	40
162	27	40
162	28	70
162	29	90
162	30	20
162	31	90
162	32	120
162	33	100
162	34	20
162	35	80
162	36	70
162	37	90
162	38	80
162	39	90
162	40	110
163	1	60
163	2	100
163	3	100
163	4	100
163	5	80
163	6	90
163	7	120
163	8	70
163	9	110
163	10	90
163	11	100
163	12	90
163	13	80
163	14	80
163	15	100
163	16	90
163	17	30
163	18	110
163	19	120
163	20	40
163	21	120
163	22	100
163	23	120
163	24	60
163	25	110
163	26	90
163	27	90
163	28	80
163	29	90
163	30	70
163	31	100
163	32	120
163	33	100
163	34	80
163	35	60
163	36	50
163	37	30
163	38	60
163	39	70
163	40	120
164	1	20
164	2	70
164	3	80
164	4	60
164	5	60
164	6	50
164	7	80
164	8	40
164	9	70
164	10	70
164	11	60
164	12	50
164	13	50
164	14	60
164	15	80
164	16	70
164	17	10
164	18	90
164	19	70
164	20	40
164	21	80
164	22	80
164	23	70
164	24	50
164	25	70
164	26	70
164	27	50
164	28	70
164	29	50
164	30	50
164	31	50
164	32	80
164	33	80
164	34	70
164	35	60
164	36	20
164	37	0
164	38	60
164	39	70
164	40	70
165	1	40
165	2	70
165	3	70
165	4	110
165	5	70
165	6	70
165	7	130
165	8	60
165	9	90
165	10	70
165	11	70
165	12	70
165	13	70
165	14	50
165	15	110
165	16	90
165	17	0
165	18	110
165	19	130
165	20	40
165	21	110
165	22	70
165	23	130
165	24	50
165	25	90
165	26	90
165	27	70
165	28	70
165	29	70
165	30	50
165	31	70
165	32	90
165	33	90
165	34	70
165	35	50
165	36	40
165	37	20
165	38	70
165	39	70
165	40	90
166	1	110
166	2	90
166	3	90
166	4	110
166	5	90
166	6	70
166	7	110
166	8	90
166	9	110
166	10	50
166	11	70
166	12	70
166	13	70
166	14	70
166	15	110
166	16	70
166	17	50
166	18	60
166	19	110
166	20	90
166	21	80
166	22	50
166	23	90
166	24	20
166	25	110
166	26	60
166	27	20
166	28	90
166	29	70
166	30	0
166	31	70
166	32	110
166	33	90
166	34	60
166	35	70
166	36	110
166	37	90
166	38	70
166	39	70
166	40	90
167	1	90
167	2	70
167	3	70
167	4	70
167	5	70
167	6	70
167	7	90
167	8	70
167	9	70
167	10	50
167	11	50
167	12	50
167	13	70
167	14	50
167	15	90
167	16	70
167	17	50
167	18	40
167	19	90
167	20	90
167	21	60
167	22	50
167	23	70
167	24	20
167	25	90
167	26	40
167	27	20
167	28	70
167	29	70
167	30	0
167	31	70
167	32	90
167	33	70
167	34	40
167	35	70
167	36	70
167	37	90
167	38	50
167	39	70
167	40	90
168	1	90
168	2	90
168	3	90
168	4	90
168	5	70
168	6	50
168	7	90
168	8	110
168	9	110
168	10	70
168	11	70
168	12	70
168	13	50
168	14	70
168	15	90
168	16	70
168	17	50
168	18	60
168	19	90
168	20	90
168	21	40
168	22	70
168	23	90
168	24	0
168	25	90
168	26	40
168	27	0
168	28	90
168	29	50
168	30	0
168	31	50
168	32	90
168	33	90
168	34	40
168	35	50
168	36	110
168	37	50
168	38	70
168	39	70
168	40	70
169	1	40
169	2	90
169	3	100
169	4	80
169	5	60
169	6	70
169	7	60
169	8	0
169	9	90
169	10	70
169	11	80
169	12	70
169	13	50
169	14	100
169	15	80
169	16	50
169	17	30
169	18	50
169	19	50
169	20	0
169	21	60
169	22	80
169	23	50
169	24	50
169	25	90
169	26	70
169	27	70
169	28	70
169	29	70
169	30	70
169	31	70
169	32	100
169	33	80
169	34	70
169	35	60
169	36	20
169	37	0
169	38	80
169	39	50
169	40	70
170	1	80
170	2	110
170	3	100
170	4	100
170	5	60
170	6	90
170	7	90
170	8	40
170	9	110
170	10	70
170	11	60
170	12	70
170	13	90
170	14	100
170	15	110
170	16	90
170	17	30
170	18	90
170	19	90
170	20	40
170	21	110
170	22	70
170	23	70
170	24	70
170	25	130
170	26	130
170	27	70
170	28	110
170	29	90
170	30	70
170	31	90
170	32	130
170	33	110
170	34	90
170	35	80
170	36	60
170	37	40
170	38	70
170	39	70
170	40	110
171	1	110
171	2	90
171	3	70
171	4	90
171	5	70
171	6	90
171	7	110
171	8	110
171	9	110
171	10	70
171	11	70
171	12	90
171	13	90
171	14	70
171	15	90
171	16	90
171	17	70
171	18	60
171	19	110
171	20	90
171	21	80
171	22	70
171	23	90
171	24	20
171	25	110
171	26	60
171	27	20
171	28	90
171	29	90
171	30	20
171	31	90
171	32	110
171	33	90
171	34	20
171	35	70
171	36	110
171	37	90
171	38	50
171	39	70
171	40	110
172	1	70
172	2	50
172	3	50
172	4	70
172	5	50
172	6	70
172	7	70
172	8	50
172	9	50
172	10	50
172	11	50
172	12	50
172	13	70
172	14	50
172	15	70
172	16	70
172	17	50
172	18	0
172	19	70
172	20	50
172	21	20
172	22	50
172	23	70
172	24	0
172	25	70
172	26	20
172	27	20
172	28	50
172	29	70
172	30	0
172	31	70
172	32	70
172	33	70
172	34	0
172	35	50
172	36	50
172	37	70
172	38	50
172	39	50
172	40	70
173	1	110
173	2	100
173	3	100
173	4	120
173	5	80
173	6	70
173	7	120
173	8	100
173	9	110
173	10	50
173	11	80
173	12	70
173	13	80
173	14	80
173	15	120
173	16	70
173	17	60
173	18	40
173	19	120
173	20	70
173	21	70
173	22	60
173	23	100
173	24	10
173	25	110
173	26	60
173	27	20
173	28	100
173	29	70
173	30	0
173	31	80
173	32	120
173	33	100
173	34	50
173	35	60
173	36	120
173	37	80
173	38	80
173	39	50
173	40	100
174	1	110
174	2	90
174	3	100
174	4	120
174	5	80
174	6	90
174	7	90
174	8	70
174	9	110
174	10	70
174	11	100
174	12	90
174	13	70
174	14	100
174	15	90
174	16	70
174	17	80
174	18	20
174	19	90
174	20	50
174	21	40
174	22	70
174	23	90
174	24	0
174	25	110
174	26	40
174	27	40
174	28	70
174	29	90
174	30	20
174	31	90
174	32	110
174	33	90
174	34	20
174	35	60
174	36	90
174	37	70
174	38	70
174	39	50
174	40	90
175	1	90
175	2	100
175	3	100
175	4	80
175	5	60
175	6	70
175	7	100
175	8	80
175	9	90
175	10	70
175	11	80
175	12	70
175	13	60
175	14	80
175	15	100
175	16	50
175	17	80
175	18	40
175	19	100
175	20	90
175	21	50
175	22	80
175	23	80
175	24	30
175	25	90
175	26	20
175	27	20
175	28	80
175	29	70
175	30	20
175	31	80
175	32	100
175	33	60
175	34	30
175	35	80
175	36	80
175	37	80
175	38	80
175	39	70
175	40	100
176	1	60
176	2	90
176	3	100
176	4	120
176	5	80
176	6	90
176	7	100
176	8	40
176	9	110
176	10	90
176	11	100
176	12	90
176	13	70
176	14	100
176	15	100
176	16	90
176	17	30
176	18	90
176	19	90
176	20	20
176	21	100
176	22	100
176	23	110
176	24	50
176	25	110
176	26	90
176	27	90
176	28	70
176	29	90
176	30	70
176	31	90
176	32	120
176	33	120
176	34	70
176	35	60
176	36	40
176	37	20
176	38	80
176	39	70
176	40	90
177	1	90
177	2	100
177	3	100
177	4	100
177	5	80
177	6	50
177	7	100
177	8	100
177	9	110
177	10	50
177	11	80
177	12	70
177	13	60
177	14	80
177	15	100
177	16	50
177	17	60
177	18	40
177	19	100
177	20	70
177	21	50
177	22	60
177	23	80
177	24	10
177	25	90
177	26	40
177	27	0
177	28	100
177	29	50
177	30	0
177	31	60
177	32	100
177	33	80
177	34	50
177	35	60
177	36	120
177	37	60
177	38	80
177	39	50
177	40	80
178	1	90
178	2	90
178	3	100
178	4	80
178	5	60
178	6	70
178	7	90
178	8	70
178	9	90
178	10	70
178	11	80
178	12	70
178	13	50
178	14	80
178	15	90
178	16	50
178	17	80
178	18	40
178	19	90
178	20	90
178	21	40
178	22	70
178	23	70
178	24	20
178	25	90
178	26	20
178	27	20
178	28	70
178	29	70
178	30	20
178	31	70
178	32	90
178	33	50
178	34	20
178	35	80
178	36	70
178	37	70
178	38	70
178	39	70
178	40	90
179	1	20
179	2	80
179	3	80
179	4	80
179	5	60
179	6	50
179	7	100
179	8	30
179	9	70
179	10	50
179	11	60
179	12	50
179	13	60
179	14	60
179	15	100
179	16	50
179	17	10
179	18	70
179	19	100
179	20	20
179	21	80
179	22	60
179	23	80
179	24	60
179	25	70
179	26	70
179	27	50
179	28	80
179	29	50
179	30	50
179	31	60
179	32	80
179	33	60
179	34	80
179	35	60
179	36	30
179	37	10
179	38	80
179	39	50
179	40	80
180	1	110
180	2	110
180	3	120
180	4	100
180	5	80
180	6	70
180	7	90
180	8	90
180	9	130
180	10	70
180	11	100
180	12	90
180	13	50
180	14	100
180	15	90
180	16	50
180	17	80
180	18	40
180	19	90
180	20	70
180	21	40
180	22	70
180	23	70
180	24	0
180	25	110
180	26	40
180	27	20
180	28	90
180	29	70
180	30	20
180	31	70
180	32	110
180	33	70
180	34	40
180	35	60
180	36	110
180	37	50
180	38	70
180	39	50
180	40	90
181	1	60
181	2	90
181	3	100
181	4	120
181	5	80
181	6	90
181	7	130
181	8	60
181	9	110
181	10	90
181	11	100
181	12	90
181	13	70
181	14	80
181	15	110
181	16	90
181	17	30
181	18	130
181	19	130
181	20	60
181	21	130
181	22	90
181	23	130
181	24	70
181	25	110
181	26	90
181	27	90
181	28	70
181	29	90
181	30	70
181	31	90
181	32	110
181	33	90
181	34	70
181	35	80
181	36	40
181	37	40
181	38	70
181	39	90
181	40	110
182	1	40
182	2	90
182	3	110
182	4	90
182	5	70
182	6	50
182	7	90
182	8	40
182	9	110
182	10	50
182	11	90
182	12	70
182	13	50
182	14	70
182	15	90
182	16	50
182	17	0
182	18	90
182	19	90
182	20	20
182	21	90
182	22	50
182	23	70
182	24	50
182	25	90
182	26	90
182	27	70
182	28	90
182	29	50
182	30	50
182	31	50
182	32	90
182	33	70
182	34	90
182	35	50
182	36	60
182	37	0
182	38	70
182	39	50
182	40	70
183	1	70
183	2	70
183	3	80
183	4	100
183	5	80
183	6	50
183	7	70
183	8	90
183	9	90
183	10	70
183	11	80
183	12	70
183	13	50
183	14	80
183	15	70
183	16	70
183	17	60
183	18	40
183	19	70
183	20	70
183	21	20
183	22	70
183	23	90
183	24	0
183	25	70
183	26	20
183	27	0
183	28	70
183	29	50
183	30	0
183	31	50
183	32	70
183	33	90
183	34	20
183	35	60
183	36	90
183	37	50
183	38	70
183	39	70
183	40	50
184	1	90
184	2	70
184	3	90
184	4	110
184	5	90
184	6	70
184	7	130
184	8	130
184	9	90
184	10	70
184	11	90
184	12	70
184	13	90
184	14	50
184	15	110
184	16	110
184	17	50
184	18	60
184	19	130
184	20	90
184	21	60
184	22	70
184	23	130
184	24	0
184	25	90
184	26	60
184	27	40
184	28	90
184	29	70
184	30	0
184	31	70
184	32	90
184	33	110
184	34	40
184	35	50
184	36	110
184	37	70
184	38	70
184	39	70
184	40	90
185	1	80
185	2	110
185	3	90
185	4	110
185	5	70
185	6	90
185	7	110
185	8	80
185	9	130
185	10	90
185	11	70
185	12	90
185	13	90
185	14	90
185	15	110
185	16	110
185	17	20
185	18	130
185	19	110
185	20	60
185	21	130
185	22	90
185	23	110
185	24	70
185	25	130
185	26	130
185	27	70
185	28	110
185	29	90
185	30	70
185	31	90
185	32	130
185	33	130
185	34	90
185	35	70
185	36	80
185	37	40
185	38	70
185	39	90
185	40	110
186	1	90
186	2	90
186	3	100
186	4	100
186	5	80
186	6	70
186	7	120
186	8	90
186	9	110
186	10	70
186	11	100
186	12	90
186	13	50
186	14	80
186	15	100
186	16	50
186	17	80
186	18	60
186	19	110
186	20	90
186	21	70
186	22	80
186	23	90
186	24	20
186	25	90
186	26	20
186	27	20
186	28	70
186	29	70
186	30	20
186	31	70
186	32	100
186	33	60
186	34	20
186	35	80
186	36	90
186	37	70
186	38	80
186	39	70
186	40	90
187	1	80
187	2	120
187	3	100
187	4	100
187	5	60
187	6	90
187	7	100
187	8	70
187	9	110
187	10	90
187	11	60
187	12	70
187	13	100
187	14	100
187	15	120
187	16	110
187	17	30
187	18	110
187	19	100
187	20	60
187	21	120
187	22	100
187	23	100
187	24	80
187	25	130
187	26	130
187	27	70
187	28	120
187	29	90
187	30	70
187	31	100
187	32	140
187	33	140
187	34	100
187	35	80
187	36	70
187	37	50
187	38	80
187	39	90
187	40	120
188	1	110
188	2	100
188	3	120
188	4	120
188	5	80
188	6	70
188	7	120
188	8	100
188	9	90
188	10	50
188	11	80
188	12	50
188	13	100
188	14	80
188	15	140
188	16	90
188	17	60
188	18	20
188	19	120
188	20	70
188	21	50
188	22	60
188	23	100
188	24	10
188	25	110
188	26	80
188	27	40
188	28	120
188	29	70
188	30	0
188	31	80
188	32	120
188	33	120
188	34	70
188	35	60
188	36	120
188	37	80
188	38	100
188	39	50
188	40	100
189	1	50
189	2	60
189	3	60
189	4	80
189	5	80
189	6	50
189	7	80
189	8	80
189	9	70
189	10	50
189	11	80
189	12	70
189	13	60
189	14	60
189	15	60
189	16	50
189	17	60
189	18	20
189	19	80
189	20	50
189	21	30
189	22	60
189	23	80
189	24	10
189	25	50
189	26	0
189	27	0
189	28	60
189	29	50
189	30	0
189	31	60
189	32	60
189	33	60
189	34	10
189	35	60
189	36	80
189	37	60
189	38	60
189	39	50
189	40	60
190	1	70
190	2	70
190	3	100
190	4	100
190	5	100
190	6	50
190	7	120
190	8	130
190	9	90
190	10	70
190	11	100
190	12	70
190	13	70
190	14	60
190	15	100
190	16	90
190	17	60
190	18	60
190	19	110
190	20	90
190	21	50
190	22	80
190	23	110
190	24	0
190	25	70
190	26	40
190	27	20
190	28	90
190	29	50
190	30	0
190	31	50
190	32	80
190	33	100
190	34	40
190	35	60
190	36	110
190	37	50
190	38	80
190	39	70
190	40	70
191	1	110
191	2	90
191	3	100
191	4	120
191	5	80
191	6	90
191	7	90
191	8	90
191	9	110
191	10	90
191	11	100
191	12	90
191	13	70
191	14	100
191	15	90
191	16	90
191	17	80
191	18	40
191	19	90
191	20	70
191	21	40
191	22	90
191	23	110
191	24	0
191	25	110
191	26	40
191	27	40
191	28	70
191	29	90
191	30	20
191	31	90
191	32	110
191	33	110
191	34	20
191	35	60
191	36	90
191	37	70
191	38	70
191	39	70
191	40	90
192	1	40
192	2	90
192	3	100
192	4	100
192	5	80
192	6	70
192	7	70
192	8	40
192	9	110
192	10	90
192	11	100
192	12	90
192	13	50
192	14	100
192	15	70
192	16	70
192	17	30
192	18	90
192	19	70
192	20	20
192	21	70
192	22	90
192	23	90
192	24	50
192	25	90
192	26	70
192	27	70
192	28	70
192	29	70
192	30	70
192	31	70
192	32	90
192	33	90
192	34	70
192	35	60
192	36	40
192	37	0
192	38	70
192	39	70
192	40	70
193	1	90
193	2	90
193	3	100
193	4	100
193	5	80
193	6	50
193	7	100
193	8	110
193	9	110
193	10	70
193	11	80
193	12	70
193	13	50
193	14	80
193	15	100
193	16	70
193	17	60
193	18	60
193	19	90
193	20	90
193	21	50
193	22	80
193	23	90
193	24	0
193	25	90
193	26	40
193	27	0
193	28	90
193	29	50
193	30	0
193	31	50
193	32	100
193	33	100
193	34	40
193	35	60
193	36	110
193	37	50
193	38	80
193	39	70
193	40	70
194	1	40
194	2	70
194	3	80
194	4	140
194	5	80
194	6	70
194	7	120
194	8	40
194	9	90
194	10	70
194	11	80
194	12	70
194	13	70
194	14	80
194	15	120
194	16	90
194	17	10
194	18	90
194	19	110
194	20	20
194	21	100
194	22	80
194	23	130
194	24	50
194	25	90
194	26	90
194	27	70
194	28	70
194	29	70
194	30	50
194	31	70
194	32	100
194	33	120
194	34	70
194	35	60
194	36	40
194	37	20
194	38	100
194	39	70
194	40	70
195	1	90
195	2	90
195	3	80
195	4	100
195	5	80
195	6	70
195	7	70
195	8	110
195	9	110
195	10	90
195	11	80
195	12	90
195	13	70
195	14	100
195	15	70
195	16	90
195	17	80
195	18	60
195	19	70
195	20	90
195	21	40
195	22	90
195	23	90
195	24	20
195	25	90
195	26	40
195	27	0
195	28	90
195	29	70
195	30	20
195	31	70
195	32	90
195	33	110
195	34	20
195	35	80
195	36	110
195	37	70
195	38	70
195	39	90
195	40	70
196	1	110
196	2	90
196	3	100
196	4	80
196	5	60
196	6	90
196	7	90
196	8	70
196	9	90
196	10	70
196	11	80
196	12	70
196	13	70
196	14	80
196	15	90
196	16	70
196	17	80
196	18	20
196	19	90
196	20	70
196	21	40
196	22	70
196	23	70
196	24	0
196	25	110
196	26	40
196	27	40
196	28	70
196	29	90
196	30	20
196	31	90
196	32	110
196	33	70
196	34	20
196	35	60
196	36	70
196	37	70
196	38	50
196	39	50
196	40	110
197	1	110
197	2	110
197	3	110
197	4	90
197	5	70
197	6	70
197	7	90
197	8	90
197	9	130
197	10	70
197	11	90
197	12	90
197	13	50
197	14	90
197	15	90
197	16	50
197	17	70
197	18	40
197	19	90
197	20	70
197	21	40
197	22	70
197	23	70
197	24	0
197	25	110
197	26	40
197	27	20
197	28	90
197	29	70
197	30	20
197	31	70
197	32	110
197	33	70
197	34	40
197	35	50
197	36	110
197	37	50
197	38	70
197	39	50
197	40	90
198	1	70
198	2	50
198	3	60
198	4	80
198	5	60
198	6	70
198	7	70
198	8	50
198	9	50
198	10	50
198	11	60
198	12	50
198	13	70
198	14	60
198	15	70
198	16	70
198	17	60
198	18	0
198	19	70
198	20	50
198	21	20
198	22	50
198	23	70
198	24	0
198	25	70
198	26	20
198	27	20
198	28	50
198	29	70
198	30	0
198	31	70
198	32	70
198	33	70
198	34	0
198	35	60
198	36	50
198	37	70
198	38	50
198	39	50
198	40	70
199	1	90
199	2	70
199	3	70
199	4	90
199	5	70
199	6	70
199	7	110
199	8	90
199	9	90
199	10	50
199	11	70
199	12	70
199	13	70
199	14	50
199	15	90
199	16	70
199	17	50
199	18	40
199	19	110
199	20	70
199	21	60
199	22	50
199	23	90
199	24	0
199	25	90
199	26	40
199	27	20
199	28	70
199	29	70
199	30	0
199	31	70
199	32	90
199	33	70
199	34	20
199	35	50
199	36	90
199	37	70
199	38	50
199	39	50
199	40	90
200	1	80
200	2	110
200	3	120
200	4	120
200	5	80
200	6	90
200	7	110
200	8	60
200	9	130
200	10	90
200	11	100
200	12	90
200	13	70
200	14	100
200	15	110
200	16	90
200	17	30
200	18	110
200	19	110
200	20	40
200	21	110
200	22	90
200	23	110
200	24	50
200	25	130
200	26	110
200	27	90
200	28	90
200	29	90
200	30	70
200	31	90
200	32	130
200	33	110
200	34	90
200	35	60
200	36	60
200	37	20
200	38	70
200	39	70
200	40	110
201	1	80
201	2	120
201	3	120
201	4	100
201	5	60
201	6	90
201	7	100
201	8	50
201	9	110
201	10	90
201	11	80
201	12	70
201	13	80
201	14	100
201	15	120
201	16	90
201	17	30
201	18	90
201	19	100
201	20	40
201	21	100
201	22	100
201	23	100
201	24	60
201	25	130
201	26	110
201	27	90
201	28	100
201	29	90
201	30	70
201	31	100
201	32	140
201	33	120
201	34	100
201	35	60
201	36	50
201	37	30
201	38	80
201	39	70
201	40	120
202	1	80
202	2	110
202	3	110
202	4	90
202	5	50
202	6	90
202	7	90
202	8	40
202	9	110
202	10	90
202	11	70
202	12	70
202	13	70
202	14	90
202	15	110
202	16	90
202	17	20
202	18	90
202	19	90
202	20	40
202	21	90
202	22	90
202	23	90
202	24	50
202	25	130
202	26	110
202	27	90
202	28	90
202	29	90
202	30	70
202	31	90
202	32	130
202	33	110
202	34	90
202	35	50
202	36	40
202	37	20
202	38	70
202	39	70
202	40	110
203	1	40
203	2	90
203	3	100
203	4	100
203	5	80
203	6	50
203	7	90
203	8	60
203	9	110
203	10	70
203	11	80
203	12	70
203	13	50
203	14	80
203	15	90
203	16	70
203	17	10
203	18	110
203	19	90
203	20	40
203	21	90
203	22	70
203	23	90
203	24	50
203	25	90
203	26	90
203	27	50
203	28	90
203	29	50
203	30	50
203	31	50
203	32	90
203	33	90
203	34	90
203	35	60
203	36	60
203	37	0
203	38	70
203	39	70
203	40	70
204	1	90
204	2	70
204	3	80
204	4	80
204	5	60
204	6	70
204	7	100
204	8	90
204	9	70
204	10	70
204	11	60
204	12	50
204	13	70
204	14	60
204	15	100
204	16	90
204	17	60
204	18	40
204	19	90
204	20	90
204	21	50
204	22	80
204	23	90
204	24	0
204	25	90
204	26	40
204	27	20
204	28	70
204	29	70
204	30	0
204	31	70
204	32	100
204	33	100
204	34	20
204	35	60
204	36	70
204	37	70
204	38	60
204	39	70
204	40	90
205	1	90
205	2	70
205	3	80
205	4	100
205	5	80
205	6	70
205	7	110
205	8	90
205	9	90
205	10	50
205	11	80
205	12	70
205	13	70
205	14	60
205	15	90
205	16	70
205	17	60
205	18	40
205	19	110
205	20	70
205	21	60
205	22	50
205	23	90
205	24	0
205	25	90
205	26	40
205	27	20
205	28	70
205	29	70
205	30	0
205	31	70
205	32	90
205	33	70
205	34	20
205	35	60
205	36	90
205	37	70
205	38	50
205	39	50
205	40	90
206	1	60
206	2	100
206	3	100
206	4	100
206	5	80
206	6	90
206	7	120
206	8	50
206	9	110
206	10	70
206	11	100
206	12	90
206	13	80
206	14	80
206	15	100
206	16	70
206	17	30
206	18	90
206	19	120
206	20	20
206	21	120
206	22	80
206	23	100
206	24	60
206	25	110
206	26	90
206	27	90
206	28	80
206	29	90
206	30	70
206	31	100
206	32	120
206	33	80
206	34	80
206	35	60
206	36	50
206	37	30
206	38	60
206	39	50
206	40	120
207	1	40
207	2	80
207	3	100
207	4	140
207	5	100
207	6	70
207	7	120
207	8	50
207	9	90
207	10	50
207	11	100
207	12	70
207	13	100
207	14	80
207	15	120
207	16	90
207	17	10
207	18	70
207	19	120
207	20	0
207	21	100
207	22	60
207	23	120
207	24	60
207	25	90
207	26	110
207	27	90
207	28	100
207	29	70
207	30	50
207	31	80
207	32	100
207	33	120
207	34	100
207	35	60
207	36	70
207	37	30
207	38	100
207	39	50
207	40	80
208	1	50
208	2	50
208	3	50
208	4	70
208	5	90
208	6	50
208	7	70
208	8	90
208	9	70
208	10	70
208	11	70
208	12	70
208	13	50
208	14	50
208	15	50
208	16	70
208	17	50
208	18	60
208	19	70
208	20	90
208	21	40
208	22	70
208	23	90
208	24	20
208	25	50
208	26	0
208	27	0
208	28	50
208	29	50
208	30	0
208	31	50
208	32	50
208	33	70
208	34	20
208	35	70
208	36	70
208	37	70
208	38	50
208	39	90
208	40	50
209	1	70
209	2	70
209	3	80
209	4	100
209	5	60
209	6	50
209	7	70
209	8	50
209	9	70
209	10	50
209	11	60
209	12	50
209	13	50
209	14	80
209	15	90
209	16	50
209	17	60
209	18	0
209	19	70
209	20	50
209	21	0
209	22	50
209	23	70
209	24	0
209	25	70
209	26	20
209	27	0
209	28	70
209	29	50
209	30	0
209	31	50
209	32	70
209	33	70
209	34	20
209	35	60
209	36	70
209	37	50
209	38	90
209	39	50
209	40	50
210	1	110
210	2	110
210	3	100
210	4	80
210	5	60
210	6	70
210	7	70
210	8	90
210	9	110
210	10	70
210	11	60
210	12	70
210	13	70
210	14	100
210	15	90
210	16	70
210	17	80
210	18	40
210	19	70
210	20	90
210	21	40
210	22	70
210	23	50
210	24	20
210	25	110
210	26	60
210	27	0
210	28	110
210	29	70
210	30	20
210	31	70
210	32	110
210	33	90
210	34	40
210	35	80
210	36	110
210	37	70
210	38	70
210	39	70
210	40	90
211	1	110
211	2	110
211	3	110
211	4	70
211	5	50
211	6	70
211	7	70
211	8	70
211	9	110
211	10	70
211	11	70
211	12	70
211	13	50
211	14	90
211	15	90
211	16	50
211	17	70
211	18	20
211	19	70
211	20	70
211	21	20
211	22	70
211	23	50
211	24	0
211	25	110
211	26	40
211	27	20
211	28	90
211	29	70
211	30	20
211	31	70
211	32	110
211	33	70
211	34	40
211	35	50
211	36	90
211	37	50
211	38	70
211	39	50
211	40	90
212	1	90
212	2	70
212	3	80
212	4	120
212	5	80
212	6	90
212	7	110
212	8	90
212	9	90
212	10	90
212	11	100
212	12	90
212	13	70
212	14	80
212	15	90
212	16	90
212	17	80
212	18	60
212	19	110
212	20	90
212	21	60
212	22	90
212	23	130
212	24	20
212	25	90
212	26	20
212	27	40
212	28	50
212	29	90
212	30	20
212	31	90
212	32	90
212	33	90
212	34	0
212	35	80
212	36	70
212	37	90
212	38	70
212	39	90
212	40	90
213	1	60
213	2	120
213	3	100
213	4	80
213	5	60
213	6	70
213	7	80
213	8	50
213	9	110
213	10	70
213	11	60
213	12	70
213	13	80
213	14	100
213	15	100
213	16	70
213	17	30
213	18	90
213	19	80
213	20	40
213	21	100
213	22	80
213	23	60
213	24	80
213	25	110
213	26	110
213	27	50
213	28	120
213	29	70
213	30	70
213	31	80
213	32	120
213	33	100
213	34	100
213	35	80
213	36	70
213	37	30
213	38	80
213	39	70
213	40	100
214	1	90
214	2	70
214	3	80
214	4	120
214	5	80
214	6	70
214	7	140
214	8	90
214	9	90
214	10	50
214	11	80
214	12	70
214	13	70
214	14	60
214	15	120
214	16	70
214	17	60
214	18	40
214	19	130
214	20	70
214	21	70
214	22	60
214	23	110
214	24	0
214	25	90
214	26	40
214	27	20
214	28	70
214	29	70
214	30	0
214	31	70
214	32	100
214	33	80
214	34	20
214	35	60
214	36	90
214	37	70
214	38	80
214	39	50
214	40	90
215	1	40
215	2	90
215	3	90
215	4	90
215	5	90
215	6	50
215	7	90
215	8	60
215	9	110
215	10	70
215	11	70
215	12	70
215	13	50
215	14	70
215	15	90
215	16	70
215	17	0
215	18	130
215	19	90
215	20	60
215	21	110
215	22	70
215	23	90
215	24	70
215	25	90
215	26	90
215	27	50
215	28	90
215	29	50
215	30	50
215	31	50
215	32	90
215	33	90
215	34	110
215	35	70
215	36	60
215	37	20
215	38	70
215	39	90
215	40	70
216	1	70
216	2	70
216	3	70
216	4	70
216	5	70
216	6	50
216	7	90
216	8	110
216	9	90
216	10	70
216	11	70
216	12	70
216	13	50
216	14	50
216	15	70
216	16	70
216	17	50
216	18	60
216	19	90
216	20	90
216	21	40
216	22	70
216	23	90
216	24	0
216	25	70
216	26	20
216	27	0
216	28	70
216	29	50
216	30	0
216	31	50
216	32	70
216	33	70
216	34	20
216	35	50
216	36	90
216	37	50
216	38	50
216	39	70
216	40	70
217	1	20
217	2	70
217	3	60
217	4	80
217	5	80
217	6	70
217	7	70
217	8	40
217	9	90
217	10	70
217	11	80
217	12	90
217	13	70
217	14	80
217	15	50
217	16	70
217	17	30
217	18	90
217	19	70
217	20	20
217	21	90
217	22	70
217	23	70
217	24	70
217	25	70
217	26	70
217	27	50
217	28	70
217	29	70
217	30	70
217	31	70
217	32	70
217	33	70
217	34	50
217	35	80
217	36	40
217	37	20
217	38	50
217	39	70
217	40	70
218	1	40
218	2	70
218	3	70
218	4	90
218	5	70
218	6	90
218	7	90
218	8	40
218	9	90
218	10	90
218	11	90
218	12	90
218	13	70
218	14	70
218	15	70
218	16	90
218	17	20
218	18	90
218	19	90
218	20	20
218	21	90
218	22	90
218	23	110
218	24	50
218	25	90
218	26	70
218	27	90
218	28	50
218	29	90
218	30	70
218	31	90
218	32	90
218	33	90
218	34	50
218	35	50
218	36	20
218	37	20
218	38	50
218	39	70
218	40	90
219	1	60
219	2	90
219	3	100
219	4	140
219	5	80
219	6	70
219	7	130
219	8	40
219	9	110
219	10	50
219	11	80
219	12	70
219	13	70
219	14	80
219	15	130
219	16	70
219	17	10
219	18	90
219	19	130
219	20	20
219	21	110
219	22	50
219	23	110
219	24	50
219	25	110
219	26	110
219	27	70
219	28	90
219	29	70
219	30	50
219	31	70
219	32	110
219	33	90
219	34	90
219	35	60
219	36	60
219	37	20
219	38	90
219	39	50
219	40	90
220	1	40
220	2	90
220	3	100
220	4	60
220	5	60
220	6	70
220	7	70
220	8	40
220	9	90
220	10	90
220	11	80
220	12	70
220	13	50
220	14	80
220	15	70
220	16	70
220	17	30
220	18	90
220	19	70
220	20	40
220	21	70
220	22	90
220	23	70
220	24	50
220	25	90
220	26	70
220	27	70
220	28	70
220	29	70
220	30	70
220	31	70
220	32	90
220	33	70
220	34	70
220	35	60
220	36	20
220	37	0
220	38	50
220	39	70
220	40	90
221	1	20
221	2	50
221	3	60
221	4	80
221	5	80
221	6	70
221	7	80
221	8	0
221	9	50
221	10	50
221	11	60
221	12	50
221	13	70
221	14	60
221	15	80
221	16	70
221	17	10
221	18	70
221	19	70
221	20	20
221	21	100
221	22	60
221	23	70
221	24	70
221	25	70
221	26	70
221	27	70
221	28	50
221	29	70
221	30	50
221	31	70
221	32	80
221	33	80
221	34	70
221	35	80
221	36	0
221	37	40
221	38	60
221	39	70
221	40	70
222	1	70
222	2	80
222	3	60
222	4	60
222	5	60
222	6	70
222	7	60
222	8	100
222	9	70
222	10	90
222	11	60
222	12	70
222	13	80
222	14	80
222	15	60
222	16	90
222	17	80
222	18	40
222	19	60
222	20	90
222	21	30
222	22	100
222	23	80
222	24	30
222	25	70
222	26	20
222	27	0
222	28	80
222	29	70
222	30	20
222	31	80
222	32	80
222	33	100
222	34	10
222	35	80
222	36	80
222	37	80
222	38	60
222	39	90
222	40	80
223	1	90
223	2	80
223	3	80
223	4	100
223	5	80
223	6	90
223	7	100
223	8	100
223	9	90
223	10	90
223	11	100
223	12	90
223	13	80
223	14	80
223	15	80
223	16	90
223	17	80
223	18	40
223	19	100
223	20	70
223	21	50
223	22	100
223	23	120
223	24	10
223	25	90
223	26	20
223	27	40
223	28	60
223	29	90
223	30	20
223	31	100
223	32	100
223	33	100
223	34	10
223	35	60
223	36	80
223	37	80
223	38	60
223	39	70
223	40	100
224	1	70
224	2	70
224	3	60
224	4	60
224	5	60
224	6	70
224	7	60
224	8	70
224	9	70
224	10	70
224	11	60
224	12	70
224	13	70
224	14	80
224	15	60
224	16	70
224	17	80
224	18	20
224	19	50
224	20	70
224	21	30
224	22	80
224	23	50
224	24	20
224	25	70
224	26	20
224	27	0
224	28	70
224	29	70
224	30	20
224	31	70
224	32	80
224	33	80
224	34	0
224	35	80
224	36	70
224	37	70
224	38	60
224	39	70
224	40	70
225	1	90
225	2	70
225	3	80
225	4	120
225	5	80
225	6	70
225	7	90
225	8	90
225	9	90
225	10	70
225	11	80
225	12	70
225	13	70
225	14	80
225	15	90
225	16	90
225	17	60
225	18	40
225	19	90
225	20	70
225	21	40
225	22	70
225	23	110
225	24	0
225	25	90
225	26	40
225	27	20
225	28	70
225	29	70
225	30	0
225	31	70
225	32	90
225	33	110
225	34	20
225	35	60
225	36	90
225	37	70
225	38	70
225	39	70
225	40	70
226	1	70
226	2	70
226	3	50
226	4	50
226	5	50
226	6	70
226	7	50
226	8	70
226	9	70
226	10	70
226	11	50
226	12	70
226	13	70
226	14	70
226	15	50
226	16	70
226	17	70
226	18	20
226	19	50
226	20	70
226	21	20
226	22	70
226	23	50
226	24	20
226	25	70
226	26	20
226	27	0
226	28	70
226	29	70
226	30	20
226	31	70
226	32	70
226	33	70
226	34	0
226	35	70
226	36	70
226	37	70
226	38	50
226	39	70
226	40	70
227	1	90
227	2	100
227	3	80
227	4	80
227	5	80
227	6	70
227	7	100
227	8	140
227	9	110
227	10	90
227	11	80
227	12	90
227	13	80
227	14	80
227	15	80
227	16	90
227	17	80
227	18	80
227	19	100
227	20	110
227	21	70
227	22	100
227	23	100
227	24	30
227	25	90
227	26	40
227	27	0
227	28	100
227	29	70
227	30	20
227	31	80
227	32	100
227	33	100
227	34	30
227	35	80
227	36	120
227	37	80
227	38	60
227	39	90
227	40	100
228	1	50
228	2	60
228	3	60
228	4	80
228	5	100
228	6	50
228	7	80
228	8	100
228	9	70
228	10	70
228	11	80
228	12	70
228	13	60
228	14	60
228	15	60
228	16	70
228	17	60
228	18	60
228	19	80
228	20	90
228	21	50
228	22	80
228	23	100
228	24	30
228	25	50
228	26	0
228	27	0
228	28	60
228	29	50
228	30	0
228	31	60
228	32	60
228	33	80
228	34	30
228	35	80
228	36	80
228	37	80
228	38	60
228	39	90
228	40	60
229	1	60
229	2	90
229	3	100
229	4	140
229	5	80
229	6	70
229	7	130
229	8	40
229	9	110
229	10	50
229	11	80
229	12	70
229	13	70
229	14	80
229	15	130
229	16	70
229	17	10
229	18	90
229	19	130
229	20	20
229	21	110
229	22	50
229	23	110
229	24	50
229	25	110
229	26	110
229	27	70
229	28	90
229	29	70
229	30	50
229	31	70
229	32	110
229	33	90
229	34	90
229	35	60
229	36	60
229	37	20
229	38	90
229	39	50
229	40	90
230	1	60
230	2	90
230	3	100
230	4	100
230	5	60
230	6	70
230	7	100
230	8	20
230	9	90
230	10	50
230	11	60
230	12	50
230	13	70
230	14	80
230	15	120
230	16	70
230	17	10
230	18	70
230	19	90
230	20	20
230	21	100
230	22	60
230	23	70
230	24	50
230	25	110
230	26	110
230	27	70
230	28	90
230	29	70
230	30	50
230	31	70
230	32	120
230	33	100
230	34	90
230	35	60
230	36	40
230	37	20
230	38	80
230	39	50
230	40	90
231	1	20
231	2	70
231	3	50
231	4	70
231	5	70
231	6	70
231	7	70
231	8	60
231	9	90
231	10	90
231	11	70
231	12	90
231	13	70
231	14	70
231	15	50
231	16	90
231	17	20
231	18	110
231	19	70
231	20	40
231	21	90
231	22	90
231	23	90
231	24	70
231	25	70
231	26	70
231	27	50
231	28	70
231	29	70
231	30	70
231	31	70
231	32	70
231	33	90
231	34	50
231	35	70
231	36	40
231	37	20
231	38	50
231	39	90
231	40	70
232	1	40
232	2	80
232	3	80
232	4	100
232	5	60
232	6	70
232	7	80
232	8	10
232	9	70
232	10	50
232	11	60
232	12	50
232	13	80
232	14	80
232	15	100
232	16	70
232	17	10
232	18	50
232	19	80
232	20	0
232	21	80
232	22	60
232	23	80
232	24	60
232	25	90
232	26	90
232	27	70
232	28	80
232	29	70
232	30	50
232	31	80
232	32	100
232	33	100
232	34	80
232	35	60
232	36	30
232	37	30
232	38	80
232	39	50
232	40	80
233	1	110
233	2	90
233	3	70
233	4	90
233	5	70
233	6	90
233	7	110
233	8	110
233	9	110
233	10	70
233	11	70
233	12	90
233	13	90
233	14	70
233	15	90
233	16	90
233	17	70
233	18	60
233	19	110
233	20	90
233	21	80
233	22	70
233	23	90
233	24	20
233	25	110
233	26	60
233	27	20
233	28	90
233	29	90
233	30	20
233	31	90
233	32	110
233	33	90
233	34	20
233	35	70
233	36	110
233	37	90
233	38	50
233	39	70
233	40	110
234	1	130
234	2	110
234	3	110
234	4	130
234	5	70
234	6	90
234	7	130
234	8	110
234	9	130
234	10	90
234	11	90
234	12	90
234	13	70
234	14	90
234	15	130
234	16	90
234	17	70
234	18	80
234	19	130
234	20	110
234	21	80
234	22	90
234	23	130
234	24	20
234	25	130
234	26	60
234	27	40
234	28	90
234	29	90
234	30	20
234	31	90
234	32	130
234	33	110
234	34	40
234	35	70
234	36	110
234	37	90
234	38	90
234	39	90
234	40	110
235	1	60
235	2	100
235	3	100
235	4	120
235	5	100
235	6	70
235	7	120
235	8	70
235	9	110
235	10	70
235	11	80
235	12	70
235	13	80
235	14	80
235	15	120
235	16	90
235	17	10
235	18	130
235	19	120
235	20	60
235	21	140
235	22	80
235	23	120
235	24	80
235	25	110
235	26	110
235	27	70
235	28	100
235	29	70
235	30	50
235	31	80
235	32	120
235	33	120
235	34	120
235	35	80
235	36	70
235	37	50
235	38	80
235	39	90
235	40	100
236	1	90
236	2	90
236	3	110
236	4	90
236	5	70
236	6	50
236	7	90
236	8	110
236	9	90
236	10	70
236	11	70
236	12	50
236	13	70
236	14	70
236	15	110
236	16	90
236	17	50
236	18	40
236	19	90
236	20	90
236	21	20
236	22	70
236	23	90
236	24	0
236	25	90
236	26	60
236	27	20
236	28	110
236	29	50
236	30	0
236	31	50
236	32	90
236	33	110
236	34	60
236	35	50
236	36	110
236	37	50
236	38	90
236	39	70
236	40	70
237	1	60
237	2	100
237	3	100
237	4	120
237	5	60
237	6	70
237	7	120
237	8	30
237	9	90
237	10	50
237	11	60
237	12	50
237	13	80
237	14	80
237	15	140
237	16	70
237	17	10
237	18	70
237	19	120
237	20	20
237	21	100
237	22	60
237	23	100
237	24	60
237	25	110
237	26	110
237	27	70
237	28	100
237	29	70
237	30	50
237	31	80
237	32	120
237	33	100
237	34	100
237	35	60
237	36	50
237	37	30
237	38	100
237	39	50
237	40	100
238	1	40
238	2	70
238	3	90
238	4	110
238	5	70
238	6	70
238	7	90
238	8	20
238	9	90
238	10	50
238	11	90
238	12	70
238	13	70
238	14	70
238	15	90
238	16	70
238	17	0
238	18	70
238	19	90
238	20	0
238	21	90
238	22	50
238	23	90
238	24	50
238	25	90
238	26	90
238	27	90
238	28	70
238	29	70
238	30	50
238	31	70
238	32	90
238	33	90
238	34	70
238	35	50
238	36	40
238	37	20
238	38	70
238	39	50
238	40	70
239	1	20
239	2	50
239	3	80
239	4	120
239	5	100
239	6	70
239	7	120
239	8	40
239	9	70
239	10	50
239	11	100
239	12	70
239	13	90
239	14	60
239	15	100
239	16	90
239	17	10
239	18	70
239	19	110
239	20	0
239	21	100
239	22	60
239	23	110
239	24	50
239	25	70
239	26	90
239	27	90
239	28	70
239	29	70
239	30	50
239	31	70
239	32	80
239	33	100
239	34	70
239	35	60
239	36	40
239	37	20
239	38	80
239	39	50
239	40	70
240	1	110
240	2	90
240	3	120
240	4	120
240	5	80
240	6	70
240	7	120
240	8	90
240	9	110
240	10	50
240	11	100
240	12	70
240	13	70
240	14	80
240	15	120
240	16	70
240	17	60
240	18	40
240	19	110
240	20	70
240	21	70
240	22	60
240	23	90
240	24	0
240	25	110
240	26	60
240	27	40
240	28	90
240	29	70
240	30	0
240	31	70
240	32	120
240	33	100
240	34	40
240	35	60
240	36	110
240	37	70
240	38	80
240	39	50
240	40	90
241	1	80
241	2	120
241	3	100
241	4	120
241	5	80
241	6	90
241	7	120
241	8	70
241	9	130
241	10	70
241	11	80
241	12	90
241	13	100
241	14	100
241	15	120
241	16	90
241	17	30
241	18	110
241	19	120
241	20	40
241	21	140
241	22	80
241	23	100
241	24	80
241	25	130
241	26	130
241	27	70
241	28	120
241	29	90
241	30	70
241	31	100
241	32	140
241	33	120
241	34	100
241	35	80
241	36	90
241	37	50
241	38	80
241	39	70
241	40	120
242	1	90
242	2	100
242	3	100
242	4	80
242	5	60
242	6	70
242	7	100
242	8	80
242	9	90
242	10	70
242	11	80
242	12	70
242	13	60
242	14	80
242	15	100
242	16	50
242	17	80
242	18	40
242	19	100
242	20	90
242	21	50
242	22	80
242	23	80
242	24	30
242	25	90
242	26	20
242	27	20
242	28	80
242	29	70
242	30	20
242	31	80
242	32	100
242	33	60
242	34	30
242	35	80
242	36	80
242	37	80
242	38	80
242	39	70
242	40	100
243	1	20
243	2	70
243	3	90
243	4	70
243	5	70
243	6	50
243	7	90
243	8	40
243	9	70
243	10	50
243	11	70
243	12	50
243	13	70
243	14	50
243	15	90
243	16	70
243	17	0
243	18	70
243	19	90
243	20	20
243	21	70
243	22	50
243	23	70
243	24	50
243	25	70
243	26	90
243	27	70
243	28	90
243	29	50
243	30	50
243	31	50
243	32	70
243	33	70
243	34	90
243	35	50
243	36	40
243	37	0
243	38	70
243	39	50
243	40	70
244	1	60
244	2	90
244	3	120
244	4	120
244	5	80
244	6	70
244	7	120
244	8	40
244	9	90
244	10	50
244	11	80
244	12	50
244	13	90
244	14	80
244	15	140
244	16	90
244	17	10
244	18	70
244	19	110
244	20	20
244	21	100
244	22	60
244	23	90
244	24	50
244	25	110
244	26	130
244	27	90
244	28	110
244	29	70
244	30	50
244	31	70
244	32	120
244	33	120
244	34	110
244	35	60
244	36	60
244	37	20
244	38	100
244	39	50
244	40	90
245	1	60
245	2	120
245	3	120
245	4	120
245	5	80
245	6	70
245	7	120
245	8	50
245	9	130
245	10	70
245	11	100
245	12	90
245	13	60
245	14	100
245	15	120
245	16	50
245	17	30
245	18	110
245	19	120
245	20	40
245	21	120
245	22	80
245	23	100
245	24	80
245	25	110
245	26	90
245	27	70
245	28	100
245	29	70
245	30	70
245	31	80
245	32	120
245	33	80
245	34	100
245	35	80
245	36	70
245	37	30
245	38	100
245	39	70
245	40	100
246	1	40
246	2	70
246	3	70
246	4	90
246	5	50
246	6	70
246	7	70
246	8	20
246	9	70
246	10	70
246	11	50
246	12	50
246	13	70
246	14	70
246	15	90
246	16	90
246	17	0
246	18	70
246	19	70
246	20	20
246	21	70
246	22	70
246	23	90
246	24	50
246	25	90
246	26	90
246	27	70
246	28	70
246	29	70
246	30	50
246	31	70
246	32	90
246	33	110
246	34	70
246	35	50
246	36	20
246	37	20
246	38	70
246	39	70
246	40	70
247	1	70
247	2	60
247	3	80
247	4	80
247	5	60
247	6	70
247	7	80
247	8	60
247	9	50
247	10	50
247	11	80
247	12	50
247	13	80
247	14	60
247	15	80
247	16	70
247	17	60
247	18	0
247	19	80
247	20	50
247	21	30
247	22	60
247	23	80
247	24	10
247	25	70
247	26	20
247	27	40
247	28	60
247	29	70
247	30	0
247	31	80
247	32	80
247	33	80
247	34	10
247	35	60
247	36	60
247	37	80
247	38	60
247	39	50
247	40	80
248	1	40
248	2	70
248	3	90
248	4	110
248	5	70
248	6	70
248	7	90
248	8	20
248	9	70
248	10	50
248	11	70
248	12	50
248	13	90
248	14	70
248	15	110
248	16	90
248	17	0
248	18	50
248	19	90
248	20	0
248	21	70
248	22	50
248	23	90
248	24	50
248	25	90
248	26	110
248	27	90
248	28	90
248	29	70
248	30	50
248	31	70
248	32	90
248	33	110
248	34	90
248	35	50
248	36	40
248	37	20
248	38	90
248	39	50
248	40	70
249	1	110
249	2	90
249	3	80
249	4	100
249	5	60
249	6	90
249	7	80
249	8	70
249	9	90
249	10	70
249	11	60
249	12	70
249	13	90
249	14	100
249	15	100
249	16	90
249	17	80
249	18	20
249	19	70
249	20	70
249	21	50
249	22	80
249	23	70
249	24	20
249	25	110
249	26	60
249	27	20
249	28	90
249	29	90
249	30	20
249	31	90
249	32	120
249	33	120
249	34	20
249	35	80
249	36	90
249	37	90
249	38	80
249	39	70
249	40	90
250	1	20
250	2	70
250	3	80
250	4	100
250	5	80
250	6	70
250	7	90
250	8	40
250	9	90
250	10	90
250	11	100
250	12	90
250	13	50
250	14	80
250	15	70
250	16	70
250	17	30
250	18	110
250	19	90
250	20	40
250	21	90
250	22	90
250	23	110
250	24	70
250	25	70
250	26	50
250	27	70
250	28	50
250	29	70
250	30	70
250	31	70
250	32	70
250	33	70
250	34	50
250	35	80
250	36	20
250	37	20
250	38	70
250	39	90
250	40	70
