p	d	Pr(p,d)
1	1	1.00
1	2	1.00
1	3	1.00
1	4	1.00
1	5	1.00
1	6	0.81
1	7	0.37
2	1	1.00
2	2	1.00
2	3	1.00
2	4	1.00
2	5	1.00
2	6	0.77
2	7	0.24
3	1	1.00
3	2	0.49
3	3	0.41
4	1	1.00
4	2	1.00
4	3	0.35
4	4	0.11
5	1	1.00
5	2	1.00
5	3	0.35
5	4	0.30
6	1	1.00
6	2	1.00
6	3	1.00
6	4	1.00
6	5	1.00
6	6	1.00
6	7	0.68
6	8	0.56
7	1	1.00
7	2	1.00
7	3	1.00
7	4	1.00
7	5	1.00
7	6	0.56
7	7	0.06
8	1	1.00
8	2	1.00
8	3	1.00
8	4	1.00
8	5	1.00
8	6	1.00
8	7	1.00
8	8	1.00
8	9	1.00
8	10	1.00
8	11	0.06
8	12	0.04
9	1	1.00
9	2	1.00
9	3	1.00
9	4	0.76
9	5	0.58
10	1	1.00
10	2	1.00
10	3	0.88
10	4	0.86
11	1	1.00
11	2	0.77
11	3	0.16
12	1	1.00
12	2	1.00
12	3	1.00
12	4	1.00
12	5	1.00
12	6	1.00
12	7	1.00
12	8	1.00
12	9	1.00
12	10	1.00
12	11	0.71
12	12	0.35
13	1	1.00
13	2	1.00
13	3	1.00
13	4	1.00
13	5	1.00
13	6	0.82
13	7	0.10
14	1	1.00
14	2	1.00
14	3	0.90
14	4	0.64
15	1	1.00
15	2	1.00
15	3	1.00
15	4	0.37
15	5	0.27
16	1	1.00
16	2	1.00
16	3	1.00
16	4	0.07
16	5	0.02
17	1	1.00
17	2	1.00
17	3	1.00
17	4	1.00
17	5	0.09
17	6	0.05
18	1	1.00
18	2	1.00
18	3	1.00
18	4	1.00
18	5	1.00
18	6	0.41
18	7	0.38
19	1	1.00
19	2	1.00
19	3	1.00
19	4	1.00
19	5	1.00
19	6	1.00
19	7	0.39
19	8	0.06
20	1	1.00
20	2	1.00
20	3	0.38
20	4	0.28
21	1	1.00
21	2	1.00
21	3	1.00
21	4	1.00
21	5	0.08
21	6	0.04
22	1	1.00
22	2	0.30
22	3	0.26
23	1	1.00
23	2	1.00
23	3	1.00
23	4	0.48
23	5	0.23
24	1	1.00
24	2	1.00
24	3	1.00
24	4	1.00
24	5	1.00
24	6	1.00
24	7	1.00
24	8	1.00
24	9	0.70
24	10	0.60
25	1	1.00
25	2	1.00
25	3	1.00
25	4	1.00
25	5	0.12
25	6	0.07
26	1	1.00
26	2	1.00
26	3	0.30
26	4	0.04
27	1	1.00
27	2	1.00
27	3	1.00
27	4	1.00
27	5	1.00
27	6	0.88
27	7	0.57
28	1	1.00
28	2	1.00
28	3	1.00
28	4	1.00
28	5	1.00
28	6	1.00
28	7	0.30
28	8	0.03
29	1	1.00
29	2	0.93
29	3	0.39
30	1	1.00
30	2	1.00
30	3	0.16
30	4	0.03
31	1	1.00
31	2	0.82
31	3	0.38
32	1	1.00
32	2	1.00
32	3	1.00
32	4	1.00
32	5	1.00
32	6	1.00
32	7	0.91
32	8	0.24
33	1	1.00
33	2	1.00
33	3	1.00
33	4	0.49
33	5	0.07
34	1	1.00
34	2	1.00
34	3	1.00
34	4	1.00
34	5	0.19
34	6	0.09
35	1	1.00
35	2	0.83
35	3	0.45
36	1	1.00
36	2	1.00
36	3	1.00
36	4	1.00
36	5	1.00
36	6	1.00
36	7	1.00
36	8	1.00
36	9	1.00
36	10	1.00
36	11	0.97
36	12	0.39
37	1	1.00
37	2	1.00
37	3	0.74
37	4	0.53
38	1	1.00
38	2	1.00
38	3	1.00
38	4	1.00
38	5	1.00
38	6	1.00
38	7	0.78
38	8	0.48
39	1	1.00
39	2	1.00
39	3	1.00
39	4	0.33
39	5	0.05
40	1	1.00
40	2	1.00
40	3	0.97
40	4	0.02
41	1	1.00
41	2	1.00
41	3	0.74
41	4	0.46
42	1	1.00
42	2	1.00
42	3	0.98
42	4	0.10
43	1	1.00
43	2	1.00
43	3	1.00
43	4	0.67
43	5	0.45
44	1	1.00
44	2	1.00
44	3	1.00
44	4	0.96
44	5	0.32
45	1	1.00
45	2	1.00
45	3	0.27
45	4	0.00
46	1	1.00
46	2	1.00
46	3	1.00
46	4	1.00
46	5	1.00
46	6	1.00
46	7	1.00
46	8	1.00
46	9	1.00
46	10	0.10
46	11	0.08
47	1	1.00
47	2	1.00
47	3	1.00
47	4	1.00
47	5	1.00
47	6	1.00
47	7	1.00
47	8	1.00
47	9	0.97
47	10	0.05
48	1	1.00
48	2	1.00
48	3	1.00
48	4	1.00
48	5	1.00
48	6	1.00
48	7	0.56
48	8	0.17
49	1	1.00
49	2	0.58
49	3	0.47
50	1	1.00
50	2	1.00
50	3	0.44
50	4	0.23
51	1	1.00
51	2	1.00
51	3	1.00
51	4	1.00
51	5	0.24
51	6	0.18
52	1	1.00
52	2	1.00
52	3	0.33
52	4	0.01
53	1	1.00
53	2	1.00
53	3	0.48
53	4	0.20
54	1	1.00
54	2	1.00
54	3	0.24
54	4	0.23
55	1	1.00
55	2	1.00
55	3	0.46
55	4	0.05
56	1	1.00
56	2	0.88
56	3	0.13
57	1	1.00
57	2	1.00
57	3	1.00
57	4	0.47
57	5	0.02
58	1	1.00
58	2	1.00
58	3	1.00
58	4	1.00
58	5	1.00
58	6	1.00
58	7	1.00
58	8	1.00
58	9	1.00
58	10	0.70
58	11	0.18
59	1	1.00
59	2	1.00
59	3	1.00
59	4	1.00
59	5	1.00
59	6	1.00
59	7	1.00
59	8	0.32
59	9	0.10
60	1	1.00
60	2	1.00
60	3	1.00
60	4	1.00
60	5	1.00
60	6	0.66
60	7	0.05
61	1	1.00
61	2	1.00
61	3	1.00
61	4	1.00
61	5	1.00
61	6	1.00
61	7	1.00
61	8	1.00
61	9	0.76
61	10	0.65
62	1	1.00
62	2	1.00
62	3	1.00
62	4	1.00
62	5	1.00
62	6	0.25
62	7	0.08
63	1	1.00
63	2	1.00
63	3	1.00
63	4	1.00
63	5	1.00
63	6	1.00
63	7	1.00
63	8	1.00
63	9	0.80
63	10	0.33
64	1	1.00
64	2	1.00
64	3	0.31
64	4	0.08
65	1	1.00
65	2	1.00
65	3	1.00
65	4	1.00
65	5	1.00
65	6	1.00
65	7	1.00
65	8	1.00
65	9	1.00
65	10	1.00
65	11	0.25
65	12	0.12
66	1	1.00
66	2	1.00
66	3	1.00
66	4	1.00
66	5	0.06
66	6	0.03
67	1	1.00
67	2	1.00
67	3	0.78
67	4	0.30
68	1	1.00
68	2	1.00
68	3	1.00
68	4	1.00
68	5	1.00
68	6	1.00
68	7	0.58
68	8	0.35
69	1	1.00
69	2	1.00
69	3	0.53
69	4	0.04
70	1	1.00
70	2	1.00
70	3	1.00
70	4	0.58
70	5	0.37
71	1	1.00
71	2	1.00
71	3	0.51
71	4	0.10
72	1	1.00
72	2	1.00
72	3	1.00
72	4	1.00
72	5	1.00
72	6	0.20
72	7	0.10
73	1	1.00
73	2	0.34
73	3	0.16
74	1	1.00
74	2	1.00
74	3	1.00
74	4	0.32
74	5	0.15
75	1	1.00
75	2	0.66
75	3	0.26
76	1	1.00
76	2	1.00
76	3	1.00
76	4	1.00
76	5	1.00
76	6	0.89
76	7	0.21
77	1	1.00
77	2	1.00
77	3	1.00
77	4	1.00
77	5	1.00
77	6	0.23
77	7	0.00
78	1	1.00
78	2	1.00
78	3	1.00
78	4	1.00
78	5	0.32
78	6	0.11
79	1	1.00
79	2	1.00
79	3	1.00
79	4	0.25
79	5	0.11
80	1	1.00
80	2	1.00
80	3	1.00
80	4	1.00
80	5	1.00
80	6	1.00
80	7	1.00
80	8	0.67
80	9	0.41
81	1	1.00
81	2	1.00
81	3	0.98
81	4	0.01
82	1	1.00
82	2	1.00
82	3	1.00
82	4	0.08
82	5	0.06
83	1	1.00
83	2	1.00
83	3	1.00
83	4	1.00
83	5	1.00
83	6	1.00
83	7	1.00
83	8	1.00
83	9	1.00
83	10	0.28
83	11	0.16
84	1	1.00
84	2	1.00
84	3	0.65
84	4	0.25
85	1	1.00
85	2	1.00
85	3	1.00
85	4	1.00
85	5	0.07
85	6	0.06
86	1	1.00
86	2	1.00
86	3	1.00
86	4	1.00
86	5	1.00
86	6	0.21
86	7	0.14
87	1	1.00
87	2	1.00
87	3	1.00
87	4	1.00
87	5	0.05
87	6	0.05
88	1	1.00
88	2	0.79
88	3	0.22
89	1	1.00
89	2	1.00
89	3	1.00
89	4	1.00
89	5	1.00
89	6	1.00
89	7	1.00
89	8	1.00
89	9	1.00
89	10	1.00
89	11	0.30
89	12	0.03
90	1	1.00
90	2	1.00
90	3	1.00
90	4	1.00
90	5	1.00
90	6	1.00
90	7	0.75
90	8	0.47
91	1	1.00
91	2	1.00
91	3	1.00
91	4	0.79
91	5	0.56
92	1	1.00
92	2	1.00
92	3	1.00
92	4	1.00
92	5	1.00
92	6	0.38
92	7	0.30
93	1	1.00
93	2	1.00
93	3	1.00
93	4	1.00
93	5	0.83
93	6	0.20
94	1	1.00
94	2	1.00
94	3	0.91
94	4	0.22
95	1	1.00
95	2	1.00
95	3	1.00
95	4	1.00
95	5	1.00
95	6	1.00
95	7	0.67
95	8	0.54
96	1	1.00
96	2	1.00
96	3	1.00
96	4	1.00
96	5	1.00
96	6	1.00
96	7	1.00
96	8	1.00
96	9	1.00
96	10	0.28
96	11	0.14
97	1	1.00
97	2	0.01
97	3	0.01
98	1	1.00
98	2	1.00
98	3	0.98
98	4	0.50
99	1	1.00
99	2	0.99
99	3	0.90
100	1	1.00
100	2	1.00
100	3	1.00
100	4	1.00
100	5	1.00
100	6	1.00
100	7	0.83
100	8	0.69
