p	r	R_p
1	1	1
1	2	1
1	3	1
1	4	0
1	5	0
1	6	0
1	7	1
1	8	1
1	9	1
1	10	0
1	11	0
1	12	0
1	13	1
1	14	1
1	15	0
1	16	0
1	17	0
1	18	0
1	19	0
1	20	1
1	21	0
1	22	1
1	23	1
1	24	1
1	25	1
1	26	1
1	27	0
1	28	1
1	29	0
1	30	1
1	31	1
1	32	0
1	33	0
1	34	1
1	35	1
1	36	1
1	37	1
1	38	1
1	39	1
1	40	1
2	1	0
2	2	1
2	3	0
2	4	1
2	5	0
2	6	1
2	7	1
2	8	1
2	9	1
2	10	0
2	11	1
2	12	0
2	13	1
2	14	0
2	15	0
2	16	1
2	17	0
2	18	1
2	19	0
2	20	0
2	21	0
2	22	1
2	23	0
2	24	0
2	25	0
2	26	0
2	27	0
2	28	1
2	29	1
2	30	0
2	31	0
2	32	0
2	33	0
2	34	1
2	35	1
2	36	1
2	37	0
2	38	1
2	39	0
2	40	1
3	1	1
3	2	1
3	3	1
3	4	1
3	5	0
3	6	1
3	7	1
3	8	0
3	9	1
3	10	1
3	11	1
3	12	1
3	13	1
3	14	1
3	15	1
3	16	1
3	17	1
3	18	1
3	19	1
3	20	0
3	21	0
3	22	1
3	23	1
3	24	1
3	25	1
3	26	1
3	27	1
3	28	1
3	29	1
3	30	0
3	31	0
3	32	0
3	33	0
3	34	0
3	35	1
3	36	0
3	37	1
3	38	0
3	39	1
3	40	1
4	1	1
4	2	0
4	3	0
4	4	0
4	5	0
4	6	0
4	7	1
4	8	0
4	9	0
4	10	0
4	11	1
4	12	0
4	13	1
4	14	1
4	15	0
4	16	1
4	17	0
4	18	1
4	19	0
4	20	0
4	21	0
4	22	1
4	23	0
4	24	0
4	25	0
4	26	0
4	27	0
4	28	1
4	29	0
4	30	0
4	31	0
4	32	0
4	33	0
4	34	0
4	35	1
4	36	0
4	37	0
4	38	0
4	39	0
4	40	1
5	1	0
5	2	1
5	3	0
5	4	0
5	5	0
5	6	0
5	7	0
5	8	1
5	9	1
5	10	0
5	11	1
5	12	0
5	13	0
5	14	0
5	15	0
5	16	1
5	17	1
5	18	1
5	19	0
5	20	1
5	21	0
5	22	0
5	23	1
5	24	1
5	25	1
5	26	1
5	27	0
5	28	0
5	29	0
5	30	1
5	31	1
5	32	0
5	33	0
5	34	1
5	35	0
5	36	1
5	37	0
5	38	1
5	39	1
5	40	0
6	1	0
6	2	0
6	3	0
6	4	1
6	5	0
6	6	1
6	7	0
6	8	0
6	9	0
6	10	1
6	11	1
6	12	1
6	13	0
6	14	0
6	15	1
6	16	1
6	17	1
6	18	1
6	19	1
6	20	0
6	21	0
6	22	0
6	23	0
6	24	0
6	25	0
6	26	0
6	27	1
6	28	0
6	29	1
6	30	0
6	31	0
6	32	0
6	33	0
6	34	0
6	35	0
6	36	0
6	37	0
6	38	0
6	39	0
6	40	0
7	1	1
7	2	1
7	3	1
7	4	1
7	5	0
7	6	1
7	7	1
7	8	1
7	9	1
7	10	1
7	11	0
7	12	1
7	13	1
7	14	1
7	15	1
7	16	0
7	17	0
7	18	0
7	19	1
7	20	1
7	21	0
7	22	1
7	23	1
7	24	1
7	25	1
7	26	1
7	27	1
7	28	1
7	29	1
7	30	1
7	31	1
7	32	0
7	33	0
7	34	1
7	35	1
7	36	1
7	37	1
7	38	1
7	39	1
7	40	1
8	1	1
8	2	0
8	3	1
8	4	1
8	5	0
8	6	1
8	7	1
8	8	1
8	9	0
8	10	1
8	11	0
8	12	1
8	13	1
8	14	1
8	15	1
8	16	0
8	17	0
8	18	0
8	19	1
8	20	1
8	21	0
8	22	1
8	23	0
8	24	0
8	25	0
8	26	0
8	27	1
8	28	1
8	29	1
8	30	1
8	31	1
8	32	0
8	33	0
8	34	1
8	35	1
8	36	1
8	37	1
8	38	1
8	39	0
8	40	1
9	1	1
9	2	1
9	3	1
9	4	1
9	5	0
9	6	1
9	7	1
9	8	1
9	9	1
9	10	1
9	11	1
9	12	1
9	13	1
9	14	1
9	15	1
9	16	1
9	17	1
9	18	1
9	19	1
9	20	1
9	21	0
9	22	1
9	23	1
9	24	1
9	25	1
9	26	1
9	27	1
9	28	1
9	29	1
9	30	1
9	31	1
9	32	0
9	33	0
9	34	1
9	35	1
9	36	1
9	37	1
9	38	1
9	39	1
9	40	1
10	1	1
10	2	1
10	3	1
10	4	1
10	5	0
10	6	1
10	7	1
10	8	1
10	9	1
10	10	1
10	11	1
10	12	1
10	13	1
10	14	1
10	15	1
10	16	1
10	17	1
10	18	1
10	19	1
10	20	1
10	21	0
10	22	1
10	23	1
10	24	1
10	25	1
10	26	1
10	27	1
10	28	1
10	29	1
10	30	1
10	31	1
10	32	0
10	33	0
10	34	1
10	35	1
10	36	1
10	37	1
10	38	1
10	39	1
10	40	1
11	1	0
11	2	1
11	3	0
11	4	0
11	5	0
11	6	0
11	7	0
11	8	1
11	9	1
11	10	0
11	11	1
11	12	0
11	13	0
11	14	0
11	15	0
11	16	1
11	17	1
11	18	1
11	19	0
11	20	1
11	21	0
11	22	0
11	23	1
11	24	1
11	25	1
11	26	1
11	27	0
11	28	0
11	29	0
11	30	1
11	31	1
11	32	0
11	33	0
11	34	1
11	35	0
11	36	1
11	37	0
11	38	1
11	39	1
11	40	0
12	1	0
12	2	1
12	3	0
12	4	0
12	5	0
12	6	0
12	7	0
12	8	1
12	9	1
12	10	0
12	11	1
12	12	0
12	13	0
12	14	0
12	15	0
12	16	1
12	17	1
12	18	1
12	19	0
12	20	0
12	21	0
12	22	0
12	23	0
12	24	0
12	25	0
12	26	1
12	27	0
12	28	0
12	29	0
12	30	1
12	31	1
12	32	0
12	33	0
12	34	1
12	35	0
12	36	1
12	37	0
12	38	1
12	39	0
12	40	0
13	1	1
13	2	0
13	3	0
13	4	1
13	5	1
13	6	1
13	7	1
13	8	1
13	9	0
13	10	1
13	11	0
13	12	0
13	13	1
13	14	1
13	15	0
13	16	0
13	17	0
13	18	0
13	19	0
13	20	1
13	21	1
13	22	1
13	23	0
13	24	0
13	25	0
13	26	0
13	27	0
13	28	1
13	29	1
13	30	0
13	31	0
13	32	1
13	33	1
13	34	1
13	35	1
13	36	1
13	37	0
13	38	1
13	39	0
13	40	1
14	1	1
14	2	1
14	3	1
14	4	1
14	5	0
14	6	1
14	7	1
14	8	1
14	9	1
14	10	1
14	11	0
14	12	1
14	13	1
14	14	1
14	15	1
14	16	0
14	17	0
14	18	0
14	19	1
14	20	1
14	21	0
14	22	1
14	23	1
14	24	1
14	25	1
14	26	1
14	27	1
14	28	1
14	29	1
14	30	1
14	31	1
14	32	0
14	33	0
14	34	1
14	35	1
14	36	1
14	37	1
14	38	1
14	39	1
14	40	1
15	1	0
15	2	0
15	3	0
15	4	1
15	5	1
15	6	1
15	7	0
15	8	0
15	9	0
15	10	1
15	11	1
15	12	0
15	13	0
15	14	0
15	15	1
15	16	1
15	17	0
15	18	1
15	19	0
15	20	0
15	21	0
15	22	0
15	23	0
15	24	0
15	25	0
15	26	0
15	27	1
15	28	0
15	29	1
15	30	0
15	31	0
15	32	1
15	33	0
15	34	0
15	35	0
15	36	0
15	37	0
15	38	0
15	39	0
15	40	0
16	1	1
16	2	0
16	3	1
16	4	1
16	5	0
16	6	1
16	7	1
16	8	0
16	9	0
16	10	1
16	11	0
16	12	1
16	13	1
16	14	1
16	15	1
16	16	0
16	17	0
16	18	0
16	19	1
16	20	0
16	21	0
16	22	1
16	23	0
16	24	0
16	25	0
16	26	0
16	27	1
16	28	1
16	29	1
16	30	0
16	31	0
16	32	0
16	33	0
16	34	0
16	35	1
16	36	0
16	37	1
16	38	0
16	39	0
16	40	1
17	1	0
17	2	0
17	3	0
17	4	1
17	5	0
17	6	1
17	7	0
17	8	0
17	9	0
17	10	1
17	11	1
17	12	1
17	13	0
17	14	0
17	15	1
17	16	1
17	17	1
17	18	1
17	19	1
17	20	0
17	21	0
17	22	0
17	23	0
17	24	0
17	25	0
17	26	0
17	27	1
17	28	0
17	29	1
17	30	0
17	31	0
17	32	0
17	33	0
17	34	0
17	35	0
17	36	0
17	37	0
17	38	0
17	39	0
17	40	0
18	1	0
18	2	1
18	3	1
18	4	0
18	5	0
18	6	0
18	7	1
18	8	1
18	9	1
18	10	0
18	11	0
18	12	0
18	13	1
18	14	0
18	15	0
18	16	0
18	17	0
18	18	0
18	19	0
18	20	0
18	21	0
18	22	1
18	23	0
18	24	0
18	25	0
18	26	1
18	27	0
18	28	1
18	29	0
18	30	1
18	31	1
18	32	0
18	33	0
18	34	1
18	35	1
18	36	1
18	37	0
18	38	1
18	39	0
18	40	1
19	1	1
19	2	1
19	3	1
19	4	1
19	5	0
19	6	1
19	7	1
19	8	1
19	9	1
19	10	1
19	11	1
19	12	1
19	13	1
19	14	1
19	15	1
19	16	1
19	17	1
19	18	1
19	19	1
19	20	1
19	21	0
19	22	1
19	23	1
19	24	1
19	25	1
19	26	1
19	27	1
19	28	1
19	29	1
19	30	1
19	31	1
19	32	0
19	33	0
19	34	1
19	35	1
19	36	1
19	37	1
19	38	1
19	39	1
19	40	1
20	1	1
20	2	0
20	3	0
20	4	1
20	5	1
20	6	1
20	7	1
20	8	1
20	9	0
20	10	1
20	11	0
20	12	0
20	13	1
20	14	1
20	15	0
20	16	0
20	17	0
20	18	0
20	19	0
20	20	1
20	21	1
20	22	1
20	23	0
20	24	0
20	25	0
20	26	0
20	27	0
20	28	1
20	29	1
20	30	0
20	31	0
20	32	1
20	33	1
20	34	1
20	35	1
20	36	1
20	37	0
20	38	1
20	39	0
20	40	1
21	1	0
21	2	0
21	3	1
21	4	1
21	5	0
21	6	1
21	7	1
21	8	1
21	9	0
21	10	0
21	11	0
21	12	0
21	13	1
21	14	0
21	15	1
21	16	0
21	17	0
21	18	0
21	19	1
21	20	0
21	21	0
21	22	1
21	23	0
21	24	0
21	25	0
21	26	0
21	27	0
21	28	1
21	29	1
21	30	1
21	31	1
21	32	0
21	33	0
21	34	1
21	35	1
21	36	1
21	37	0
21	38	1
21	39	0
21	40	1
22	1	1
22	2	0
22	3	1
22	4	0
22	5	0
22	6	0
22	7	1
22	8	0
22	9	0
22	10	0
22	11	1
22	12	0
22	13	1
22	14	1
22	15	0
22	16	1
22	17	1
22	18	1
22	19	0
22	20	0
22	21	0
22	22	1
22	23	0
22	24	0
22	25	0
22	26	0
22	27	0
22	28	1
22	29	0
22	30	0
22	31	0
22	32	0
22	33	0
22	34	0
22	35	1
22	36	0
22	37	1
22	38	0
22	39	0
22	40	1
23	1	0
23	2	1
23	3	0
23	4	0
23	5	1
23	6	0
23	7	0
23	8	1
23	9	1
23	10	0
23	11	1
23	12	0
23	13	0
23	14	0
23	15	0
23	16	1
23	17	1
23	18	1
23	19	0
23	20	1
23	21	1
23	22	0
23	23	1
23	24	1
23	25	1
23	26	1
23	27	0
23	28	0
23	29	0
23	30	1
23	31	1
23	32	1
23	33	1
23	34	1
23	35	0
23	36	1
23	37	0
23	38	1
23	39	1
23	40	0
24	1	1
24	2	1
24	3	1
24	4	1
24	5	0
24	6	1
24	7	1
24	8	1
24	9	1
24	10	1
24	11	1
24	12	1
24	13	1
24	14	1
24	15	1
24	16	1
24	17	1
24	18	1
24	19	1
24	20	1
24	21	0
24	22	1
24	23	1
24	24	1
24	25	1
24	26	1
24	27	1
24	28	1
24	29	1
24	30	1
24	31	1
24	32	0
24	33	0
24	34	1
24	35	1
24	36	1
24	37	1
24	38	1
24	39	1
24	40	1
25	1	1
25	2	1
25	3	0
25	4	0
25	5	0
25	6	1
25	7	1
25	8	1
25	9	1
25	10	0
25	11	1
25	12	1
25	13	0
25	14	1
25	15	0
25	16	1
25	17	1
25	18	1
25	19	0
25	20	0
25	21	0
25	22	0
25	23	1
25	24	1
25	25	0
25	26	0
25	27	1
25	28	1
25	29	1
25	30	0
25	31	1
25	32	0
25	33	0
25	34	1
25	35	1
25	36	1
25	37	1
25	38	1
25	39	1
25	40	1
26	1	1
26	2	1
26	3	1
26	4	1
26	5	0
26	6	1
26	7	1
26	8	1
26	9	1
26	10	1
26	11	0
26	12	1
26	13	1
26	14	1
26	15	1
26	16	0
26	17	0
26	18	0
26	19	1
26	20	1
26	21	0
26	22	1
26	23	1
26	24	1
26	25	1
26	26	1
26	27	1
26	28	1
26	29	1
26	30	1
26	31	1
26	32	0
26	33	0
26	34	1
26	35	1
26	36	1
26	37	1
26	38	1
26	39	1
26	40	1
27	1	1
27	2	0
27	3	1
27	4	1
27	5	0
27	6	1
27	7	1
27	8	0
27	9	0
27	10	1
27	11	0
27	12	1
27	13	1
27	14	1
27	15	1
27	16	0
27	17	0
27	18	0
27	19	1
27	20	0
27	21	0
27	22	1
27	23	0
27	24	0
27	25	0
27	26	0
27	27	1
27	28	1
27	29	1
27	30	0
27	31	0
27	32	0
27	33	0
27	34	0
27	35	1
27	36	0
27	37	1
27	38	0
27	39	0
27	40	1
28	1	1
28	2	0
28	3	1
28	4	1
28	5	0
28	6	1
28	7	1
28	8	1
28	9	0
28	10	1
28	11	0
28	12	1
28	13	1
28	14	1
28	15	1
28	16	0
28	17	0
28	18	0
28	19	1
28	20	1
28	21	0
28	22	1
28	23	0
28	24	0
28	25	0
28	26	0
28	27	1
28	28	1
28	29	1
28	30	1
28	31	1
28	32	0
28	33	0
28	34	1
28	35	1
28	36	1
28	37	1
28	38	1
28	39	0
28	40	1
29	1	1
29	2	0
29	3	1
29	4	1
29	5	0
29	6	1
29	7	1
29	8	0
29	9	0
29	10	1
29	11	0
29	12	1
29	13	1
29	14	1
29	15	1
29	16	0
29	17	0
29	18	0
29	19	1
29	20	0
29	21	0
29	22	1
29	23	0
29	24	0
29	25	0
29	26	0
29	27	1
29	28	1
29	29	1
29	30	0
29	31	0
29	32	0
29	33	0
29	34	0
29	35	1
29	36	0
29	37	1
29	38	0
29	39	0
29	40	1
30	1	1
30	2	0
30	3	0
30	4	0
30	5	0
30	6	1
30	7	1
30	8	1
30	9	0
30	10	0
30	11	0
30	12	1
30	13	0
30	14	1
30	15	0
30	16	0
30	17	0
30	18	0
30	19	0
30	20	0
30	21	0
30	22	0
30	23	0
30	24	0
30	25	0
30	26	0
30	27	1
30	28	1
30	29	1
30	30	0
30	31	1
30	32	0
30	33	0
30	34	1
30	35	1
30	36	1
30	37	1
30	38	1
30	39	0
30	40	1
31	1	0
31	2	1
31	3	0
31	4	0
31	5	1
31	6	0
31	7	0
31	8	1
31	9	1
31	10	0
31	11	1
31	12	0
31	13	0
31	14	0
31	15	0
31	16	1
31	17	1
31	18	1
31	19	0
31	20	1
31	21	1
31	22	0
31	23	1
31	24	1
31	25	1
31	26	1
31	27	0
31	28	0
31	29	0
31	30	1
31	31	1
31	32	1
31	33	1
31	34	1
31	35	0
31	36	1
31	37	0
31	38	1
31	39	1
31	40	0
32	1	1
32	2	0
32	3	0
32	4	0
32	5	1
32	6	0
32	7	1
32	8	0
32	9	0
32	10	0
32	11	1
32	12	0
32	13	1
32	14	1
32	15	0
32	16	1
32	17	0
32	18	1
32	19	0
32	20	0
32	21	1
32	22	1
32	23	0
32	24	0
32	25	0
32	26	0
32	27	0
32	28	1
32	29	0
32	30	0
32	31	0
32	32	1
32	33	1
32	34	0
32	35	1
32	36	0
32	37	0
32	38	0
32	39	0
32	40	1
33	1	1
33	2	0
33	3	1
33	4	1
33	5	0
33	6	1
33	7	1
33	8	0
33	9	0
33	10	1
33	11	0
33	12	1
33	13	1
33	14	1
33	15	1
33	16	0
33	17	0
33	18	0
33	19	1
33	20	0
33	21	0
33	22	1
33	23	0
33	24	0
33	25	0
33	26	0
33	27	1
33	28	1
33	29	1
33	30	0
33	31	0
33	32	0
33	33	0
33	34	0
33	35	1
33	36	0
33	37	1
33	38	0
33	39	0
33	40	1
34	1	0
34	2	0
34	3	0
34	4	1
34	5	0
34	6	1
34	7	0
34	8	0
34	9	0
34	10	1
34	11	1
34	12	1
34	13	0
34	14	0
34	15	1
34	16	1
34	17	1
34	18	1
34	19	1
34	20	0
34	21	0
34	22	0
34	23	0
34	24	0
34	25	0
34	26	0
34	27	1
34	28	0
34	29	1
34	30	0
34	31	0
34	32	0
34	33	0
34	34	0
34	35	0
34	36	0
34	37	0
34	38	0
34	39	0
34	40	0
35	1	1
35	2	1
35	3	1
35	4	1
35	5	0
35	6	1
35	7	1
35	8	1
35	9	1
35	10	1
35	11	0
35	12	1
35	13	1
35	14	1
35	15	1
35	16	0
35	17	0
35	18	0
35	19	1
35	20	1
35	21	0
35	22	1
35	23	1
35	24	1
35	25	1
35	26	1
35	27	1
35	28	1
35	29	1
35	30	1
35	31	1
35	32	0
35	33	0
35	34	1
35	35	1
35	36	1
35	37	1
35	38	1
35	39	1
35	40	1
36	1	1
36	2	1
36	3	1
36	4	1
36	5	0
36	6	1
36	7	1
36	8	0
36	9	1
36	10	1
36	11	1
36	12	1
36	13	1
36	14	1
36	15	1
36	16	1
36	17	1
36	18	1
36	19	1
36	20	0
36	21	0
36	22	1
36	23	1
36	24	1
36	25	1
36	26	1
36	27	1
36	28	1
36	29	1
36	30	0
36	31	0
36	32	0
36	33	0
36	34	0
36	35	1
36	36	0
36	37	1
36	38	0
36	39	1
36	40	1
37	1	0
37	2	1
37	3	0
37	4	0
37	5	0
37	6	0
37	7	0
37	8	1
37	9	1
37	10	0
37	11	1
37	12	0
37	13	0
37	14	0
37	15	0
37	16	1
37	17	0
37	18	1
37	19	0
37	20	0
37	21	0
37	22	0
37	23	0
37	24	1
37	25	0
37	26	0
37	27	0
37	28	0
37	29	0
37	30	0
37	31	0
37	32	0
37	33	0
37	34	1
37	35	0
37	36	1
37	37	0
37	38	1
37	39	1
37	40	0
38	1	1
38	2	1
38	3	1
38	4	1
38	5	0
38	6	1
38	7	1
38	8	1
38	9	1
38	10	1
38	11	1
38	12	1
38	13	1
38	14	1
38	15	1
38	16	1
38	17	1
38	18	1
38	19	1
38	20	1
38	21	0
38	22	1
38	23	1
38	24	1
38	25	1
38	26	1
38	27	1
38	28	1
38	29	1
38	30	1
38	31	1
38	32	0
38	33	0
38	34	1
38	35	1
38	36	1
38	37	1
38	38	1
38	39	1
38	40	1
39	1	1
39	2	1
39	3	1
39	4	0
39	5	0
39	6	0
39	7	1
39	8	1
39	9	1
39	10	0
39	11	0
39	12	0
39	13	1
39	14	1
39	15	0
39	16	0
39	17	0
39	18	0
39	19	0
39	20	1
39	21	0
39	22	1
39	23	1
39	24	1
39	25	1
39	26	1
39	27	0
39	28	1
39	29	0
39	30	1
39	31	1
39	32	0
39	33	0
39	34	1
39	35	1
39	36	1
39	37	1
39	38	1
39	39	1
39	40	1
40	1	1
40	2	1
40	3	1
40	4	1
40	5	0
40	6	1
40	7	1
40	8	0
40	9	1
40	10	1
40	11	1
40	12	1
40	13	1
40	14	1
40	15	1
40	16	1
40	17	1
40	18	1
40	19	1
40	20	0
40	21	0
40	22	1
40	23	1
40	24	1
40	25	1
40	26	1
40	27	1
40	28	1
40	29	1
40	30	0
40	31	0
40	32	0
40	33	0
40	34	0
40	35	1
40	36	0
40	37	1
40	38	0
40	39	1
40	40	1
41	1	1
41	2	1
41	3	1
41	4	1
41	5	0
41	6	1
41	7	1
41	8	1
41	9	1
41	10	1
41	11	1
41	12	1
41	13	1
41	14	1
41	15	1
41	16	1
41	17	1
41	18	1
41	19	1
41	20	1
41	21	0
41	22	1
41	23	1
41	24	1
41	25	1
41	26	1
41	27	1
41	28	1
41	29	1
41	30	1
41	31	1
41	32	0
41	33	0
41	34	1
41	35	1
41	36	1
41	37	1
41	38	1
41	39	1
41	40	1
42	1	0
42	2	1
42	3	0
42	4	0
42	5	0
42	6	0
42	7	0
42	8	1
42	9	1
42	10	0
42	11	0
42	12	0
42	13	0
42	14	0
42	15	0
42	16	1
42	17	0
42	18	0
42	19	0
42	20	0
42	21	0
42	22	0
42	23	1
42	24	1
42	25	1
42	26	0
42	27	0
42	28	0
42	29	0
42	30	1
42	31	1
42	32	0
42	33	0
42	34	1
42	35	0
42	36	1
42	37	0
42	38	1
42	39	1
42	40	0
43	1	1
43	2	0
43	3	0
43	4	0
43	5	0
43	6	0
43	7	1
43	8	0
43	9	0
43	10	0
43	11	1
43	12	0
43	13	1
43	14	1
43	15	0
43	16	1
43	17	0
43	18	1
43	19	0
43	20	0
43	21	0
43	22	1
43	23	0
43	24	0
43	25	0
43	26	0
43	27	0
43	28	1
43	29	0
43	30	0
43	31	0
43	32	0
43	33	0
43	34	0
43	35	1
43	36	0
43	37	0
43	38	0
43	39	0
43	40	1
44	1	1
44	2	1
44	3	1
44	4	1
44	5	1
44	6	1
44	7	1
44	8	0
44	9	1
44	10	1
44	11	1
44	12	1
44	13	1
44	14	1
44	15	1
44	16	1
44	17	1
44	18	1
44	19	1
44	20	0
44	21	1
44	22	1
44	23	1
44	24	1
44	25	1
44	26	1
44	27	1
44	28	1
44	29	1
44	30	0
44	31	0
44	32	1
44	33	1
44	34	0
44	35	1
44	36	0
44	37	1
44	38	0
44	39	1
44	40	1
45	1	1
45	2	0
45	3	1
45	4	0
45	5	1
45	6	0
45	7	1
45	8	0
45	9	0
45	10	0
45	11	1
45	12	0
45	13	1
45	14	1
45	15	0
45	16	1
45	17	1
45	18	1
45	19	0
45	20	0
45	21	1
45	22	1
45	23	0
45	24	0
45	25	0
45	26	0
45	27	0
45	28	1
45	29	0
45	30	0
45	31	0
45	32	1
45	33	1
45	34	0
45	35	1
45	36	0
45	37	1
45	38	0
45	39	0
45	40	1
46	1	1
46	2	0
46	3	1
46	4	1
46	5	0
46	6	1
46	7	1
46	8	0
46	9	0
46	10	1
46	11	0
46	12	1
46	13	1
46	14	1
46	15	1
46	16	0
46	17	0
46	18	0
46	19	1
46	20	0
46	21	0
46	22	1
46	23	0
46	24	0
46	25	0
46	26	0
46	27	1
46	28	1
46	29	1
46	30	0
46	31	0
46	32	0
46	33	0
46	34	0
46	35	1
46	36	0
46	37	1
46	38	0
46	39	0
46	40	1
47	1	0
47	2	1
47	3	1
47	4	1
47	5	1
47	6	1
47	7	1
47	8	0
47	9	1
47	10	0
47	11	1
47	12	0
47	13	1
47	14	0
47	15	1
47	16	1
47	17	1
47	18	1
47	19	1
47	20	0
47	21	1
47	22	1
47	23	0
47	24	0
47	25	0
47	26	1
47	27	0
47	28	1
47	29	1
47	30	0
47	31	0
47	32	1
47	33	0
47	34	0
47	35	1
47	36	0
47	37	0
47	38	0
47	39	0
47	40	1
48	1	1
48	2	0
48	3	1
48	4	0
48	5	0
48	6	0
48	7	1
48	8	0
48	9	0
48	10	0
48	11	1
48	12	0
48	13	1
48	14	1
48	15	0
48	16	1
48	17	1
48	18	1
48	19	0
48	20	0
48	21	0
48	22	1
48	23	0
48	24	0
48	25	0
48	26	0
48	27	0
48	28	1
48	29	0
48	30	0
48	31	0
48	32	0
48	33	0
48	34	0
48	35	1
48	36	0
48	37	1
48	38	0
48	39	0
48	40	1
49	1	1
49	2	1
49	3	1
49	4	1
49	5	0
49	6	1
49	7	1
49	8	0
49	9	1
49	10	1
49	11	1
49	12	1
49	13	1
49	14	1
49	15	1
49	16	1
49	17	1
49	18	1
49	19	1
49	20	0
49	21	0
49	22	1
49	23	1
49	24	1
49	25	1
49	26	1
49	27	1
49	28	1
49	29	1
49	30	0
49	31	0
49	32	0
49	33	0
49	34	0
49	35	1
49	36	0
49	37	1
49	38	0
49	39	1
49	40	1
50	1	1
50	2	1
50	3	1
50	4	0
50	5	0
50	6	0
50	7	1
50	8	1
50	9	1
50	10	0
50	11	0
50	12	0
50	13	1
50	14	1
50	15	0
50	16	0
50	17	0
50	18	0
50	19	0
50	20	1
50	21	0
50	22	1
50	23	1
50	24	1
50	25	1
50	26	1
50	27	0
50	28	1
50	29	0
50	30	1
50	31	1
50	32	0
50	33	0
50	34	1
50	35	1
50	36	1
50	37	1
50	38	1
50	39	1
50	40	1
51	1	0
51	2	1
51	3	0
51	4	0
51	5	0
51	6	0
51	7	0
51	8	1
51	9	1
51	10	0
51	11	1
51	12	0
51	13	0
51	14	0
51	15	0
51	16	1
51	17	1
51	18	1
51	19	0
51	20	1
51	21	0
51	22	0
51	23	1
51	24	1
51	25	1
51	26	1
51	27	0
51	28	0
51	29	0
51	30	1
51	31	1
51	32	0
51	33	0
51	34	1
51	35	0
51	36	1
51	37	0
51	38	1
51	39	1
51	40	0
52	1	1
52	2	0
52	3	1
52	4	1
52	5	0
52	6	1
52	7	1
52	8	0
52	9	0
52	10	1
52	11	0
52	12	1
52	13	1
52	14	1
52	15	1
52	16	0
52	17	0
52	18	0
52	19	1
52	20	0
52	21	0
52	22	1
52	23	0
52	24	0
52	25	0
52	26	0
52	27	1
52	28	1
52	29	1
52	30	0
52	31	0
52	32	0
52	33	0
52	34	0
52	35	1
52	36	0
52	37	1
52	38	0
52	39	0
52	40	1
53	1	1
53	2	1
53	3	1
53	4	1
53	5	0
53	6	1
53	7	1
53	8	1
53	9	1
53	10	1
53	11	1
53	12	1
53	13	1
53	14	1
53	15	1
53	16	1
53	17	1
53	18	1
53	19	1
53	20	1
53	21	0
53	22	1
53	23	1
53	24	1
53	25	1
53	26	1
53	27	1
53	28	1
53	29	1
53	30	1
53	31	1
53	32	0
53	33	0
53	34	1
53	35	1
53	36	1
53	37	1
53	38	1
53	39	1
53	40	1
54	1	0
54	2	0
54	3	0
54	4	1
54	5	1
54	6	1
54	7	0
54	8	0
54	9	0
54	10	1
54	11	1
54	12	0
54	13	0
54	14	0
54	15	1
54	16	1
54	17	0
54	18	1
54	19	0
54	20	0
54	21	0
54	22	0
54	23	0
54	24	0
54	25	0
54	26	0
54	27	1
54	28	0
54	29	1
54	30	0
54	31	0
54	32	1
54	33	0
54	34	0
54	35	0
54	36	0
54	37	0
54	38	0
54	39	0
54	40	0
55	1	1
55	2	0
55	3	1
55	4	1
55	5	0
55	6	1
55	7	1
55	8	0
55	9	0
55	10	1
55	11	0
55	12	1
55	13	1
55	14	1
55	15	1
55	16	0
55	17	0
55	18	0
55	19	1
55	20	0
55	21	0
55	22	1
55	23	0
55	24	0
55	25	0
55	26	0
55	27	1
55	28	1
55	29	1
55	30	0
55	31	0
55	32	0
55	33	0
55	34	0
55	35	1
55	36	0
55	37	1
55	38	0
55	39	0
55	40	1
56	1	1
56	2	0
56	3	1
56	4	1
56	5	1
56	6	1
56	7	1
56	8	1
56	9	0
56	10	1
56	11	0
56	12	1
56	13	1
56	14	1
56	15	1
56	16	0
56	17	0
56	18	0
56	19	1
56	20	1
56	21	1
56	22	1
56	23	0
56	24	0
56	25	0
56	26	0
56	27	1
56	28	1
56	29	1
56	30	1
56	31	1
56	32	1
56	33	1
56	34	1
56	35	1
56	36	1
56	37	1
56	38	1
56	39	0
56	40	1
57	1	1
57	2	0
57	3	1
57	4	1
57	5	0
57	6	1
57	7	1
57	8	0
57	9	0
57	10	1
57	11	0
57	12	1
57	13	1
57	14	1
57	15	1
57	16	0
57	17	0
57	18	0
57	19	1
57	20	0
57	21	0
57	22	1
57	23	0
57	24	0
57	25	0
57	26	0
57	27	1
57	28	1
57	29	1
57	30	0
57	31	0
57	32	0
57	33	0
57	34	0
57	35	1
57	36	0
57	37	1
57	38	0
57	39	0
57	40	1
58	1	1
58	2	1
58	3	1
58	4	1
58	5	0
58	6	1
58	7	1
58	8	1
58	9	1
58	10	1
58	11	1
58	12	1
58	13	1
58	14	1
58	15	1
58	16	1
58	17	1
58	18	1
58	19	1
58	20	1
58	21	0
58	22	1
58	23	1
58	24	1
58	25	1
58	26	1
58	27	1
58	28	1
58	29	1
58	30	1
58	31	1
58	32	0
58	33	0
58	34	1
58	35	1
58	36	1
58	37	1
58	38	1
58	39	1
58	40	1
59	1	1
59	2	1
59	3	0
59	4	1
59	5	0
59	6	1
59	7	1
59	8	1
59	9	1
59	10	1
59	11	1
59	12	0
59	13	0
59	14	0
59	15	0
59	16	1
59	17	0
59	18	1
59	19	0
59	20	1
59	21	0
59	22	1
59	23	0
59	24	1
59	25	0
59	26	0
59	27	0
59	28	1
59	29	1
59	30	0
59	31	0
59	32	0
59	33	0
59	34	0
59	35	1
59	36	1
59	37	0
59	38	0
59	39	1
59	40	0
60	1	1
60	2	1
60	3	1
60	4	1
60	5	0
60	6	1
60	7	1
60	8	1
60	9	1
60	10	1
60	11	1
60	12	1
60	13	1
60	14	1
60	15	1
60	16	1
60	17	1
60	18	1
60	19	1
60	20	1
60	21	0
60	22	1
60	23	1
60	24	1
60	25	1
60	26	1
60	27	1
60	28	1
60	29	1
60	30	1
60	31	1
60	32	0
60	33	0
60	34	1
60	35	1
60	36	1
60	37	1
60	38	1
60	39	1
60	40	1
61	1	0
61	2	0
61	3	1
61	4	1
61	5	0
61	6	1
61	7	1
61	8	0
61	9	0
61	10	0
61	11	0
61	12	0
61	13	1
61	14	0
61	15	1
61	16	0
61	17	0
61	18	0
61	19	1
61	20	0
61	21	0
61	22	1
61	23	0
61	24	0
61	25	0
61	26	0
61	27	0
61	28	1
61	29	1
61	30	0
61	31	0
61	32	0
61	33	0
61	34	0
61	35	1
61	36	0
61	37	0
61	38	0
61	39	0
61	40	1
62	1	1
62	2	0
62	3	1
62	4	1
62	5	0
62	6	1
62	7	1
62	8	1
62	9	0
62	10	1
62	11	0
62	12	1
62	13	1
62	14	1
62	15	1
62	16	0
62	17	0
62	18	0
62	19	1
62	20	1
62	21	0
62	22	1
62	23	0
62	24	0
62	25	0
62	26	0
62	27	1
62	28	1
62	29	1
62	30	1
62	31	1
62	32	0
62	33	0
62	34	1
62	35	1
62	36	1
62	37	1
62	38	1
62	39	0
62	40	1
63	1	1
63	2	1
63	3	1
63	4	1
63	5	0
63	6	1
63	7	1
63	8	0
63	9	1
63	10	1
63	11	1
63	12	1
63	13	1
63	14	1
63	15	1
63	16	1
63	17	1
63	18	1
63	19	1
63	20	0
63	21	0
63	22	1
63	23	1
63	24	1
63	25	1
63	26	1
63	27	1
63	28	1
63	29	1
63	30	0
63	31	0
63	32	0
63	33	0
63	34	0
63	35	1
63	36	0
63	37	1
63	38	0
63	39	1
63	40	1
64	1	1
64	2	1
64	3	0
64	4	1
64	5	0
64	6	1
64	7	1
64	8	1
64	9	1
64	10	1
64	11	1
64	12	0
64	13	1
64	14	1
64	15	0
64	16	1
64	17	0
64	18	1
64	19	0
64	20	1
64	21	0
64	22	1
64	23	0
64	24	1
64	25	1
64	26	0
64	27	0
64	28	1
64	29	1
64	30	0
64	31	0
64	32	0
64	33	0
64	34	1
64	35	1
64	36	1
64	37	0
64	38	1
64	39	1
64	40	1
65	1	1
65	2	0
65	3	1
65	4	1
65	5	0
65	6	1
65	7	1
65	8	0
65	9	0
65	10	1
65	11	0
65	12	1
65	13	1
65	14	1
65	15	1
65	16	0
65	17	0
65	18	0
65	19	1
65	20	0
65	21	0
65	22	1
65	23	0
65	24	0
65	25	0
65	26	0
65	27	1
65	28	1
65	29	1
65	30	0
65	31	0
65	32	0
65	33	0
65	34	0
65	35	1
65	36	0
65	37	1
65	38	0
65	39	0
65	40	1
66	1	1
66	2	0
66	3	0
66	4	0
66	5	0
66	6	1
66	7	1
66	8	0
66	9	0
66	10	0
66	11	0
66	12	1
66	13	0
66	14	1
66	15	0
66	16	0
66	17	0
66	18	0
66	19	0
66	20	0
66	21	0
66	22	0
66	23	0
66	24	0
66	25	0
66	26	0
66	27	1
66	28	1
66	29	1
66	30	0
66	31	0
66	32	0
66	33	0
66	34	0
66	35	1
66	36	0
66	37	1
66	38	0
66	39	0
66	40	1
67	1	1
67	2	0
67	3	1
67	4	1
67	5	0
67	6	1
67	7	1
67	8	1
67	9	0
67	10	1
67	11	0
67	12	1
67	13	1
67	14	1
67	15	1
67	16	0
67	17	0
67	18	0
67	19	1
67	20	1
67	21	0
67	22	1
67	23	0
67	24	0
67	25	0
67	26	0
67	27	1
67	28	1
67	29	1
67	30	1
67	31	1
67	32	0
67	33	0
67	34	1
67	35	1
67	36	1
67	37	1
67	38	1
67	39	0
67	40	1
68	1	0
68	2	1
68	3	1
68	4	1
68	5	0
68	6	1
68	7	1
68	8	1
68	9	1
68	10	0
68	11	0
68	12	0
68	13	1
68	14	0
68	15	1
68	16	0
68	17	0
68	18	0
68	19	1
68	20	0
68	21	0
68	22	1
68	23	0
68	24	0
68	25	0
68	26	1
68	27	0
68	28	1
68	29	1
68	30	1
68	31	1
68	32	0
68	33	0
68	34	1
68	35	1
68	36	1
68	37	0
68	38	1
68	39	0
68	40	1
69	1	1
69	2	0
69	3	1
69	4	1
69	5	0
69	6	1
69	7	1
69	8	0
69	9	0
69	10	1
69	11	0
69	12	1
69	13	1
69	14	1
69	15	1
69	16	0
69	17	0
69	18	0
69	19	1
69	20	0
69	21	0
69	22	1
69	23	0
69	24	0
69	25	0
69	26	0
69	27	1
69	28	1
69	29	1
69	30	0
69	31	0
69	32	0
69	33	0
69	34	0
69	35	1
69	36	0
69	37	1
69	38	0
69	39	0
69	40	1
70	1	1
70	2	1
70	3	1
70	4	1
70	5	0
70	6	1
70	7	1
70	8	0
70	9	1
70	10	1
70	11	1
70	12	1
70	13	1
70	14	1
70	15	1
70	16	1
70	17	1
70	18	1
70	19	1
70	20	0
70	21	0
70	22	1
70	23	1
70	24	1
70	25	1
70	26	1
70	27	1
70	28	1
70	29	1
70	30	0
70	31	0
70	32	0
70	33	0
70	34	0
70	35	1
70	36	0
70	37	1
70	38	0
70	39	1
70	40	1
71	1	1
71	2	1
71	3	1
71	4	0
71	5	0
71	6	0
71	7	1
71	8	1
71	9	1
71	10	0
71	11	0
71	12	0
71	13	1
71	14	1
71	15	0
71	16	0
71	17	0
71	18	0
71	19	0
71	20	1
71	21	0
71	22	1
71	23	1
71	24	1
71	25	1
71	26	1
71	27	0
71	28	1
71	29	0
71	30	1
71	31	1
71	32	0
71	33	0
71	34	1
71	35	1
71	36	1
71	37	1
71	38	1
71	39	1
71	40	1
72	1	1
72	2	1
72	3	0
72	4	1
72	5	0
72	6	1
72	7	1
72	8	1
72	9	1
72	10	1
72	11	1
72	12	0
72	13	1
72	14	1
72	15	0
72	16	1
72	17	0
72	18	1
72	19	0
72	20	1
72	21	0
72	22	1
72	23	0
72	24	1
72	25	1
72	26	0
72	27	0
72	28	1
72	29	1
72	30	0
72	31	0
72	32	0
72	33	0
72	34	1
72	35	1
72	36	1
72	37	0
72	38	1
72	39	1
72	40	1
73	1	1
73	2	0
73	3	1
73	4	1
73	5	0
73	6	1
73	7	1
73	8	0
73	9	0
73	10	1
73	11	0
73	12	1
73	13	1
73	14	1
73	15	1
73	16	0
73	17	0
73	18	0
73	19	1
73	20	0
73	21	0
73	22	1
73	23	0
73	24	0
73	25	0
73	26	0
73	27	1
73	28	1
73	29	1
73	30	0
73	31	0
73	32	0
73	33	0
73	34	0
73	35	1
73	36	0
73	37	1
73	38	0
73	39	0
73	40	1
74	1	0
74	2	1
74	3	0
74	4	1
74	5	0
74	6	1
74	7	0
74	8	1
74	9	1
74	10	0
74	11	0
74	12	0
74	13	0
74	14	0
74	15	0
74	16	1
74	17	0
74	18	0
74	19	0
74	20	0
74	21	0
74	22	1
74	23	0
74	24	1
74	25	0
74	26	0
74	27	1
74	28	1
74	29	0
74	30	1
74	31	1
74	32	0
74	33	0
74	34	0
74	35	1
74	36	1
74	37	0
74	38	0
74	39	1
74	40	0
75	1	1
75	2	1
75	3	1
75	4	1
75	5	0
75	6	1
75	7	1
75	8	1
75	9	1
75	10	1
75	11	1
75	12	1
75	13	1
75	14	1
75	15	1
75	16	1
75	17	1
75	18	1
75	19	1
75	20	1
75	21	0
75	22	1
75	23	1
75	24	1
75	25	1
75	26	1
75	27	1
75	28	1
75	29	1
75	30	1
75	31	1
75	32	0
75	33	0
75	34	1
75	35	1
75	36	1
75	37	1
75	38	1
75	39	1
75	40	1
76	1	0
76	2	1
76	3	1
76	4	1
76	5	0
76	6	1
76	7	1
76	8	1
76	9	1
76	10	0
76	11	1
76	12	0
76	13	1
76	14	0
76	15	1
76	16	1
76	17	1
76	18	1
76	19	1
76	20	0
76	21	0
76	22	1
76	23	0
76	24	0
76	25	0
76	26	1
76	27	0
76	28	1
76	29	1
76	30	1
76	31	1
76	32	0
76	33	0
76	34	1
76	35	1
76	36	1
76	37	0
76	38	1
76	39	0
76	40	1
77	1	1
77	2	1
77	3	1
77	4	0
77	5	0
77	6	0
77	7	1
77	8	1
77	9	1
77	10	0
77	11	0
77	12	0
77	13	1
77	14	1
77	15	0
77	16	0
77	17	0
77	18	0
77	19	0
77	20	1
77	21	0
77	22	1
77	23	1
77	24	1
77	25	1
77	26	1
77	27	0
77	28	1
77	29	0
77	30	1
77	31	1
77	32	0
77	33	0
77	34	1
77	35	1
77	36	1
77	37	1
77	38	1
77	39	1
77	40	1
78	1	1
78	2	1
78	3	1
78	4	1
78	5	1
78	6	1
78	7	1
78	8	1
78	9	1
78	10	1
78	11	0
78	12	1
78	13	1
78	14	1
78	15	1
78	16	0
78	17	0
78	18	0
78	19	1
78	20	1
78	21	1
78	22	1
78	23	1
78	24	1
78	25	1
78	26	1
78	27	1
78	28	1
78	29	1
78	30	1
78	31	1
78	32	1
78	33	1
78	34	1
78	35	1
78	36	1
78	37	1
78	38	1
78	39	1
78	40	1
79	1	0
79	2	1
79	3	1
79	4	1
79	5	0
79	6	1
79	7	1
79	8	0
79	9	1
79	10	0
79	11	1
79	12	0
79	13	0
79	14	0
79	15	1
79	16	1
79	17	0
79	18	1
79	19	0
79	20	0
79	21	0
79	22	1
79	23	0
79	24	0
79	25	0
79	26	1
79	27	0
79	28	1
79	29	1
79	30	0
79	31	0
79	32	0
79	33	0
79	34	0
79	35	1
79	36	0
79	37	0
79	38	0
79	39	0
79	40	0
80	1	0
80	2	0
80	3	0
80	4	1
80	5	0
80	6	1
80	7	0
80	8	0
80	9	0
80	10	1
80	11	1
80	12	1
80	13	0
80	14	0
80	15	1
80	16	1
80	17	1
80	18	1
80	19	1
80	20	0
80	21	0
80	22	0
80	23	0
80	24	0
80	25	0
80	26	0
80	27	1
80	28	0
80	29	1
80	30	0
80	31	0
80	32	0
80	33	0
80	34	0
80	35	0
80	36	0
80	37	0
80	38	0
80	39	0
80	40	0
81	1	0
81	2	1
81	3	1
81	4	0
81	5	0
81	6	0
81	7	1
81	8	1
81	9	1
81	10	0
81	11	0
81	12	0
81	13	1
81	14	0
81	15	0
81	16	0
81	17	0
81	18	0
81	19	0
81	20	0
81	21	0
81	22	1
81	23	0
81	24	0
81	25	0
81	26	1
81	27	0
81	28	1
81	29	0
81	30	1
81	31	1
81	32	0
81	33	0
81	34	1
81	35	1
81	36	1
81	37	0
81	38	1
81	39	0
81	40	1
82	1	1
82	2	0
82	3	1
82	4	1
82	5	0
82	6	1
82	7	1
82	8	1
82	9	0
82	10	1
82	11	0
82	12	1
82	13	1
82	14	1
82	15	1
82	16	0
82	17	0
82	18	0
82	19	1
82	20	1
82	21	0
82	22	1
82	23	0
82	24	0
82	25	0
82	26	0
82	27	1
82	28	1
82	29	1
82	30	1
82	31	1
82	32	0
82	33	0
82	34	1
82	35	1
82	36	1
82	37	1
82	38	1
82	39	0
82	40	1
83	1	1
83	2	0
83	3	1
83	4	1
83	5	0
83	6	1
83	7	1
83	8	1
83	9	0
83	10	1
83	11	0
83	12	1
83	13	1
83	14	1
83	15	1
83	16	0
83	17	0
83	18	0
83	19	1
83	20	1
83	21	0
83	22	1
83	23	0
83	24	0
83	25	0
83	26	0
83	27	1
83	28	1
83	29	1
83	30	1
83	31	1
83	32	0
83	33	0
83	34	1
83	35	1
83	36	1
83	37	1
83	38	1
83	39	0
83	40	1
84	1	1
84	2	1
84	3	1
84	4	1
84	5	0
84	6	1
84	7	1
84	8	1
84	9	1
84	10	1
84	11	1
84	12	0
84	13	0
84	14	0
84	15	1
84	16	1
84	17	0
84	18	1
84	19	0
84	20	1
84	21	0
84	22	1
84	23	0
84	24	1
84	25	0
84	26	1
84	27	1
84	28	1
84	29	1
84	30	1
84	31	1
84	32	0
84	33	0
84	34	0
84	35	1
84	36	1
84	37	1
84	38	0
84	39	1
84	40	0
85	1	1
85	2	1
85	3	1
85	4	1
85	5	0
85	6	1
85	7	1
85	8	1
85	9	1
85	10	1
85	11	1
85	12	1
85	13	1
85	14	1
85	15	1
85	16	1
85	17	1
85	18	1
85	19	1
85	20	1
85	21	0
85	22	1
85	23	1
85	24	1
85	25	1
85	26	1
85	27	1
85	28	1
85	29	1
85	30	1
85	31	1
85	32	0
85	33	0
85	34	1
85	35	1
85	36	1
85	37	1
85	38	1
85	39	1
85	40	1
86	1	1
86	2	1
86	3	1
86	4	0
86	5	0
86	6	0
86	7	1
86	8	1
86	9	1
86	10	0
86	11	0
86	12	0
86	13	1
86	14	1
86	15	0
86	16	0
86	17	0
86	18	0
86	19	0
86	20	1
86	21	0
86	22	1
86	23	1
86	24	1
86	25	1
86	26	1
86	27	0
86	28	1
86	29	0
86	30	1
86	31	1
86	32	0
86	33	0
86	34	1
86	35	1
86	36	1
86	37	1
86	38	1
86	39	1
86	40	1
87	1	0
87	2	0
87	3	0
87	4	1
87	5	0
87	6	1
87	7	0
87	8	0
87	9	0
87	10	1
87	11	1
87	12	1
87	13	0
87	14	0
87	15	1
87	16	1
87	17	1
87	18	1
87	19	1
87	20	0
87	21	0
87	22	0
87	23	0
87	24	0
87	25	0
87	26	0
87	27	1
87	28	0
87	29	1
87	30	0
87	31	0
87	32	0
87	33	0
87	34	0
87	35	0
87	36	0
87	37	0
87	38	0
87	39	0
87	40	0
88	1	1
88	2	1
88	3	0
88	4	0
88	5	0
88	6	1
88	7	1
88	8	1
88	9	1
88	10	0
88	11	0
88	12	1
88	13	0
88	14	1
88	15	0
88	16	0
88	17	0
88	18	0
88	19	0
88	20	0
88	21	0
88	22	0
88	23	1
88	24	1
88	25	0
88	26	0
88	27	1
88	28	1
88	29	1
88	30	0
88	31	1
88	32	0
88	33	0
88	34	1
88	35	1
88	36	1
88	37	1
88	38	1
88	39	1
88	40	1
89	1	1
89	2	1
89	3	1
89	4	0
89	5	0
89	6	0
89	7	1
89	8	1
89	9	1
89	10	0
89	11	0
89	12	0
89	13	1
89	14	1
89	15	0
89	16	0
89	17	0
89	18	0
89	19	0
89	20	1
89	21	0
89	22	1
89	23	1
89	24	1
89	25	1
89	26	1
89	27	0
89	28	1
89	29	0
89	30	1
89	31	1
89	32	0
89	33	0
89	34	1
89	35	1
89	36	1
89	37	1
89	38	1
89	39	1
89	40	1
90	1	1
90	2	1
90	3	1
90	4	1
90	5	1
90	6	1
90	7	1
90	8	0
90	9	1
90	10	1
90	11	1
90	12	1
90	13	1
90	14	1
90	15	1
90	16	1
90	17	1
90	18	1
90	19	1
90	20	0
90	21	1
90	22	1
90	23	1
90	24	1
90	25	1
90	26	1
90	27	1
90	28	1
90	29	1
90	30	0
90	31	0
90	32	1
90	33	1
90	34	0
90	35	1
90	36	0
90	37	1
90	38	0
90	39	1
90	40	1
91	1	1
91	2	0
91	3	1
91	4	1
91	5	0
91	6	1
91	7	1
91	8	0
91	9	0
91	10	1
91	11	0
91	12	1
91	13	1
91	14	1
91	15	1
91	16	0
91	17	0
91	18	0
91	19	1
91	20	0
91	21	0
91	22	1
91	23	0
91	24	0
91	25	0
91	26	0
91	27	1
91	28	1
91	29	1
91	30	0
91	31	0
91	32	0
91	33	0
91	34	0
91	35	1
91	36	0
91	37	1
91	38	0
91	39	0
91	40	1
92	1	1
92	2	0
92	3	1
92	4	1
92	5	0
92	6	1
92	7	1
92	8	0
92	9	0
92	10	1
92	11	0
92	12	1
92	13	1
92	14	1
92	15	1
92	16	0
92	17	0
92	18	0
92	19	1
92	20	0
92	21	0
92	22	1
92	23	0
92	24	0
92	25	0
92	26	0
92	27	1
92	28	1
92	29	1
92	30	0
92	31	0
92	32	0
92	33	0
92	34	0
92	35	1
92	36	0
92	37	1
92	38	0
92	39	0
92	40	1
93	1	1
93	2	0
93	3	1
93	4	0
93	5	1
93	6	0
93	7	1
93	8	0
93	9	0
93	10	0
93	11	1
93	12	0
93	13	1
93	14	1
93	15	0
93	16	1
93	17	1
93	18	1
93	19	0
93	20	0
93	21	1
93	22	1
93	23	0
93	24	0
93	25	0
93	26	0
93	27	0
93	28	1
93	29	0
93	30	0
93	31	0
93	32	1
93	33	1
93	34	0
93	35	1
93	36	0
93	37	1
93	38	0
93	39	0
93	40	1
94	1	1
94	2	1
94	3	1
94	4	0
94	5	0
94	6	0
94	7	1
94	8	1
94	9	1
94	10	0
94	11	0
94	12	0
94	13	1
94	14	1
94	15	0
94	16	0
94	17	0
94	18	0
94	19	0
94	20	1
94	21	0
94	22	1
94	23	1
94	24	1
94	25	1
94	26	1
94	27	0
94	28	1
94	29	0
94	30	1
94	31	1
94	32	0
94	33	0
94	34	1
94	35	1
94	36	1
94	37	1
94	38	1
94	39	1
94	40	1
95	1	1
95	2	1
95	3	1
95	4	1
95	5	0
95	6	1
95	7	1
95	8	1
95	9	1
95	10	1
95	11	1
95	12	1
95	13	1
95	14	1
95	15	1
95	16	1
95	17	1
95	18	1
95	19	1
95	20	1
95	21	0
95	22	1
95	23	1
95	24	1
95	25	1
95	26	1
95	27	1
95	28	1
95	29	1
95	30	1
95	31	1
95	32	0
95	33	0
95	34	1
95	35	1
95	36	1
95	37	1
95	38	1
95	39	1
95	40	1
96	1	0
96	2	0
96	3	0
96	4	1
96	5	1
96	6	1
96	7	0
96	8	0
96	9	0
96	10	1
96	11	1
96	12	1
96	13	0
96	14	0
96	15	1
96	16	1
96	17	1
96	18	1
96	19	1
96	20	0
96	21	1
96	22	0
96	23	0
96	24	0
96	25	0
96	26	0
96	27	1
96	28	0
96	29	1
96	30	0
96	31	0
96	32	1
96	33	1
96	34	0
96	35	0
96	36	0
96	37	0
96	38	0
96	39	0
96	40	0
97	1	1
97	2	0
97	3	1
97	4	0
97	5	0
97	6	0
97	7	1
97	8	0
97	9	0
97	10	0
97	11	1
97	12	0
97	13	1
97	14	1
97	15	0
97	16	1
97	17	1
97	18	1
97	19	0
97	20	0
97	21	0
97	22	1
97	23	0
97	24	0
97	25	0
97	26	0
97	27	0
97	28	1
97	29	0
97	30	0
97	31	0
97	32	0
97	33	0
97	34	0
97	35	1
97	36	0
97	37	1
97	38	0
97	39	0
97	40	1
98	1	1
98	2	0
98	3	1
98	4	0
98	5	0
98	6	0
98	7	1
98	8	0
98	9	0
98	10	0
98	11	1
98	12	0
98	13	1
98	14	1
98	15	0
98	16	1
98	17	1
98	18	1
98	19	0
98	20	0
98	21	0
98	22	1
98	23	0
98	24	0
98	25	0
98	26	0
98	27	0
98	28	1
98	29	0
98	30	0
98	31	0
98	32	0
98	33	0
98	34	0
98	35	1
98	36	0
98	37	1
98	38	0
98	39	0
98	40	1
99	1	1
99	2	0
99	3	1
99	4	1
99	5	0
99	6	1
99	7	1
99	8	0
99	9	0
99	10	1
99	11	0
99	12	1
99	13	1
99	14	1
99	15	1
99	16	0
99	17	0
99	18	0
99	19	1
99	20	0
99	21	0
99	22	1
99	23	0
99	24	0
99	25	0
99	26	0
99	27	1
99	28	1
99	29	1
99	30	0
99	31	0
99	32	0
99	33	0
99	34	0
99	35	1
99	36	0
99	37	1
99	38	0
99	39	0
99	40	1
100	1	1
100	2	1
100	3	1
100	4	1
100	5	0
100	6	1
100	7	1
100	8	0
100	9	1
100	10	1
100	11	1
100	12	0
100	13	0
100	14	0
100	15	1
100	16	1
100	17	0
100	18	1
100	19	0
100	20	0
100	21	0
100	22	1
100	23	0
100	24	1
100	25	0
100	26	1
100	27	1
100	28	1
100	29	1
100	30	0
100	31	0
100	32	0
100	33	0
100	34	0
100	35	1
100	36	0
100	37	1
100	38	0
100	39	1
100	40	0
101	1	1
101	2	1
101	3	1
101	4	1
101	5	0
101	6	1
101	7	1
101	8	1
101	9	1
101	10	1
101	11	1
101	12	1
101	13	1
101	14	1
101	15	1
101	16	1
101	17	1
101	18	1
101	19	1
101	20	1
101	21	0
101	22	1
101	23	1
101	24	1
101	25	1
101	26	1
101	27	1
101	28	1
101	29	1
101	30	1
101	31	1
101	32	0
101	33	0
101	34	1
101	35	1
101	36	1
101	37	1
101	38	1
101	39	1
101	40	1
102	1	0
102	2	1
102	3	1
102	4	1
102	5	0
102	6	1
102	7	1
102	8	1
102	9	1
102	10	0
102	11	1
102	12	0
102	13	1
102	14	0
102	15	1
102	16	1
102	17	1
102	18	1
102	19	1
102	20	0
102	21	0
102	22	1
102	23	0
102	24	0
102	25	0
102	26	1
102	27	0
102	28	1
102	29	1
102	30	1
102	31	1
102	32	0
102	33	0
102	34	1
102	35	1
102	36	1
102	37	0
102	38	1
102	39	0
102	40	1
103	1	1
103	2	1
103	3	1
103	4	1
103	5	0
103	6	1
103	7	1
103	8	1
103	9	1
103	10	1
103	11	0
103	12	1
103	13	1
103	14	1
103	15	1
103	16	0
103	17	0
103	18	0
103	19	1
103	20	1
103	21	0
103	22	1
103	23	1
103	24	1
103	25	1
103	26	1
103	27	1
103	28	1
103	29	1
103	30	1
103	31	1
103	32	0
103	33	0
103	34	1
103	35	1
103	36	1
103	37	1
103	38	1
103	39	1
103	40	1
104	1	1
104	2	0
104	3	1
104	4	1
104	5	0
104	6	1
104	7	1
104	8	1
104	9	0
104	10	1
104	11	0
104	12	1
104	13	1
104	14	1
104	15	1
104	16	0
104	17	0
104	18	0
104	19	1
104	20	1
104	21	0
104	22	1
104	23	0
104	24	0
104	25	0
104	26	0
104	27	1
104	28	1
104	29	1
104	30	1
104	31	1
104	32	0
104	33	0
104	34	1
104	35	1
104	36	1
104	37	1
104	38	1
104	39	0
104	40	1
105	1	0
105	2	1
105	3	0
105	4	0
105	5	0
105	6	0
105	7	0
105	8	1
105	9	1
105	10	0
105	11	1
105	12	0
105	13	0
105	14	0
105	15	0
105	16	1
105	17	1
105	18	1
105	19	0
105	20	1
105	21	0
105	22	0
105	23	1
105	24	1
105	25	1
105	26	1
105	27	0
105	28	0
105	29	0
105	30	1
105	31	1
105	32	0
105	33	0
105	34	1
105	35	0
105	36	1
105	37	0
105	38	1
105	39	1
105	40	0
106	1	1
106	2	1
106	3	1
106	4	1
106	5	0
106	6	1
106	7	1
106	8	1
106	9	1
106	10	1
106	11	1
106	12	1
106	13	1
106	14	1
106	15	1
106	16	1
106	17	1
106	18	1
106	19	1
106	20	1
106	21	0
106	22	1
106	23	1
106	24	1
106	25	1
106	26	1
106	27	1
106	28	1
106	29	1
106	30	1
106	31	1
106	32	0
106	33	0
106	34	1
106	35	1
106	36	1
106	37	1
106	38	1
106	39	1
106	40	1
107	1	1
107	2	0
107	3	1
107	4	1
107	5	0
107	6	1
107	7	1
107	8	1
107	9	0
107	10	1
107	11	0
107	12	1
107	13	1
107	14	1
107	15	1
107	16	0
107	17	0
107	18	0
107	19	1
107	20	1
107	21	0
107	22	1
107	23	0
107	24	0
107	25	0
107	26	0
107	27	1
107	28	1
107	29	1
107	30	1
107	31	1
107	32	0
107	33	0
107	34	1
107	35	1
107	36	1
107	37	1
107	38	1
107	39	0
107	40	1
108	1	0
108	2	1
108	3	1
108	4	1
108	5	0
108	6	1
108	7	1
108	8	0
108	9	1
108	10	0
108	11	1
108	12	0
108	13	1
108	14	0
108	15	1
108	16	1
108	17	1
108	18	1
108	19	1
108	20	0
108	21	0
108	22	1
108	23	0
108	24	0
108	25	0
108	26	1
108	27	0
108	28	1
108	29	1
108	30	0
108	31	0
108	32	0
108	33	0
108	34	0
108	35	1
108	36	0
108	37	0
108	38	0
108	39	0
108	40	1
109	1	1
109	2	1
109	3	1
109	4	1
109	5	0
109	6	1
109	7	1
109	8	1
109	9	1
109	10	1
109	11	1
109	12	1
109	13	1
109	14	1
109	15	1
109	16	1
109	17	1
109	18	1
109	19	1
109	20	1
109	21	0
109	22	1
109	23	1
109	24	1
109	25	1
109	26	1
109	27	1
109	28	1
109	29	1
109	30	1
109	31	1
109	32	0
109	33	0
109	34	1
109	35	1
109	36	1
109	37	1
109	38	1
109	39	1
109	40	1
110	1	1
110	2	0
110	3	1
110	4	0
110	5	0
110	6	0
110	7	1
110	8	0
110	9	0
110	10	0
110	11	1
110	12	0
110	13	1
110	14	1
110	15	0
110	16	1
110	17	1
110	18	1
110	19	0
110	20	0
110	21	0
110	22	1
110	23	0
110	24	0
110	25	0
110	26	0
110	27	0
110	28	1
110	29	0
110	30	0
110	31	0
110	32	0
110	33	0
110	34	0
110	35	1
110	36	0
110	37	1
110	38	0
110	39	0
110	40	1
111	1	0
111	2	0
111	3	0
111	4	1
111	5	0
111	6	1
111	7	0
111	8	0
111	9	0
111	10	1
111	11	1
111	12	0
111	13	0
111	14	0
111	15	1
111	16	1
111	17	0
111	18	1
111	19	0
111	20	0
111	21	0
111	22	0
111	23	0
111	24	0
111	25	0
111	26	0
111	27	1
111	28	0
111	29	1
111	30	0
111	31	0
111	32	0
111	33	0
111	34	0
111	35	0
111	36	0
111	37	0
111	38	0
111	39	0
111	40	0
112	1	1
112	2	1
112	3	0
112	4	0
112	5	0
112	6	1
112	7	1
112	8	1
112	9	1
112	10	0
112	11	1
112	12	1
112	13	0
112	14	1
112	15	0
112	16	1
112	17	1
112	18	1
112	19	0
112	20	0
112	21	0
112	22	0
112	23	1
112	24	1
112	25	0
112	26	0
112	27	1
112	28	1
112	29	1
112	30	0
112	31	1
112	32	0
112	33	0
112	34	1
112	35	1
112	36	1
112	37	1
112	38	1
112	39	1
112	40	1
113	1	1
113	2	1
113	3	1
113	4	1
113	5	1
113	6	1
113	7	1
113	8	1
113	9	1
113	10	1
113	11	0
113	12	1
113	13	1
113	14	1
113	15	1
113	16	0
113	17	0
113	18	0
113	19	1
113	20	1
113	21	1
113	22	1
113	23	1
113	24	1
113	25	1
113	26	1
113	27	1
113	28	1
113	29	1
113	30	1
113	31	1
113	32	1
113	33	1
113	34	1
113	35	1
113	36	1
113	37	1
113	38	1
113	39	1
113	40	1
114	1	1
114	2	1
114	3	1
114	4	1
114	5	0
114	6	1
114	7	1
114	8	1
114	9	1
114	10	1
114	11	1
114	12	1
114	13	1
114	14	1
114	15	1
114	16	1
114	17	1
114	18	1
114	19	1
114	20	1
114	21	0
114	22	1
114	23	1
114	24	1
114	25	1
114	26	1
114	27	1
114	28	1
114	29	1
114	30	1
114	31	1
114	32	0
114	33	0
114	34	1
114	35	1
114	36	1
114	37	1
114	38	1
114	39	1
114	40	1
115	1	1
115	2	0
115	3	1
115	4	1
115	5	0
115	6	1
115	7	1
115	8	1
115	9	0
115	10	1
115	11	0
115	12	1
115	13	1
115	14	1
115	15	1
115	16	0
115	17	0
115	18	0
115	19	1
115	20	1
115	21	0
115	22	1
115	23	0
115	24	0
115	25	0
115	26	0
115	27	1
115	28	1
115	29	1
115	30	1
115	31	1
115	32	0
115	33	0
115	34	1
115	35	1
115	36	1
115	37	1
115	38	1
115	39	0
115	40	1
116	1	1
116	2	1
116	3	1
116	4	1
116	5	0
116	6	1
116	7	1
116	8	1
116	9	1
116	10	1
116	11	1
116	12	1
116	13	1
116	14	1
116	15	1
116	16	1
116	17	1
116	18	1
116	19	1
116	20	1
116	21	0
116	22	1
116	23	1
116	24	1
116	25	1
116	26	1
116	27	1
116	28	1
116	29	1
116	30	1
116	31	1
116	32	0
116	33	0
116	34	1
116	35	1
116	36	1
116	37	1
116	38	1
116	39	1
116	40	1
117	1	1
117	2	1
117	3	1
117	4	1
117	5	0
117	6	1
117	7	1
117	8	1
117	9	1
117	10	1
117	11	0
117	12	1
117	13	1
117	14	1
117	15	1
117	16	0
117	17	0
117	18	0
117	19	1
117	20	1
117	21	0
117	22	1
117	23	1
117	24	1
117	25	1
117	26	1
117	27	1
117	28	1
117	29	1
117	30	1
117	31	1
117	32	0
117	33	0
117	34	1
117	35	1
117	36	1
117	37	1
117	38	1
117	39	1
117	40	1
118	1	0
118	2	0
118	3	0
118	4	1
118	5	1
118	6	1
118	7	0
118	8	1
118	9	0
118	10	0
118	11	0
118	12	1
118	13	0
118	14	1
118	15	0
118	16	0
118	17	0
118	18	0
118	19	1
118	20	0
118	21	0
118	22	1
118	23	0
118	24	0
118	25	0
118	26	0
118	27	1
118	28	1
118	29	0
118	30	1
118	31	1
118	32	1
118	33	0
118	34	1
118	35	1
118	36	1
118	37	0
118	38	1
118	39	0
118	40	1
119	1	0
119	2	1
119	3	0
119	4	0
119	5	1
119	6	0
119	7	0
119	8	1
119	9	1
119	10	0
119	11	1
119	12	0
119	13	0
119	14	0
119	15	0
119	16	1
119	17	1
119	18	1
119	19	0
119	20	1
119	21	1
119	22	0
119	23	1
119	24	1
119	25	1
119	26	1
119	27	0
119	28	0
119	29	0
119	30	1
119	31	1
119	32	1
119	33	1
119	34	1
119	35	0
119	36	1
119	37	0
119	38	1
119	39	1
119	40	0
120	1	1
120	2	1
120	3	1
120	4	0
120	5	0
120	6	0
120	7	1
120	8	1
120	9	1
120	10	0
120	11	0
120	12	0
120	13	1
120	14	1
120	15	0
120	16	0
120	17	0
120	18	0
120	19	0
120	20	1
120	21	0
120	22	1
120	23	1
120	24	1
120	25	1
120	26	1
120	27	0
120	28	1
120	29	0
120	30	1
120	31	1
120	32	0
120	33	0
120	34	1
120	35	1
120	36	1
120	37	1
120	38	1
120	39	1
120	40	1
121	1	1
121	2	1
121	3	1
121	4	1
121	5	1
121	6	1
121	7	1
121	8	0
121	9	1
121	10	1
121	11	1
121	12	1
121	13	1
121	14	1
121	15	1
121	16	1
121	17	1
121	18	1
121	19	1
121	20	0
121	21	1
121	22	1
121	23	1
121	24	1
121	25	1
121	26	1
121	27	1
121	28	1
121	29	1
121	30	0
121	31	0
121	32	1
121	33	1
121	34	0
121	35	1
121	36	0
121	37	1
121	38	0
121	39	1
121	40	1
122	1	0
122	2	1
122	3	0
122	4	0
122	5	0
122	6	0
122	7	0
122	8	1
122	9	1
122	10	0
122	11	0
122	12	0
122	13	0
122	14	1
122	15	0
122	16	0
122	17	0
122	18	0
122	19	0
122	20	0
122	21	0
122	22	1
122	23	1
122	24	1
122	25	1
122	26	0
122	27	0
122	28	1
122	29	0
122	30	1
122	31	1
122	32	0
122	33	0
122	34	1
122	35	1
122	36	1
122	37	0
122	38	1
122	39	1
122	40	1
123	1	1
123	2	1
123	3	0
123	4	0
123	5	0
123	6	1
123	7	1
123	8	1
123	9	1
123	10	0
123	11	1
123	12	1
123	13	0
123	14	1
123	15	0
123	16	1
123	17	1
123	18	1
123	19	0
123	20	0
123	21	0
123	22	0
123	23	1
123	24	1
123	25	0
123	26	0
123	27	1
123	28	1
123	29	1
123	30	0
123	31	1
123	32	0
123	33	0
123	34	1
123	35	1
123	36	1
123	37	1
123	38	1
123	39	1
123	40	1
124	1	1
124	2	0
124	3	1
124	4	1
124	5	1
124	6	1
124	7	1
124	8	1
124	9	0
124	10	1
124	11	0
124	12	1
124	13	1
124	14	1
124	15	1
124	16	0
124	17	0
124	18	0
124	19	1
124	20	1
124	21	1
124	22	1
124	23	0
124	24	0
124	25	0
124	26	0
124	27	1
124	28	1
124	29	1
124	30	1
124	31	1
124	32	1
124	33	1
124	34	1
124	35	1
124	36	1
124	37	1
124	38	1
124	39	0
124	40	1
125	1	1
125	2	1
125	3	1
125	4	0
125	5	0
125	6	0
125	7	1
125	8	1
125	9	1
125	10	0
125	11	0
125	12	0
125	13	1
125	14	1
125	15	0
125	16	0
125	17	0
125	18	0
125	19	0
125	20	1
125	21	0
125	22	1
125	23	1
125	24	1
125	25	1
125	26	1
125	27	0
125	28	1
125	29	0
125	30	1
125	31	1
125	32	0
125	33	0
125	34	1
125	35	1
125	36	1
125	37	1
125	38	1
125	39	1
125	40	1
126	1	1
126	2	1
126	3	1
126	4	1
126	5	0
126	6	1
126	7	1
126	8	1
126	9	1
126	10	1
126	11	1
126	12	1
126	13	1
126	14	1
126	15	1
126	16	1
126	17	1
126	18	1
126	19	1
126	20	1
126	21	0
126	22	1
126	23	1
126	24	1
126	25	1
126	26	1
126	27	1
126	28	1
126	29	1
126	30	1
126	31	1
126	32	0
126	33	0
126	34	1
126	35	1
126	36	1
126	37	1
126	38	1
126	39	1
126	40	1
127	1	1
127	2	0
127	3	1
127	4	1
127	5	0
127	6	1
127	7	1
127	8	0
127	9	0
127	10	1
127	11	0
127	12	1
127	13	1
127	14	1
127	15	1
127	16	0
127	17	0
127	18	0
127	19	1
127	20	0
127	21	0
127	22	1
127	23	0
127	24	0
127	25	0
127	26	0
127	27	1
127	28	1
127	29	1
127	30	0
127	31	0
127	32	0
127	33	0
127	34	0
127	35	1
127	36	0
127	37	1
127	38	0
127	39	0
127	40	1
128	1	0
128	2	0
128	3	0
128	4	1
128	5	0
128	6	1
128	7	0
128	8	0
128	9	0
128	10	1
128	11	1
128	12	1
128	13	0
128	14	0
128	15	1
128	16	1
128	17	1
128	18	1
128	19	1
128	20	0
128	21	0
128	22	0
128	23	0
128	24	0
128	25	0
128	26	0
128	27	1
128	28	0
128	29	1
128	30	0
128	31	0
128	32	0
128	33	0
128	34	0
128	35	0
128	36	0
128	37	0
128	38	0
128	39	0
128	40	0
129	1	0
129	2	1
129	3	0
129	4	0
129	5	0
129	6	0
129	7	0
129	8	1
129	9	1
129	10	0
129	11	1
129	12	0
129	13	0
129	14	0
129	15	0
129	16	1
129	17	1
129	18	1
129	19	0
129	20	1
129	21	0
129	22	0
129	23	1
129	24	1
129	25	1
129	26	1
129	27	0
129	28	0
129	29	0
129	30	1
129	31	1
129	32	0
129	33	0
129	34	1
129	35	0
129	36	1
129	37	0
129	38	1
129	39	1
129	40	0
130	1	0
130	2	1
130	3	0
130	4	0
130	5	0
130	6	0
130	7	0
130	8	1
130	9	1
130	10	0
130	11	1
130	12	0
130	13	0
130	14	0
130	15	0
130	16	1
130	17	1
130	18	1
130	19	0
130	20	1
130	21	0
130	22	0
130	23	1
130	24	1
130	25	1
130	26	1
130	27	0
130	28	0
130	29	0
130	30	1
130	31	1
130	32	0
130	33	0
130	34	1
130	35	0
130	36	1
130	37	0
130	38	1
130	39	1
130	40	0
131	1	1
131	2	1
131	3	1
131	4	1
131	5	1
131	6	1
131	7	1
131	8	1
131	9	1
131	10	1
131	11	0
131	12	1
131	13	1
131	14	1
131	15	1
131	16	0
131	17	0
131	18	0
131	19	1
131	20	1
131	21	1
131	22	1
131	23	1
131	24	1
131	25	1
131	26	1
131	27	1
131	28	1
131	29	1
131	30	1
131	31	1
131	32	1
131	33	1
131	34	1
131	35	1
131	36	1
131	37	1
131	38	1
131	39	1
131	40	1
132	1	1
132	2	1
132	3	1
132	4	1
132	5	0
132	6	1
132	7	1
132	8	1
132	9	1
132	10	1
132	11	1
132	12	1
132	13	1
132	14	1
132	15	1
132	16	1
132	17	1
132	18	1
132	19	1
132	20	1
132	21	0
132	22	1
132	23	1
132	24	1
132	25	1
132	26	1
132	27	1
132	28	1
132	29	1
132	30	1
132	31	1
132	32	0
132	33	0
132	34	1
132	35	1
132	36	1
132	37	1
132	38	1
132	39	1
132	40	1
133	1	0
133	2	1
133	3	1
133	4	1
133	5	0
133	6	1
133	7	1
133	8	1
133	9	1
133	10	0
133	11	1
133	12	0
133	13	1
133	14	0
133	15	1
133	16	1
133	17	1
133	18	1
133	19	1
133	20	0
133	21	0
133	22	1
133	23	0
133	24	0
133	25	0
133	26	1
133	27	0
133	28	1
133	29	1
133	30	1
133	31	1
133	32	0
133	33	0
133	34	1
133	35	1
133	36	1
133	37	0
133	38	1
133	39	0
133	40	1
134	1	1
134	2	1
134	3	1
134	4	1
134	5	1
134	6	1
134	7	1
134	8	1
134	9	1
134	10	1
134	11	0
134	12	1
134	13	1
134	14	1
134	15	1
134	16	0
134	17	0
134	18	0
134	19	1
134	20	1
134	21	1
134	22	1
134	23	1
134	24	1
134	25	1
134	26	1
134	27	1
134	28	1
134	29	1
134	30	1
134	31	1
134	32	1
134	33	1
134	34	1
134	35	1
134	36	1
134	37	1
134	38	1
134	39	1
134	40	1
135	1	1
135	2	0
135	3	1
135	4	1
135	5	0
135	6	1
135	7	1
135	8	0
135	9	0
135	10	1
135	11	0
135	12	1
135	13	1
135	14	1
135	15	1
135	16	0
135	17	0
135	18	0
135	19	1
135	20	0
135	21	0
135	22	1
135	23	0
135	24	0
135	25	0
135	26	0
135	27	1
135	28	1
135	29	1
135	30	0
135	31	0
135	32	0
135	33	0
135	34	0
135	35	1
135	36	0
135	37	1
135	38	0
135	39	0
135	40	1
136	1	1
136	2	1
136	3	1
136	4	1
136	5	0
136	6	1
136	7	1
136	8	1
136	9	1
136	10	1
136	11	1
136	12	1
136	13	1
136	14	1
136	15	1
136	16	1
136	17	1
136	18	1
136	19	1
136	20	1
136	21	0
136	22	1
136	23	1
136	24	1
136	25	1
136	26	1
136	27	1
136	28	1
136	29	1
136	30	1
136	31	1
136	32	0
136	33	0
136	34	1
136	35	1
136	36	1
136	37	1
136	38	1
136	39	1
136	40	1
137	1	0
137	2	0
137	3	0
137	4	1
137	5	0
137	6	1
137	7	0
137	8	1
137	9	0
137	10	0
137	11	0
137	12	1
137	13	0
137	14	1
137	15	0
137	16	0
137	17	0
137	18	0
137	19	1
137	20	0
137	21	0
137	22	1
137	23	0
137	24	0
137	25	0
137	26	0
137	27	1
137	28	1
137	29	0
137	30	1
137	31	1
137	32	0
137	33	0
137	34	1
137	35	1
137	36	1
137	37	0
137	38	1
137	39	0
137	40	1
138	1	1
138	2	1
138	3	1
138	4	0
138	5	0
138	6	0
138	7	1
138	8	1
138	9	1
138	10	0
138	11	0
138	12	0
138	13	1
138	14	1
138	15	0
138	16	0
138	17	0
138	18	0
138	19	0
138	20	1
138	21	0
138	22	1
138	23	1
138	24	1
138	25	1
138	26	1
138	27	0
138	28	1
138	29	0
138	30	1
138	31	1
138	32	0
138	33	0
138	34	1
138	35	1
138	36	1
138	37	1
138	38	1
138	39	1
138	40	1
139	1	0
139	2	0
139	3	0
139	4	1
139	5	0
139	6	1
139	7	0
139	8	0
139	9	0
139	10	1
139	11	1
139	12	1
139	13	0
139	14	0
139	15	1
139	16	1
139	17	1
139	18	1
139	19	1
139	20	0
139	21	0
139	22	0
139	23	0
139	24	0
139	25	0
139	26	0
139	27	1
139	28	0
139	29	1
139	30	0
139	31	0
139	32	0
139	33	0
139	34	0
139	35	0
139	36	0
139	37	0
139	38	0
139	39	0
139	40	0
140	1	1
140	2	1
140	3	1
140	4	1
140	5	0
140	6	1
140	7	1
140	8	1
140	9	1
140	10	1
140	11	1
140	12	0
140	13	0
140	14	0
140	15	1
140	16	1
140	17	0
140	18	1
140	19	0
140	20	1
140	21	0
140	22	1
140	23	0
140	24	1
140	25	0
140	26	1
140	27	1
140	28	1
140	29	1
140	30	1
140	31	1
140	32	0
140	33	0
140	34	0
140	35	1
140	36	1
140	37	1
140	38	0
140	39	1
140	40	0
141	1	0
141	2	1
141	3	0
141	4	0
141	5	1
141	6	0
141	7	0
141	8	1
141	9	1
141	10	0
141	11	1
141	12	0
141	13	0
141	14	0
141	15	0
141	16	1
141	17	1
141	18	1
141	19	0
141	20	1
141	21	1
141	22	0
141	23	1
141	24	1
141	25	1
141	26	1
141	27	0
141	28	0
141	29	0
141	30	1
141	31	1
141	32	1
141	33	1
141	34	1
141	35	0
141	36	1
141	37	0
141	38	1
141	39	1
141	40	0
142	1	0
142	2	1
142	3	0
142	4	0
142	5	1
142	6	0
142	7	0
142	8	1
142	9	1
142	10	0
142	11	1
142	12	0
142	13	0
142	14	0
142	15	0
142	16	1
142	17	1
142	18	1
142	19	0
142	20	1
142	21	1
142	22	0
142	23	1
142	24	1
142	25	1
142	26	1
142	27	0
142	28	0
142	29	0
142	30	1
142	31	1
142	32	1
142	33	1
142	34	1
142	35	0
142	36	1
142	37	0
142	38	1
142	39	1
142	40	0
143	1	1
143	2	1
143	3	1
143	4	1
143	5	0
143	6	1
143	7	1
143	8	1
143	9	1
143	10	1
143	11	0
143	12	1
143	13	1
143	14	1
143	15	1
143	16	0
143	17	0
143	18	0
143	19	1
143	20	1
143	21	0
143	22	1
143	23	1
143	24	1
143	25	1
143	26	1
143	27	1
143	28	1
143	29	1
143	30	1
143	31	1
143	32	0
143	33	0
143	34	1
143	35	1
143	36	1
143	37	1
143	38	1
143	39	1
143	40	1
144	1	0
144	2	0
144	3	0
144	4	1
144	5	1
144	6	1
144	7	0
144	8	0
144	9	0
144	10	1
144	11	1
144	12	1
144	13	0
144	14	0
144	15	1
144	16	1
144	17	1
144	18	1
144	19	1
144	20	0
144	21	1
144	22	0
144	23	0
144	24	0
144	25	0
144	26	0
144	27	1
144	28	0
144	29	1
144	30	0
144	31	0
144	32	1
144	33	1
144	34	0
144	35	0
144	36	0
144	37	0
144	38	0
144	39	0
144	40	0
145	1	1
145	2	0
145	3	1
145	4	1
145	5	0
145	6	1
145	7	1
145	8	1
145	9	0
145	10	1
145	11	0
145	12	1
145	13	1
145	14	1
145	15	1
145	16	0
145	17	0
145	18	0
145	19	1
145	20	1
145	21	0
145	22	1
145	23	0
145	24	0
145	25	0
145	26	0
145	27	1
145	28	1
145	29	1
145	30	1
145	31	1
145	32	0
145	33	0
145	34	1
145	35	1
145	36	1
145	37	1
145	38	1
145	39	0
145	40	1
146	1	1
146	2	0
146	3	1
146	4	1
146	5	0
146	6	1
146	7	1
146	8	0
146	9	0
146	10	1
146	11	0
146	12	1
146	13	1
146	14	1
146	15	1
146	16	0
146	17	0
146	18	0
146	19	1
146	20	0
146	21	0
146	22	1
146	23	0
146	24	0
146	25	0
146	26	0
146	27	1
146	28	1
146	29	1
146	30	0
146	31	0
146	32	0
146	33	0
146	34	0
146	35	1
146	36	0
146	37	1
146	38	0
146	39	0
146	40	1
147	1	1
147	2	0
147	3	1
147	4	1
147	5	0
147	6	1
147	7	1
147	8	1
147	9	0
147	10	1
147	11	0
147	12	1
147	13	1
147	14	1
147	15	1
147	16	0
147	17	0
147	18	0
147	19	1
147	20	1
147	21	0
147	22	1
147	23	0
147	24	0
147	25	0
147	26	0
147	27	1
147	28	1
147	29	1
147	30	1
147	31	1
147	32	0
147	33	0
147	34	1
147	35	1
147	36	1
147	37	1
147	38	1
147	39	0
147	40	1
148	1	0
148	2	0
148	3	0
148	4	1
148	5	1
148	6	1
148	7	0
148	8	0
148	9	0
148	10	1
148	11	1
148	12	1
148	13	0
148	14	0
148	15	1
148	16	1
148	17	1
148	18	1
148	19	1
148	20	0
148	21	1
148	22	0
148	23	0
148	24	0
148	25	0
148	26	0
148	27	1
148	28	0
148	29	1
148	30	0
148	31	0
148	32	1
148	33	1
148	34	0
148	35	0
148	36	0
148	37	0
148	38	0
148	39	0
148	40	0
149	1	1
149	2	0
149	3	1
149	4	1
149	5	0
149	6	1
149	7	1
149	8	0
149	9	0
149	10	1
149	11	0
149	12	1
149	13	1
149	14	1
149	15	1
149	16	0
149	17	0
149	18	0
149	19	1
149	20	0
149	21	0
149	22	1
149	23	0
149	24	0
149	25	0
149	26	0
149	27	1
149	28	1
149	29	1
149	30	0
149	31	0
149	32	0
149	33	0
149	34	0
149	35	1
149	36	0
149	37	1
149	38	0
149	39	0
149	40	1
150	1	1
150	2	1
150	3	1
150	4	0
150	5	0
150	6	0
150	7	1
150	8	1
150	9	1
150	10	0
150	11	0
150	12	0
150	13	1
150	14	1
150	15	0
150	16	0
150	17	0
150	18	0
150	19	0
150	20	1
150	21	0
150	22	1
150	23	1
150	24	1
150	25	1
150	26	1
150	27	0
150	28	1
150	29	0
150	30	1
150	31	1
150	32	0
150	33	0
150	34	1
150	35	1
150	36	1
150	37	1
150	38	1
150	39	1
150	40	1
151	1	0
151	2	0
151	3	0
151	4	1
151	5	1
151	6	1
151	7	0
151	8	0
151	9	0
151	10	1
151	11	1
151	12	1
151	13	0
151	14	0
151	15	1
151	16	1
151	17	1
151	18	1
151	19	1
151	20	0
151	21	1
151	22	0
151	23	0
151	24	0
151	25	0
151	26	0
151	27	1
151	28	0
151	29	1
151	30	0
151	31	0
151	32	1
151	33	1
151	34	0
151	35	0
151	36	0
151	37	0
151	38	0
151	39	0
151	40	0
152	1	1
152	2	1
152	3	1
152	4	1
152	5	0
152	6	1
152	7	1
152	8	1
152	9	1
152	10	1
152	11	1
152	12	1
152	13	1
152	14	1
152	15	1
152	16	1
152	17	1
152	18	1
152	19	1
152	20	1
152	21	0
152	22	1
152	23	1
152	24	1
152	25	1
152	26	1
152	27	1
152	28	1
152	29	1
152	30	1
152	31	1
152	32	0
152	33	0
152	34	1
152	35	1
152	36	1
152	37	1
152	38	1
152	39	1
152	40	1
153	1	1
153	2	1
153	3	1
153	4	1
153	5	0
153	6	1
153	7	1
153	8	1
153	9	1
153	10	1
153	11	0
153	12	1
153	13	1
153	14	1
153	15	1
153	16	0
153	17	0
153	18	0
153	19	1
153	20	1
153	21	0
153	22	1
153	23	1
153	24	1
153	25	1
153	26	1
153	27	1
153	28	1
153	29	1
153	30	1
153	31	1
153	32	0
153	33	0
153	34	1
153	35	1
153	36	1
153	37	1
153	38	1
153	39	1
153	40	1
154	1	0
154	2	1
154	3	0
154	4	0
154	5	0
154	6	0
154	7	0
154	8	1
154	9	1
154	10	0
154	11	1
154	12	0
154	13	0
154	14	0
154	15	0
154	16	1
154	17	1
154	18	1
154	19	0
154	20	1
154	21	0
154	22	0
154	23	1
154	24	1
154	25	1
154	26	1
154	27	0
154	28	0
154	29	0
154	30	1
154	31	1
154	32	0
154	33	0
154	34	1
154	35	0
154	36	1
154	37	0
154	38	1
154	39	1
154	40	0
155	1	1
155	2	1
155	3	1
155	4	1
155	5	0
155	6	1
155	7	1
155	8	1
155	9	1
155	10	1
155	11	1
155	12	1
155	13	1
155	14	1
155	15	1
155	16	1
155	17	1
155	18	1
155	19	1
155	20	1
155	21	0
155	22	1
155	23	1
155	24	1
155	25	1
155	26	1
155	27	1
155	28	1
155	29	1
155	30	1
155	31	1
155	32	0
155	33	0
155	34	1
155	35	1
155	36	1
155	37	1
155	38	1
155	39	1
155	40	1
156	1	0
156	2	1
156	3	0
156	4	0
156	5	0
156	6	0
156	7	0
156	8	1
156	9	1
156	10	0
156	11	1
156	12	0
156	13	0
156	14	0
156	15	0
156	16	1
156	17	1
156	18	1
156	19	0
156	20	1
156	21	0
156	22	0
156	23	1
156	24	1
156	25	1
156	26	1
156	27	0
156	28	0
156	29	0
156	30	1
156	31	1
156	32	0
156	33	0
156	34	1
156	35	0
156	36	1
156	37	0
156	38	1
156	39	1
156	40	0
157	1	1
157	2	1
157	3	1
157	4	0
157	5	0
157	6	0
157	7	1
157	8	1
157	9	1
157	10	0
157	11	0
157	12	0
157	13	1
157	14	1
157	15	0
157	16	0
157	17	0
157	18	0
157	19	0
157	20	1
157	21	0
157	22	1
157	23	1
157	24	1
157	25	1
157	26	1
157	27	0
157	28	1
157	29	0
157	30	1
157	31	1
157	32	0
157	33	0
157	34	1
157	35	1
157	36	1
157	37	1
157	38	1
157	39	1
157	40	1
158	1	0
158	2	0
158	3	0
158	4	1
158	5	1
158	6	1
158	7	0
158	8	0
158	9	0
158	10	0
158	11	1
158	12	0
158	13	0
158	14	0
158	15	0
158	16	1
158	17	0
158	18	1
158	19	0
158	20	0
158	21	1
158	22	0
158	23	0
158	24	0
158	25	0
158	26	0
158	27	0
158	28	0
158	29	1
158	30	0
158	31	0
158	32	1
158	33	0
158	34	0
158	35	0
158	36	0
158	37	0
158	38	0
158	39	0
158	40	0
159	1	0
159	2	1
159	3	0
159	4	1
159	5	0
159	6	1
159	7	0
159	8	1
159	9	1
159	10	0
159	11	0
159	12	1
159	13	0
159	14	1
159	15	0
159	16	1
159	17	0
159	18	0
159	19	1
159	20	0
159	21	0
159	22	1
159	23	1
159	24	1
159	25	1
159	26	0
159	27	1
159	28	1
159	29	0
159	30	1
159	31	1
159	32	0
159	33	0
159	34	1
159	35	1
159	36	1
159	37	0
159	38	1
159	39	1
159	40	1
160	1	1
160	2	1
160	3	1
160	4	0
160	5	0
160	6	0
160	7	1
160	8	1
160	9	1
160	10	0
160	11	0
160	12	0
160	13	1
160	14	1
160	15	0
160	16	0
160	17	0
160	18	0
160	19	0
160	20	1
160	21	0
160	22	1
160	23	1
160	24	1
160	25	1
160	26	1
160	27	0
160	28	1
160	29	0
160	30	1
160	31	1
160	32	0
160	33	0
160	34	1
160	35	1
160	36	1
160	37	1
160	38	1
160	39	1
160	40	1
161	1	1
161	2	1
161	3	1
161	4	0
161	5	0
161	6	0
161	7	1
161	8	1
161	9	1
161	10	0
161	11	0
161	12	0
161	13	0
161	14	0
161	15	0
161	16	0
161	17	0
161	18	0
161	19	0
161	20	1
161	21	0
161	22	1
161	23	0
161	24	1
161	25	0
161	26	1
161	27	0
161	28	1
161	29	0
161	30	1
161	31	1
161	32	0
161	33	0
161	34	0
161	35	1
161	36	1
161	37	1
161	38	0
161	39	1
161	40	0
162	1	0
162	2	1
162	3	1
162	4	1
162	5	0
162	6	1
162	7	1
162	8	1
162	9	1
162	10	0
162	11	1
162	12	0
162	13	1
162	14	0
162	15	1
162	16	1
162	17	1
162	18	1
162	19	1
162	20	0
162	21	0
162	22	1
162	23	0
162	24	0
162	25	0
162	26	1
162	27	0
162	28	1
162	29	1
162	30	1
162	31	1
162	32	0
162	33	0
162	34	1
162	35	1
162	36	1
162	37	0
162	38	1
162	39	0
162	40	1
163	1	0
163	2	1
163	3	0
163	4	0
163	5	0
163	6	0
163	7	0
163	8	1
163	9	1
163	10	0
163	11	0
163	12	0
163	13	0
163	14	0
163	15	0
163	16	1
163	17	0
163	18	0
163	19	0
163	20	0
163	21	0
163	22	0
163	23	1
163	24	1
163	25	1
163	26	0
163	27	0
163	28	0
163	29	0
163	30	1
163	31	1
163	32	0
163	33	0
163	34	1
163	35	0
163	36	1
163	37	0
163	38	1
163	39	1
163	40	0
164	1	0
164	2	0
164	3	0
164	4	1
164	5	0
164	6	1
164	7	0
164	8	0
164	9	0
164	10	1
164	11	1
164	12	1
164	13	0
164	14	0
164	15	1
164	16	1
164	17	1
164	18	1
164	19	1
164	20	0
164	21	0
164	22	0
164	23	0
164	24	0
164	25	0
164	26	0
164	27	1
164	28	0
164	29	1
164	30	0
164	31	0
164	32	0
164	33	0
164	34	0
164	35	0
164	36	0
164	37	0
164	38	0
164	39	0
164	40	0
165	1	1
165	2	1
165	3	1
165	4	1
165	5	0
165	6	1
165	7	1
165	8	1
165	9	1
165	10	1
165	11	1
165	12	1
165	13	1
165	14	1
165	15	1
165	16	1
165	17	1
165	18	1
165	19	1
165	20	1
165	21	0
165	22	1
165	23	1
165	24	1
165	25	1
165	26	1
165	27	1
165	28	1
165	29	1
165	30	1
165	31	1
165	32	0
165	33	0
165	34	1
165	35	1
165	36	1
165	37	1
165	38	1
165	39	1
165	40	1
166	1	1
166	2	0
166	3	1
166	4	1
166	5	0
166	6	1
166	7	1
166	8	0
166	9	0
166	10	1
166	11	0
166	12	1
166	13	1
166	14	1
166	15	1
166	16	0
166	17	0
166	18	0
166	19	1
166	20	0
166	21	0
166	22	1
166	23	0
166	24	0
166	25	0
166	26	0
166	27	1
166	28	1
166	29	1
166	30	0
166	31	0
166	32	0
166	33	0
166	34	0
166	35	1
166	36	0
166	37	1
166	38	0
166	39	0
166	40	1
167	1	1
167	2	1
167	3	1
167	4	1
167	5	0
167	6	1
167	7	1
167	8	0
167	9	1
167	10	1
167	11	1
167	12	1
167	13	1
167	14	1
167	15	1
167	16	1
167	17	1
167	18	1
167	19	1
167	20	0
167	21	0
167	22	1
167	23	1
167	24	1
167	25	1
167	26	1
167	27	1
167	28	1
167	29	1
167	30	0
167	31	0
167	32	0
167	33	0
167	34	0
167	35	1
167	36	0
167	37	1
167	38	0
167	39	1
167	40	1
168	1	1
168	2	1
168	3	1
168	4	1
168	5	0
168	6	1
168	7	1
168	8	1
168	9	1
168	10	1
168	11	0
168	12	1
168	13	1
168	14	1
168	15	1
168	16	0
168	17	0
168	18	0
168	19	1
168	20	1
168	21	0
168	22	1
168	23	1
168	24	1
168	25	1
168	26	1
168	27	1
168	28	1
168	29	1
168	30	1
168	31	1
168	32	0
168	33	0
168	34	1
168	35	1
168	36	1
168	37	1
168	38	1
168	39	1
168	40	1
169	1	1
169	2	1
169	3	1
169	4	0
169	5	0
169	6	0
169	7	1
169	8	1
169	9	1
169	10	0
169	11	0
169	12	0
169	13	1
169	14	1
169	15	0
169	16	0
169	17	0
169	18	0
169	19	0
169	20	1
169	21	0
169	22	1
169	23	1
169	24	1
169	25	1
169	26	1
169	27	0
169	28	1
169	29	0
169	30	1
169	31	1
169	32	0
169	33	0
169	34	1
169	35	1
169	36	1
169	37	1
169	38	1
169	39	1
169	40	1
170	1	1
170	2	1
170	3	0
170	4	1
170	5	0
170	6	1
170	7	1
170	8	1
170	9	1
170	10	1
170	11	0
170	12	0
170	13	1
170	14	1
170	15	0
170	16	0
170	17	0
170	18	0
170	19	0
170	20	1
170	21	0
170	22	1
170	23	0
170	24	1
170	25	1
170	26	0
170	27	0
170	28	1
170	29	1
170	30	0
170	31	0
170	32	0
170	33	0
170	34	1
170	35	1
170	36	1
170	37	0
170	38	1
170	39	1
170	40	1
171	1	1
171	2	1
171	3	1
171	4	0
171	5	0
171	6	0
171	7	1
171	8	1
171	9	1
171	10	0
171	11	0
171	12	0
171	13	1
171	14	1
171	15	0
171	16	0
171	17	0
171	18	0
171	19	0
171	20	1
171	21	0
171	22	1
171	23	1
171	24	1
171	25	1
171	26	1
171	27	0
171	28	1
171	29	0
171	30	1
171	31	1
171	32	0
171	33	0
171	34	1
171	35	1
171	36	1
171	37	1
171	38	1
171	39	1
171	40	1
172	1	1
172	2	0
172	3	1
172	4	1
172	5	0
172	6	1
172	7	1
172	8	1
172	9	0
172	10	1
172	11	0
172	12	1
172	13	1
172	14	1
172	15	1
172	16	0
172	17	0
172	18	0
172	19	1
172	20	1
172	21	0
172	22	1
172	23	0
172	24	0
172	25	0
172	26	0
172	27	1
172	28	1
172	29	1
172	30	1
172	31	1
172	32	0
172	33	0
172	34	1
172	35	1
172	36	1
172	37	1
172	38	1
172	39	0
172	40	1
173	1	1
173	2	1
173	3	0
173	4	1
173	5	0
173	6	1
173	7	1
173	8	1
173	9	1
173	10	1
173	11	0
173	12	0
173	13	1
173	14	1
173	15	0
173	16	0
173	17	0
173	18	0
173	19	0
173	20	1
173	21	0
173	22	1
173	23	0
173	24	1
173	25	1
173	26	0
173	27	0
173	28	1
173	29	1
173	30	0
173	31	0
173	32	0
173	33	0
173	34	1
173	35	1
173	36	1
173	37	0
173	38	1
173	39	1
173	40	1
174	1	1
174	2	0
174	3	1
174	4	1
174	5	0
174	6	1
174	7	1
174	8	0
174	9	0
174	10	1
174	11	0
174	12	1
174	13	1
174	14	1
174	15	1
174	16	0
174	17	0
174	18	0
174	19	1
174	20	0
174	21	0
174	22	1
174	23	0
174	24	0
174	25	0
174	26	0
174	27	1
174	28	1
174	29	1
174	30	0
174	31	0
174	32	0
174	33	0
174	34	0
174	35	1
174	36	0
174	37	1
174	38	0
174	39	0
174	40	1
175	1	0
175	2	1
175	3	0
175	4	0
175	5	0
175	6	0
175	7	0
175	8	1
175	9	1
175	10	0
175	11	1
175	12	0
175	13	0
175	14	0
175	15	0
175	16	1
175	17	1
175	18	1
175	19	0
175	20	1
175	21	0
175	22	0
175	23	1
175	24	1
175	25	1
175	26	1
175	27	0
175	28	0
175	29	0
175	30	1
175	31	1
175	32	0
175	33	0
175	34	1
175	35	0
175	36	1
175	37	0
175	38	1
175	39	1
175	40	0
176	1	1
176	2	1
176	3	1
176	4	1
176	5	0
176	6	1
176	7	1
176	8	1
176	9	1
176	10	1
176	11	0
176	12	1
176	13	1
176	14	1
176	15	1
176	16	0
176	17	0
176	18	0
176	19	1
176	20	1
176	21	0
176	22	1
176	23	1
176	24	1
176	25	1
176	26	1
176	27	1
176	28	1
176	29	1
176	30	1
176	31	1
176	32	0
176	33	0
176	34	1
176	35	1
176	36	1
176	37	1
176	38	1
176	39	1
176	40	1
177	1	1
177	2	1
177	3	1
177	4	1
177	5	0
177	6	1
177	7	1
177	8	1
177	9	1
177	10	1
177	11	1
177	12	1
177	13	1
177	14	1
177	15	1
177	16	1
177	17	1
177	18	1
177	19	1
177	20	1
177	21	0
177	22	1
177	23	1
177	24	1
177	25	1
177	26	1
177	27	1
177	28	1
177	29	1
177	30	1
177	31	1
177	32	0
177	33	0
177	34	1
177	35	1
177	36	1
177	37	1
177	38	1
177	39	1
177	40	1
178	1	1
178	2	1
178	3	1
178	4	1
178	5	0
178	6	1
178	7	1
178	8	1
178	9	1
178	10	1
178	11	1
178	12	1
178	13	1
178	14	1
178	15	1
178	16	1
178	17	1
178	18	1
178	19	1
178	20	1
178	21	0
178	22	1
178	23	1
178	24	1
178	25	1
178	26	1
178	27	1
178	28	1
178	29	1
178	30	1
178	31	1
178	32	0
178	33	0
178	34	1
178	35	1
178	36	1
178	37	1
178	38	1
178	39	1
178	40	1
179	1	1
179	2	1
179	3	1
179	4	1
179	5	0
179	6	1
179	7	1
179	8	0
179	9	1
179	10	1
179	11	1
179	12	0
179	13	0
179	14	0
179	15	1
179	16	1
179	17	0
179	18	1
179	19	0
179	20	0
179	21	0
179	22	1
179	23	0
179	24	1
179	25	0
179	26	1
179	27	1
179	28	1
179	29	1
179	30	0
179	31	0
179	32	0
179	33	0
179	34	0
179	35	1
179	36	0
179	37	1
179	38	0
179	39	1
179	40	0
180	1	1
180	2	1
180	3	1
180	4	1
180	5	0
180	6	1
180	7	1
180	8	1
180	9	1
180	10	1
180	11	1
180	12	1
180	13	1
180	14	1
180	15	1
180	16	1
180	17	1
180	18	1
180	19	1
180	20	1
180	21	0
180	22	1
180	23	1
180	24	1
180	25	1
180	26	1
180	27	1
180	28	1
180	29	1
180	30	1
180	31	1
180	32	0
180	33	0
180	34	1
180	35	1
180	36	1
180	37	1
180	38	1
180	39	1
180	40	1
181	1	1
181	2	1
181	3	1
181	4	0
181	5	0
181	6	0
181	7	1
181	8	1
181	9	1
181	10	0
181	11	0
181	12	0
181	13	1
181	14	1
181	15	0
181	16	0
181	17	0
181	18	0
181	19	0
181	20	1
181	21	0
181	22	1
181	23	1
181	24	1
181	25	1
181	26	1
181	27	0
181	28	1
181	29	0
181	30	1
181	31	1
181	32	0
181	33	0
181	34	1
181	35	1
181	36	1
181	37	1
181	38	1
181	39	1
181	40	1
182	1	0
182	2	1
182	3	0
182	4	0
182	5	0
182	6	0
182	7	0
182	8	1
182	9	1
182	10	0
182	11	1
182	12	0
182	13	0
182	14	0
182	15	0
182	16	1
182	17	1
182	18	1
182	19	0
182	20	1
182	21	0
182	22	0
182	23	1
182	24	1
182	25	1
182	26	1
182	27	0
182	28	0
182	29	0
182	30	1
182	31	1
182	32	0
182	33	0
182	34	1
182	35	0
182	36	1
182	37	0
182	38	1
182	39	1
182	40	0
183	1	1
183	2	0
183	3	1
183	4	0
183	5	0
183	6	0
183	7	1
183	8	0
183	9	0
183	10	0
183	11	1
183	12	0
183	13	1
183	14	1
183	15	0
183	16	1
183	17	1
183	18	1
183	19	0
183	20	0
183	21	0
183	22	1
183	23	0
183	24	0
183	25	0
183	26	0
183	27	0
183	28	1
183	29	0
183	30	0
183	31	0
183	32	0
183	33	0
183	34	0
183	35	1
183	36	0
183	37	1
183	38	0
183	39	0
183	40	1
184	1	0
184	2	0
184	3	0
184	4	1
184	5	1
184	6	1
184	7	0
184	8	0
184	9	0
184	10	1
184	11	1
184	12	1
184	13	0
184	14	0
184	15	1
184	16	1
184	17	1
184	18	1
184	19	1
184	20	0
184	21	1
184	22	0
184	23	0
184	24	0
184	25	0
184	26	0
184	27	1
184	28	0
184	29	1
184	30	0
184	31	0
184	32	1
184	33	1
184	34	0
184	35	0
184	36	0
184	37	0
184	38	0
184	39	0
184	40	0
185	1	0
185	2	0
185	3	0
185	4	1
185	5	0
185	6	1
185	7	0
185	8	0
185	9	0
185	10	1
185	11	1
185	12	1
185	13	0
185	14	0
185	15	1
185	16	1
185	17	1
185	18	1
185	19	1
185	20	0
185	21	0
185	22	0
185	23	0
185	24	0
185	25	0
185	26	0
185	27	1
185	28	0
185	29	1
185	30	0
185	31	0
185	32	0
185	33	0
185	34	0
185	35	0
185	36	0
185	37	0
185	38	0
185	39	0
185	40	0
186	1	1
186	2	1
186	3	1
186	4	1
186	5	0
186	6	1
186	7	1
186	8	1
186	9	1
186	10	1
186	11	1
186	12	1
186	13	1
186	14	1
186	15	1
186	16	1
186	17	1
186	18	1
186	19	1
186	20	1
186	21	0
186	22	1
186	23	1
186	24	1
186	25	1
186	26	1
186	27	1
186	28	1
186	29	1
186	30	1
186	31	1
186	32	0
186	33	0
186	34	1
186	35	1
186	36	1
186	37	1
186	38	1
186	39	1
186	40	1
187	1	0
187	2	0
187	3	0
187	4	1
187	5	0
187	6	1
187	7	0
187	8	0
187	9	0
187	10	0
187	11	1
187	12	0
187	13	0
187	14	0
187	15	1
187	16	1
187	17	1
187	18	1
187	19	1
187	20	0
187	21	0
187	22	0
187	23	0
187	24	0
187	25	0
187	26	0
187	27	0
187	28	0
187	29	1
187	30	0
187	31	0
187	32	0
187	33	0
187	34	0
187	35	0
187	36	0
187	37	0
187	38	0
187	39	0
187	40	0
188	1	1
188	2	1
188	3	1
188	4	1
188	5	0
188	6	1
188	7	1
188	8	1
188	9	1
188	10	1
188	11	1
188	12	1
188	13	1
188	14	1
188	15	1
188	16	1
188	17	1
188	18	1
188	19	1
188	20	1
188	21	0
188	22	1
188	23	1
188	24	1
188	25	1
188	26	1
188	27	1
188	28	1
188	29	1
188	30	1
188	31	1
188	32	0
188	33	0
188	34	1
188	35	1
188	36	1
188	37	1
188	38	1
188	39	1
188	40	1
189	1	1
189	2	1
189	3	1
189	4	0
189	5	0
189	6	0
189	7	1
189	8	1
189	9	1
189	10	0
189	11	0
189	12	0
189	13	1
189	14	1
189	15	0
189	16	0
189	17	0
189	18	0
189	19	0
189	20	1
189	21	0
189	22	1
189	23	1
189	24	1
189	25	1
189	26	1
189	27	0
189	28	1
189	29	0
189	30	1
189	31	1
189	32	0
189	33	0
189	34	1
189	35	1
189	36	1
189	37	1
189	38	1
189	39	1
189	40	1
190	1	0
190	2	1
190	3	0
190	4	1
190	5	0
190	6	1
190	7	0
190	8	1
190	9	1
190	10	0
190	11	0
190	12	1
190	13	0
190	14	1
190	15	0
190	16	1
190	17	0
190	18	0
190	19	1
190	20	0
190	21	0
190	22	1
190	23	1
190	24	1
190	25	1
190	26	0
190	27	1
190	28	1
190	29	0
190	30	1
190	31	1
190	32	0
190	33	0
190	34	1
190	35	1
190	36	1
190	37	0
190	38	1
190	39	1
190	40	1
191	1	1
191	2	0
191	3	1
191	4	0
191	5	1
191	6	0
191	7	1
191	8	0
191	9	0
191	10	0
191	11	1
191	12	0
191	13	1
191	14	1
191	15	0
191	16	1
191	17	1
191	18	1
191	19	0
191	20	0
191	21	1
191	22	1
191	23	0
191	24	0
191	25	0
191	26	0
191	27	0
191	28	1
191	29	0
191	30	0
191	31	0
191	32	1
191	33	1
191	34	0
191	35	1
191	36	0
191	37	1
191	38	0
191	39	0
191	40	1
192	1	1
192	2	1
192	3	1
192	4	1
192	5	1
192	6	1
192	7	1
192	8	1
192	9	1
192	10	1
192	11	0
192	12	1
192	13	1
192	14	1
192	15	1
192	16	0
192	17	0
192	18	0
192	19	1
192	20	1
192	21	1
192	22	1
192	23	1
192	24	1
192	25	1
192	26	1
192	27	1
192	28	1
192	29	1
192	30	1
192	31	1
192	32	1
192	33	1
192	34	1
192	35	1
192	36	1
192	37	1
192	38	1
192	39	1
192	40	1
193	1	0
193	2	0
193	3	0
193	4	1
193	5	1
193	6	1
193	7	0
193	8	0
193	9	0
193	10	1
193	11	1
193	12	1
193	13	0
193	14	0
193	15	1
193	16	1
193	17	1
193	18	1
193	19	1
193	20	0
193	21	1
193	22	0
193	23	0
193	24	0
193	25	0
193	26	0
193	27	1
193	28	0
193	29	1
193	30	0
193	31	0
193	32	1
193	33	1
193	34	0
193	35	0
193	36	0
193	37	0
193	38	0
193	39	0
193	40	0
194	1	1
194	2	1
194	3	1
194	4	1
194	5	0
194	6	1
194	7	1
194	8	0
194	9	1
194	10	1
194	11	1
194	12	1
194	13	1
194	14	1
194	15	1
194	16	1
194	17	1
194	18	1
194	19	1
194	20	0
194	21	0
194	22	1
194	23	1
194	24	1
194	25	1
194	26	1
194	27	1
194	28	1
194	29	1
194	30	0
194	31	0
194	32	0
194	33	0
194	34	0
194	35	1
194	36	0
194	37	1
194	38	0
194	39	1
194	40	1
195	1	0
195	2	0
195	3	0
195	4	1
195	5	0
195	6	1
195	7	0
195	8	0
195	9	0
195	10	0
195	11	1
195	12	0
195	13	0
195	14	0
195	15	1
195	16	1
195	17	1
195	18	1
195	19	1
195	20	0
195	21	0
195	22	0
195	23	0
195	24	0
195	25	0
195	26	0
195	27	0
195	28	0
195	29	1
195	30	0
195	31	0
195	32	0
195	33	0
195	34	0
195	35	0
195	36	0
195	37	0
195	38	0
195	39	0
195	40	0
196	1	0
196	2	0
196	3	0
196	4	1
196	5	0
196	6	1
196	7	0
196	8	0
196	9	0
196	10	0
196	11	0
196	12	1
196	13	0
196	14	1
196	15	0
196	16	0
196	17	0
196	18	0
196	19	1
196	20	0
196	21	0
196	22	1
196	23	0
196	24	0
196	25	0
196	26	0
196	27	1
196	28	1
196	29	0
196	30	0
196	31	0
196	32	0
196	33	0
196	34	0
196	35	1
196	36	0
196	37	0
196	38	0
196	39	0
196	40	1
197	1	1
197	2	1
197	3	1
197	4	1
197	5	0
197	6	1
197	7	1
197	8	1
197	9	1
197	10	1
197	11	0
197	12	1
197	13	1
197	14	1
197	15	1
197	16	0
197	17	0
197	18	0
197	19	1
197	20	1
197	21	0
197	22	1
197	23	1
197	24	1
197	25	1
197	26	1
197	27	1
197	28	1
197	29	1
197	30	1
197	31	1
197	32	0
197	33	0
197	34	1
197	35	1
197	36	1
197	37	1
197	38	1
197	39	1
197	40	1
198	1	0
198	2	1
198	3	0
198	4	0
198	5	0
198	6	0
198	7	0
198	8	1
198	9	1
198	10	0
198	11	1
198	12	0
198	13	0
198	14	0
198	15	0
198	16	1
198	17	1
198	18	1
198	19	0
198	20	1
198	21	0
198	22	0
198	23	1
198	24	1
198	25	1
198	26	1
198	27	0
198	28	0
198	29	0
198	30	1
198	31	1
198	32	0
198	33	0
198	34	1
198	35	0
198	36	1
198	37	0
198	38	1
198	39	1
198	40	0
199	1	1
199	2	1
199	3	1
199	4	1
199	5	0
199	6	1
199	7	1
199	8	1
199	9	1
199	10	1
199	11	1
199	12	1
199	13	1
199	14	1
199	15	1
199	16	1
199	17	1
199	18	1
199	19	1
199	20	1
199	21	0
199	22	1
199	23	1
199	24	1
199	25	1
199	26	1
199	27	1
199	28	1
199	29	1
199	30	1
199	31	1
199	32	0
199	33	0
199	34	1
199	35	1
199	36	1
199	37	1
199	38	1
199	39	1
199	40	1
200	1	1
200	2	0
200	3	1
200	4	0
200	5	1
200	6	0
200	7	1
200	8	0
200	9	0
200	10	0
200	11	1
200	12	0
200	13	1
200	14	1
200	15	0
200	16	1
200	17	1
200	18	1
200	19	0
200	20	0
200	21	1
200	22	1
200	23	0
200	24	0
200	25	0
200	26	0
200	27	0
200	28	1
200	29	0
200	30	0
200	31	0
200	32	1
200	33	1
200	34	0
200	35	1
200	36	0
200	37	1
200	38	0
200	39	0
200	40	1
201	1	1
201	2	1
201	3	1
201	4	0
201	5	0
201	6	0
201	7	1
201	8	1
201	9	1
201	10	0
201	11	0
201	12	0
201	13	1
201	14	1
201	15	0
201	16	0
201	17	0
201	18	0
201	19	0
201	20	1
201	21	0
201	22	1
201	23	1
201	24	1
201	25	1
201	26	1
201	27	0
201	28	1
201	29	0
201	30	1
201	31	1
201	32	0
201	33	0
201	34	1
201	35	1
201	36	1
201	37	1
201	38	1
201	39	1
201	40	1
202	1	0
202	2	1
202	3	0
202	4	0
202	5	0
202	6	0
202	7	0
202	8	1
202	9	1
202	10	0
202	11	1
202	12	0
202	13	0
202	14	0
202	15	0
202	16	1
202	17	1
202	18	1
202	19	0
202	20	1
202	21	0
202	22	0
202	23	1
202	24	1
202	25	1
202	26	1
202	27	0
202	28	0
202	29	0
202	30	1
202	31	1
202	32	0
202	33	0
202	34	1
202	35	0
202	36	1
202	37	0
202	38	1
202	39	1
202	40	0
203	1	0
203	2	0
203	3	1
203	4	0
203	5	0
203	6	0
203	7	1
203	8	0
203	9	0
203	10	0
203	11	1
203	12	0
203	13	1
203	14	0
203	15	0
203	16	1
203	17	1
203	18	1
203	19	0
203	20	0
203	21	0
203	22	1
203	23	0
203	24	0
203	25	0
203	26	0
203	27	0
203	28	1
203	29	0
203	30	0
203	31	0
203	32	0
203	33	0
203	34	0
203	35	1
203	36	0
203	37	0
203	38	0
203	39	0
203	40	1
204	1	1
204	2	0
204	3	1
204	4	1
204	5	0
204	6	1
204	7	1
204	8	1
204	9	0
204	10	1
204	11	0
204	12	1
204	13	1
204	14	1
204	15	1
204	16	0
204	17	0
204	18	0
204	19	1
204	20	1
204	21	0
204	22	1
204	23	0
204	24	0
204	25	0
204	26	0
204	27	1
204	28	1
204	29	1
204	30	1
204	31	1
204	32	0
204	33	0
204	34	1
204	35	1
204	36	1
204	37	1
204	38	1
204	39	0
204	40	1
205	1	1
205	2	0
205	3	0
205	4	1
205	5	0
205	6	1
205	7	1
205	8	1
205	9	0
205	10	1
205	11	0
205	12	0
205	13	1
205	14	1
205	15	0
205	16	0
205	17	0
205	18	0
205	19	0
205	20	1
205	21	0
205	22	1
205	23	0
205	24	0
205	25	0
205	26	0
205	27	0
205	28	1
205	29	1
205	30	0
205	31	0
205	32	0
205	33	0
205	34	1
205	35	1
205	36	1
205	37	0
205	38	1
205	39	0
205	40	1
206	1	1
206	2	0
206	3	1
206	4	0
206	5	0
206	6	0
206	7	1
206	8	0
206	9	0
206	10	0
206	11	1
206	12	0
206	13	1
206	14	1
206	15	0
206	16	1
206	17	1
206	18	1
206	19	0
206	20	0
206	21	0
206	22	1
206	23	0
206	24	0
206	25	0
206	26	0
206	27	0
206	28	1
206	29	0
206	30	0
206	31	0
206	32	0
206	33	0
206	34	0
206	35	1
206	36	0
206	37	1
206	38	0
206	39	0
206	40	1
207	1	1
207	2	1
207	3	1
207	4	1
207	5	0
207	6	1
207	7	1
207	8	1
207	9	1
207	10	1
207	11	0
207	12	1
207	13	1
207	14	1
207	15	1
207	16	0
207	17	0
207	18	0
207	19	1
207	20	1
207	21	0
207	22	1
207	23	1
207	24	1
207	25	1
207	26	1
207	27	1
207	28	1
207	29	1
207	30	1
207	31	1
207	32	0
207	33	0
207	34	1
207	35	1
207	36	1
207	37	1
207	38	1
207	39	1
207	40	1
208	1	1
208	2	1
208	3	1
208	4	0
208	5	0
208	6	0
208	7	1
208	8	1
208	9	1
208	10	0
208	11	0
208	12	0
208	13	1
208	14	1
208	15	0
208	16	0
208	17	0
208	18	0
208	19	0
208	20	1
208	21	0
208	22	1
208	23	1
208	24	1
208	25	1
208	26	1
208	27	0
208	28	1
208	29	0
208	30	1
208	31	1
208	32	0
208	33	0
208	34	1
208	35	1
208	36	1
208	37	1
208	38	1
208	39	1
208	40	1
209	1	1
209	2	1
209	3	1
209	4	1
209	5	0
209	6	1
209	7	1
209	8	1
209	9	1
209	10	1
209	11	1
209	12	1
209	13	1
209	14	1
209	15	1
209	16	1
209	17	1
209	18	1
209	19	1
209	20	1
209	21	0
209	22	1
209	23	1
209	24	1
209	25	1
209	26	1
209	27	1
209	28	1
209	29	1
209	30	1
209	31	1
209	32	0
209	33	0
209	34	1
209	35	1
209	36	1
209	37	1
209	38	1
209	39	1
209	40	1
210	1	0
210	2	0
210	3	0
210	4	1
210	5	0
210	6	1
210	7	0
210	8	0
210	9	0
210	10	1
210	11	1
210	12	1
210	13	0
210	14	0
210	15	1
210	16	1
210	17	1
210	18	1
210	19	1
210	20	0
210	21	0
210	22	0
210	23	0
210	24	0
210	25	0
210	26	0
210	27	1
210	28	0
210	29	1
210	30	0
210	31	0
210	32	0
210	33	0
210	34	0
210	35	0
210	36	0
210	37	0
210	38	0
210	39	0
210	40	0
211	1	1
211	2	0
211	3	1
211	4	1
211	5	0
211	6	1
211	7	1
211	8	0
211	9	0
211	10	1
211	11	0
211	12	1
211	13	1
211	14	1
211	15	1
211	16	0
211	17	0
211	18	0
211	19	1
211	20	0
211	21	0
211	22	1
211	23	0
211	24	0
211	25	0
211	26	0
211	27	1
211	28	1
211	29	1
211	30	0
211	31	0
211	32	0
211	33	0
211	34	0
211	35	1
211	36	0
211	37	1
211	38	0
211	39	0
211	40	1
212	1	1
212	2	1
212	3	1
212	4	1
212	5	0
212	6	1
212	7	1
212	8	1
212	9	1
212	10	1
212	11	0
212	12	1
212	13	1
212	14	1
212	15	1
212	16	0
212	17	0
212	18	0
212	19	1
212	20	1
212	21	0
212	22	1
212	23	1
212	24	1
212	25	1
212	26	1
212	27	1
212	28	1
212	29	1
212	30	1
212	31	1
212	32	0
212	33	0
212	34	1
212	35	1
212	36	1
212	37	1
212	38	1
212	39	1
212	40	1
213	1	0
213	2	0
213	3	0
213	4	1
213	5	1
213	6	1
213	7	0
213	8	0
213	9	0
213	10	0
213	11	1
213	12	0
213	13	0
213	14	0
213	15	1
213	16	1
213	17	1
213	18	1
213	19	1
213	20	0
213	21	1
213	22	0
213	23	0
213	24	0
213	25	0
213	26	0
213	27	0
213	28	0
213	29	1
213	30	0
213	31	0
213	32	1
213	33	0
213	34	0
213	35	0
213	36	0
213	37	0
213	38	0
213	39	0
213	40	0
214	1	0
214	2	1
214	3	0
214	4	1
214	5	0
214	6	1
214	7	0
214	8	1
214	9	1
214	10	0
214	11	0
214	12	1
214	13	0
214	14	1
214	15	0
214	16	1
214	17	0
214	18	0
214	19	1
214	20	0
214	21	0
214	22	1
214	23	1
214	24	1
214	25	1
214	26	0
214	27	1
214	28	1
214	29	0
214	30	1
214	31	1
214	32	0
214	33	0
214	34	1
214	35	1
214	36	1
214	37	0
214	38	1
214	39	1
214	40	1
215	1	1
215	2	0
215	3	1
215	4	0
215	5	0
215	6	0
215	7	1
215	8	0
215	9	0
215	10	0
215	11	1
215	12	0
215	13	1
215	14	1
215	15	0
215	16	1
215	17	1
215	18	1
215	19	0
215	20	0
215	21	0
215	22	1
215	23	0
215	24	0
215	25	0
215	26	0
215	27	0
215	28	1
215	29	0
215	30	0
215	31	0
215	32	0
215	33	0
215	34	0
215	35	1
215	36	0
215	37	1
215	38	0
215	39	0
215	40	1
216	1	1
216	2	1
216	3	1
216	4	1
216	5	0
216	6	1
216	7	1
216	8	1
216	9	1
216	10	1
216	11	1
216	12	1
216	13	1
216	14	1
216	15	1
216	16	1
216	17	1
216	18	1
216	19	1
216	20	1
216	21	0
216	22	1
216	23	1
216	24	1
216	25	1
216	26	1
216	27	1
216	28	1
216	29	1
216	30	1
216	31	1
216	32	0
216	33	0
216	34	1
216	35	1
216	36	1
216	37	1
216	38	1
216	39	1
216	40	1
217	1	0
217	2	0
217	3	0
217	4	1
217	5	0
217	6	1
217	7	0
217	8	0
217	9	0
217	10	1
217	11	1
217	12	1
217	13	0
217	14	0
217	15	1
217	16	1
217	17	1
217	18	1
217	19	1
217	20	0
217	21	0
217	22	0
217	23	0
217	24	0
217	25	0
217	26	0
217	27	1
217	28	0
217	29	1
217	30	0
217	31	0
217	32	0
217	33	0
217	34	0
217	35	0
217	36	0
217	37	0
217	38	0
217	39	0
217	40	0
218	1	1
218	2	0
218	3	1
218	4	0
218	5	1
218	6	0
218	7	1
218	8	0
218	9	0
218	10	0
218	11	1
218	12	0
218	13	1
218	14	1
218	15	0
218	16	1
218	17	1
218	18	1
218	19	0
218	20	0
218	21	1
218	22	1
218	23	0
218	24	0
218	25	0
218	26	0
218	27	0
218	28	1
218	29	0
218	30	0
218	31	0
218	32	1
218	33	1
218	34	0
218	35	1
218	36	0
218	37	1
218	38	0
218	39	0
218	40	1
219	1	1
219	2	1
219	3	1
219	4	1
219	5	0
219	6	1
219	7	1
219	8	0
219	9	1
219	10	1
219	11	1
219	12	1
219	13	1
219	14	1
219	15	1
219	16	1
219	17	1
219	18	1
219	19	1
219	20	0
219	21	0
219	22	1
219	23	1
219	24	1
219	25	1
219	26	1
219	27	1
219	28	1
219	29	1
219	30	0
219	31	0
219	32	0
219	33	0
219	34	0
219	35	1
219	36	0
219	37	1
219	38	0
219	39	1
219	40	1
220	1	1
220	2	1
220	3	1
220	4	1
220	5	0
220	6	1
220	7	1
220	8	1
220	9	1
220	10	1
220	11	0
220	12	1
220	13	1
220	14	1
220	15	1
220	16	0
220	17	0
220	18	0
220	19	1
220	20	1
220	21	0
220	22	1
220	23	1
220	24	1
220	25	1
220	26	1
220	27	1
220	28	1
220	29	1
220	30	1
220	31	1
220	32	0
220	33	0
220	34	1
220	35	1
220	36	1
220	37	1
220	38	1
220	39	1
220	40	1
221	1	1
221	2	0
221	3	1
221	4	1
221	5	0
221	6	1
221	7	1
221	8	1
221	9	0
221	10	1
221	11	0
221	12	1
221	13	1
221	14	1
221	15	1
221	16	0
221	17	0
221	18	0
221	19	1
221	20	1
221	21	0
221	22	1
221	23	0
221	24	0
221	25	0
221	26	0
221	27	1
221	28	1
221	29	1
221	30	1
221	31	1
221	32	0
221	33	0
221	34	1
221	35	1
221	36	1
221	37	1
221	38	1
221	39	0
221	40	1
222	1	1
222	2	1
222	3	0
222	4	1
222	5	1
222	6	1
222	7	1
222	8	1
222	9	1
222	10	1
222	11	0
222	12	0
222	13	1
222	14	1
222	15	0
222	16	0
222	17	0
222	18	0
222	19	0
222	20	1
222	21	1
222	22	1
222	23	0
222	24	1
222	25	1
222	26	0
222	27	0
222	28	1
222	29	1
222	30	0
222	31	0
222	32	1
222	33	1
222	34	1
222	35	1
222	36	1
222	37	0
222	38	1
222	39	1
222	40	1
223	1	1
223	2	1
223	3	1
223	4	1
223	5	0
223	6	1
223	7	1
223	8	1
223	9	1
223	10	1
223	11	1
223	12	1
223	13	1
223	14	1
223	15	1
223	16	1
223	17	1
223	18	1
223	19	1
223	20	1
223	21	0
223	22	1
223	23	1
223	24	1
223	25	1
223	26	1
223	27	1
223	28	1
223	29	1
223	30	1
223	31	1
223	32	0
223	33	0
223	34	1
223	35	1
223	36	1
223	37	1
223	38	1
223	39	1
223	40	1
224	1	1
224	2	1
224	3	0
224	4	0
224	5	0
224	6	0
224	7	1
224	8	1
224	9	1
224	10	0
224	11	0
224	12	0
224	13	0
224	14	1
224	15	0
224	16	0
224	17	0
224	18	0
224	19	0
224	20	0
224	21	0
224	22	0
224	23	1
224	24	1
224	25	0
224	26	0
224	27	0
224	28	1
224	29	0
224	30	0
224	31	1
224	32	0
224	33	0
224	34	1
224	35	1
224	36	1
224	37	1
224	38	1
224	39	1
224	40	1
225	1	1
225	2	0
225	3	1
225	4	1
225	5	1
225	6	1
225	7	1
225	8	1
225	9	0
225	10	1
225	11	0
225	12	1
225	13	1
225	14	1
225	15	1
225	16	0
225	17	0
225	18	0
225	19	1
225	20	1
225	21	1
225	22	1
225	23	0
225	24	0
225	25	0
225	26	0
225	27	1
225	28	1
225	29	1
225	30	1
225	31	1
225	32	1
225	33	1
225	34	1
225	35	1
225	36	1
225	37	1
225	38	1
225	39	0
225	40	1
226	1	0
226	2	0
226	3	0
226	4	1
226	5	1
226	6	1
226	7	0
226	8	1
226	9	0
226	10	0
226	11	0
226	12	1
226	13	0
226	14	1
226	15	0
226	16	0
226	17	0
226	18	0
226	19	1
226	20	0
226	21	0
226	22	1
226	23	0
226	24	0
226	25	0
226	26	0
226	27	1
226	28	1
226	29	0
226	30	1
226	31	1
226	32	1
226	33	0
226	34	1
226	35	1
226	36	1
226	37	0
226	38	1
226	39	0
226	40	1
227	1	1
227	2	1
227	3	0
227	4	0
227	5	1
227	6	1
227	7	1
227	8	0
227	9	1
227	10	0
227	11	1
227	12	1
227	13	0
227	14	1
227	15	0
227	16	1
227	17	1
227	18	1
227	19	0
227	20	0
227	21	1
227	22	0
227	23	1
227	24	1
227	25	0
227	26	0
227	27	1
227	28	1
227	29	1
227	30	0
227	31	0
227	32	0
227	33	1
227	34	0
227	35	1
227	36	0
227	37	1
227	38	0
227	39	1
227	40	1
228	1	0
228	2	1
228	3	0
228	4	0
228	5	0
228	6	0
228	7	0
228	8	1
228	9	1
228	10	0
228	11	1
228	12	0
228	13	0
228	14	0
228	15	0
228	16	1
228	17	1
228	18	1
228	19	0
228	20	1
228	21	0
228	22	0
228	23	1
228	24	1
228	25	1
228	26	1
228	27	0
228	28	0
228	29	0
228	30	1
228	31	1
228	32	0
228	33	0
228	34	1
228	35	0
228	36	1
228	37	0
228	38	1
228	39	1
228	40	0
229	1	1
229	2	1
229	3	1
229	4	1
229	5	0
229	6	1
229	7	1
229	8	1
229	9	1
229	10	1
229	11	1
229	12	1
229	13	1
229	14	1
229	15	1
229	16	1
229	17	1
229	18	1
229	19	1
229	20	1
229	21	0
229	22	1
229	23	1
229	24	1
229	25	1
229	26	1
229	27	1
229	28	1
229	29	1
229	30	1
229	31	1
229	32	0
229	33	0
229	34	1
229	35	1
229	36	1
229	37	1
229	38	1
229	39	1
229	40	1
230	1	1
230	2	1
230	3	1
230	4	1
230	5	0
230	6	1
230	7	1
230	8	1
230	9	1
230	10	1
230	11	1
230	12	1
230	13	1
230	14	1
230	15	1
230	16	1
230	17	1
230	18	1
230	19	1
230	20	1
230	21	0
230	22	1
230	23	1
230	24	1
230	25	1
230	26	1
230	27	1
230	28	1
230	29	1
230	30	1
230	31	1
230	32	0
230	33	0
230	34	1
230	35	1
230	36	1
230	37	1
230	38	1
230	39	1
230	40	1
231	1	0
231	2	0
231	3	0
231	4	0
231	5	0
231	6	0
231	7	0
231	8	0
231	9	0
231	10	0
231	11	0
231	12	0
231	13	0
231	14	1
231	15	0
231	16	1
231	17	0
231	18	0
231	19	0
231	20	0
231	21	0
231	22	0
231	23	0
231	24	0
231	25	0
231	26	0
231	27	0
231	28	1
231	29	0
231	30	0
231	31	0
231	32	0
231	33	0
231	34	0
231	35	1
231	36	0
231	37	0
231	38	0
231	39	0
231	40	1
232	1	0
232	2	1
232	3	0
232	4	0
232	5	0
232	6	0
232	7	0
232	8	1
232	9	1
232	10	0
232	11	1
232	12	0
232	13	0
232	14	0
232	15	0
232	16	1
232	17	1
232	18	1
232	19	0
232	20	1
232	21	0
232	22	0
232	23	1
232	24	1
232	25	1
232	26	1
232	27	0
232	28	0
232	29	0
232	30	1
232	31	1
232	32	0
232	33	0
232	34	1
232	35	0
232	36	1
232	37	0
232	38	1
232	39	1
232	40	0
233	1	1
233	2	1
233	3	0
233	4	0
233	5	0
233	6	1
233	7	1
233	8	1
233	9	1
233	10	0
233	11	1
233	12	1
233	13	0
233	14	1
233	15	0
233	16	1
233	17	1
233	18	1
233	19	0
233	20	0
233	21	0
233	22	0
233	23	1
233	24	1
233	25	0
233	26	0
233	27	1
233	28	1
233	29	1
233	30	0
233	31	1
233	32	0
233	33	0
233	34	1
233	35	1
233	36	1
233	37	1
233	38	1
233	39	1
233	40	1
234	1	0
234	2	1
234	3	0
234	4	0
234	5	0
234	6	0
234	7	0
234	8	1
234	9	1
234	10	0
234	11	1
234	12	0
234	13	0
234	14	0
234	15	0
234	16	1
234	17	0
234	18	1
234	19	0
234	20	1
234	21	0
234	22	0
234	23	0
234	24	1
234	25	0
234	26	1
234	27	0
234	28	0
234	29	0
234	30	1
234	31	1
234	32	0
234	33	0
234	34	0
234	35	0
234	36	1
234	37	0
234	38	0
234	39	1
234	40	0
235	1	1
235	2	1
235	3	1
235	4	1
235	5	0
235	6	1
235	7	1
235	8	1
235	9	1
235	10	1
235	11	0
235	12	1
235	13	1
235	14	1
235	15	1
235	16	0
235	17	0
235	18	0
235	19	1
235	20	1
235	21	0
235	22	1
235	23	1
235	24	1
235	25	1
235	26	1
235	27	1
235	28	1
235	29	1
235	30	1
235	31	1
235	32	0
235	33	0
235	34	1
235	35	1
235	36	1
235	37	1
235	38	1
235	39	1
235	40	1
236	1	1
236	2	1
236	3	0
236	4	1
236	5	0
236	6	1
236	7	1
236	8	1
236	9	1
236	10	1
236	11	1
236	12	0
236	13	1
236	14	1
236	15	0
236	16	1
236	17	0
236	18	1
236	19	0
236	20	1
236	21	0
236	22	1
236	23	0
236	24	1
236	25	1
236	26	0
236	27	0
236	28	1
236	29	1
236	30	0
236	31	0
236	32	0
236	33	0
236	34	1
236	35	1
236	36	1
236	37	0
236	38	1
236	39	1
236	40	1
237	1	0
237	2	0
237	3	0
237	4	1
237	5	0
237	6	1
237	7	0
237	8	0
237	9	0
237	10	0
237	11	1
237	12	0
237	13	0
237	14	0
237	15	1
237	16	1
237	17	1
237	18	1
237	19	1
237	20	0
237	21	0
237	22	0
237	23	0
237	24	0
237	25	0
237	26	0
237	27	0
237	28	0
237	29	1
237	30	0
237	31	0
237	32	0
237	33	0
237	34	0
237	35	0
237	36	0
237	37	0
237	38	0
237	39	0
237	40	0
238	1	1
238	2	1
238	3	0
238	4	0
238	5	0
238	6	0
238	7	1
238	8	1
238	9	1
238	10	0
238	11	0
238	12	0
238	13	1
238	14	1
238	15	0
238	16	0
238	17	0
238	18	0
238	19	0
238	20	1
238	21	0
238	22	1
238	23	0
238	24	1
238	25	1
238	26	0
238	27	0
238	28	1
238	29	0
238	30	0
238	31	0
238	32	0
238	33	0
238	34	1
238	35	1
238	36	1
238	37	0
238	38	1
238	39	1
238	40	1
239	1	1
239	2	1
239	3	1
239	4	1
239	5	0
239	6	1
239	7	1
239	8	1
239	9	1
239	10	1
239	11	1
239	12	1
239	13	1
239	14	1
239	15	1
239	16	1
239	17	1
239	18	1
239	19	1
239	20	1
239	21	0
239	22	1
239	23	1
239	24	1
239	25	1
239	26	1
239	27	1
239	28	1
239	29	1
239	30	1
239	31	1
239	32	0
239	33	0
239	34	1
239	35	1
239	36	1
239	37	1
239	38	1
239	39	1
239	40	1
240	1	0
240	2	1
240	3	0
240	4	0
240	5	1
240	6	0
240	7	0
240	8	1
240	9	1
240	10	0
240	11	1
240	12	0
240	13	0
240	14	0
240	15	0
240	16	1
240	17	1
240	18	1
240	19	0
240	20	1
240	21	1
240	22	0
240	23	1
240	24	1
240	25	1
240	26	1
240	27	0
240	28	0
240	29	0
240	30	1
240	31	1
240	32	1
240	33	1
240	34	1
240	35	0
240	36	1
240	37	0
240	38	1
240	39	1
240	40	0
241	1	0
241	2	0
241	3	0
241	4	1
241	5	0
241	6	1
241	7	0
241	8	0
241	9	0
241	10	1
241	11	1
241	12	1
241	13	0
241	14	0
241	15	1
241	16	1
241	17	1
241	18	1
241	19	1
241	20	0
241	21	0
241	22	0
241	23	0
241	24	0
241	25	0
241	26	0
241	27	1
241	28	0
241	29	1
241	30	0
241	31	0
241	32	0
241	33	0
241	34	0
241	35	0
241	36	0
241	37	0
241	38	0
241	39	0
241	40	0
242	1	1
242	2	0
242	3	1
242	4	1
242	5	0
242	6	1
242	7	1
242	8	0
242	9	0
242	10	1
242	11	0
242	12	1
242	13	1
242	14	1
242	15	1
242	16	0
242	17	0
242	18	0
242	19	1
242	20	0
242	21	0
242	22	1
242	23	0
242	24	0
242	25	0
242	26	0
242	27	1
242	28	1
242	29	1
242	30	0
242	31	0
242	32	0
242	33	0
242	34	0
242	35	1
242	36	0
242	37	1
242	38	0
242	39	0
242	40	1
243	1	1
243	2	0
243	3	1
243	4	0
243	5	0
243	6	0
243	7	1
243	8	0
243	9	0
243	10	0
243	11	1
243	12	0
243	13	1
243	14	1
243	15	0
243	16	1
243	17	1
243	18	1
243	19	0
243	20	0
243	21	0
243	22	1
243	23	0
243	24	0
243	25	0
243	26	0
243	27	0
243	28	1
243	29	0
243	30	0
243	31	0
243	32	0
243	33	0
243	34	0
243	35	1
243	36	0
243	37	1
243	38	0
243	39	0
243	40	1
244	1	0
244	2	1
244	3	0
244	4	0
244	5	1
244	6	0
244	7	0
244	8	1
244	9	1
244	10	0
244	11	1
244	12	0
244	13	0
244	14	0
244	15	0
244	16	1
244	17	0
244	18	1
244	19	0
244	20	1
244	21	1
244	22	0
244	23	0
244	24	1
244	25	1
244	26	0
244	27	0
244	28	0
244	29	0
244	30	0
244	31	0
244	32	1
244	33	1
244	34	1
244	35	0
244	36	1
244	37	0
244	38	1
244	39	1
244	40	0
245	1	1
245	2	1
245	3	1
245	4	1
245	5	0
245	6	1
245	7	1
245	8	1
245	9	1
245	10	1
245	11	1
245	12	1
245	13	1
245	14	1
245	15	1
245	16	1
245	17	1
245	18	1
245	19	1
245	20	1
245	21	0
245	22	1
245	23	1
245	24	1
245	25	1
245	26	1
245	27	1
245	28	1
245	29	1
245	30	1
245	31	1
245	32	0
245	33	0
245	34	1
245	35	1
245	36	1
245	37	1
245	38	1
245	39	1
245	40	1
246	1	1
246	2	0
246	3	1
246	4	0
246	5	0
246	6	0
246	7	1
246	8	0
246	9	0
246	10	0
246	11	1
246	12	0
246	13	1
246	14	1
246	15	0
246	16	1
246	17	1
246	18	1
246	19	0
246	20	0
246	21	0
246	22	1
246	23	0
246	24	0
246	25	0
246	26	0
246	27	0
246	28	1
246	29	0
246	30	0
246	31	0
246	32	0
246	33	0
246	34	0
246	35	1
246	36	0
246	37	1
246	38	0
246	39	0
246	40	1
247	1	1
247	2	1
247	3	0
247	4	0
247	5	0
247	6	1
247	7	1
247	8	0
247	9	1
247	10	0
247	11	1
247	12	1
247	13	0
247	14	1
247	15	0
247	16	1
247	17	1
247	18	1
247	19	0
247	20	0
247	21	0
247	22	0
247	23	1
247	24	1
247	25	0
247	26	0
247	27	1
247	28	1
247	29	1
247	30	0
247	31	0
247	32	0
247	33	0
247	34	0
247	35	1
247	36	0
247	37	1
247	38	0
247	39	1
247	40	1
248	1	1
248	2	1
248	3	1
248	4	1
248	5	0
248	6	1
248	7	1
248	8	0
248	9	1
248	10	1
248	11	1
248	12	1
248	13	1
248	14	1
248	15	1
248	16	1
248	17	1
248	18	1
248	19	1
248	20	0
248	21	0
248	22	1
248	23	1
248	24	1
248	25	1
248	26	1
248	27	1
248	28	1
248	29	1
248	30	0
248	31	0
248	32	0
248	33	0
248	34	0
248	35	1
248	36	0
248	37	1
248	38	0
248	39	1
248	40	1
249	1	1
249	2	0
249	3	1
249	4	1
249	5	0
249	6	1
249	7	1
249	8	0
249	9	0
249	10	1
249	11	0
249	12	1
249	13	1
249	14	1
249	15	1
249	16	0
249	17	0
249	18	0
249	19	1
249	20	0
249	21	0
249	22	1
249	23	0
249	24	0
249	25	0
249	26	0
249	27	1
249	28	1
249	29	1
249	30	0
249	31	0
249	32	0
249	33	0
249	34	0
249	35	1
249	36	0
249	37	1
249	38	0
249	39	0
249	40	1
250	1	1
250	2	1
250	3	1
250	4	1
250	5	1
250	6	1
250	7	1
250	8	0
250	9	1
250	10	1
250	11	1
250	12	1
250	13	1
250	14	1
250	15	1
250	16	1
250	17	1
250	18	1
250	19	1
250	20	0
250	21	1
250	22	1
250	23	1
250	24	1
250	25	1
250	26	1
250	27	1
250	28	1
250	29	1
250	30	0
250	31	0
250	32	1
250	33	1
250	34	0
250	35	1
250	36	0
250	37	1
250	38	0
250	39	1
250	40	1
