p	d	Pr(p,d)
1	1	1.00
1	2	1.00
1	3	1.00
1	4	1.00
1	5	1.00
1	6	0.06
1	7	0.03
2	1	1.00
2	2	0.27
2	3	0.16
3	1	1.00
3	2	1.00
3	3	0.09
3	4	0.03
4	1	1.00
4	2	1.00
4	3	1.00
4	4	0.06
4	5	0.02
5	1	1.00
5	2	0.26
5	3	0.21
6	1	1.00
6	2	1.00
6	3	0.44
6	4	0.19
7	1	1.00
7	2	1.00
7	3	1.00
7	4	0.36
7	5	0.13
8	1	1.00
8	2	0.87
8	3	0.09
9	1	1.00
9	2	1.00
9	3	1.00
9	4	1.00
9	5	0.17
9	6	0.01
10	1	1.00
10	2	1.00
10	3	0.38
10	4	0.14
11	1	1.00
11	2	1.00
11	3	1.00
11	4	1.00
11	5	0.19
11	6	0.13
12	1	1.00
12	2	1.00
12	3	0.65
12	4	0.42
13	1	1.00
13	2	0.24
13	3	0.08
14	1	1.00
14	2	1.00
14	3	1.00
14	4	0.29
14	5	0.23
15	1	1.00
15	2	1.00
15	3	0.41
15	4	0.39
16	1	1.00
16	2	1.00
16	3	1.00
16	4	0.24
16	5	0.24
17	1	1.00
17	2	1.00
17	3	0.15
17	4	0.07
18	1	1.00
18	2	1.00
18	3	0.48
18	4	0.41
19	1	1.00
19	2	1.00
19	3	1.00
19	4	0.85
19	5	0.54
20	1	1.00
20	2	1.00
20	3	1.00
20	4	1.00
20	5	0.78
20	6	0.48
21	1	1.00
21	2	0.05
21	3	0.02
22	1	1.00
22	2	1.00
22	3	1.00
22	4	0.28
22	5	0.21
23	1	1.00
23	2	1.00
23	3	1.00
23	4	0.96
23	5	0.94
24	1	1.00
24	2	1.00
24	3	1.00
24	4	1.00
24	5	0.33
24	6	0.24
25	1	1.00
25	2	1.00
25	3	1.00
25	4	0.09
25	5	0.06
26	1	1.00
26	2	1.00
26	3	0.74
26	4	0.13
27	1	1.00
27	2	1.00
27	3	0.62
27	4	0.41
28	1	1.00
28	2	1.00
28	3	1.00
28	4	1.00
28	5	1.00
28	6	0.56
28	7	0.34
29	1	1.00
29	2	1.00
29	3	1.00
29	4	0.09
29	5	0.01
30	1	1.00
30	2	1.00
30	3	0.22
30	4	0.20
31	1	1.00
31	2	1.00
31	3	1.00
31	4	0.54
31	5	0.43
32	1	1.00
32	2	1.00
32	3	1.00
32	4	0.02
32	5	0.01
33	1	1.00
33	2	0.44
33	3	0.10
34	1	1.00
34	2	1.00
34	3	1.00
34	4	0.23
34	5	0.22
35	1	1.00
35	2	1.00
35	3	1.00
35	4	1.00
35	5	1.00
35	6	1.00
35	7	1.00
35	8	1.00
35	9	1.00
35	10	1.00
35	11	0.45
35	12	0.40
36	1	1.00
36	2	0.67
36	3	0.41
37	1	1.00
37	2	1.00
37	3	1.00
37	4	1.00
37	5	1.00
37	6	1.00
37	7	1.00
37	8	1.00
37	9	0.70
37	10	0.31
38	1	1.00
38	2	0.69
38	3	0.34
39	1	1.00
39	2	1.00
39	3	1.00
39	4	1.00
39	5	1.00
39	6	1.00
39	7	1.00
39	8	1.00
39	9	1.00
39	10	1.00
39	11	0.98
39	12	0.57
40	1	1.00
40	2	1.00
40	3	1.00
40	4	0.04
40	5	0.01
41	1	1.00
41	2	1.00
41	3	1.00
41	4	0.33
41	5	0.26
42	1	1.00
42	2	1.00
42	3	1.00
42	4	0.20
42	5	0.11
43	1	1.00
43	2	1.00
43	3	1.00
43	4	0.73
43	5	0.32
44	1	1.00
44	2	1.00
44	3	1.00
44	4	1.00
44	5	1.00
44	6	1.00
44	7	1.00
44	8	0.67
44	9	0.45
45	1	1.00
45	2	1.00
45	3	1.00
45	4	1.00
45	5	1.00
45	6	1.00
45	7	0.62
45	8	0.14
46	1	1.00
46	2	1.00
46	3	1.00
46	4	1.00
46	5	0.26
46	6	0.12
47	1	1.00
47	2	1.00
47	3	1.00
47	4	0.81
47	5	0.32
48	1	1.00
48	2	1.00
48	3	1.00
48	4	1.00
48	5	1.00
48	6	1.00
48	7	1.00
48	8	0.44
48	9	0.21
49	1	1.00
49	2	1.00
49	3	1.00
49	4	0.91
50	1	1.00
50	2	1.00
50	3	0.44
50	4	0.36
51	1	1.00
51	2	1.00
51	3	1.00
51	4	1.00
51	5	0.60
51	6	0.38
52	1	1.00
52	2	0.98
52	3	0.34
53	1	1.00
53	2	1.00
53	3	1.00
53	4	1.00
53	5	1.00
53	6	0.49
53	7	0.17
54	1	1.00
54	2	1.00
54	3	1.00
54	4	1.00
54	5	0.23
54	6	0.21
55	1	1.00
55	2	0.93
55	3	0.26
56	1	1.00
56	2	1.00
56	3	1.00
56	4	1.00
56	5	1.00
56	6	0.55
56	7	0.52
57	1	1.00
57	2	0.68
57	3	0.65
58	1	1.00
58	2	1.00
58	3	0.55
58	4	0.49
59	1	1.00
59	2	1.00
59	3	1.00
59	4	1.00
59	5	1.00
59	6	1.00
59	7	1.00
59	8	1.00
59	9	1.00
59	10	0.12
59	11	0.09
60	1	1.00
60	2	1.00
60	3	1.00
60	4	0.81
60	5	0.23
61	1	1.00
61	2	1.00
61	3	0.39
61	4	0.32
62	1	1.00
62	2	1.00
62	3	1.00
62	4	1.00
62	5	0.65
62	6	0.54
63	1	1.00
63	2	0.40
63	3	0.33
64	1	1.00
64	2	1.00
64	3	0.32
64	4	0.00
65	1	1.00
65	2	1.00
65	3	0.82
65	4	0.59
66	1	1.00
66	2	1.00
66	3	0.39
66	4	0.12
67	1	1.00
67	2	1.00
67	3	0.38
67	4	0.28
68	1	1.00
68	2	0.08
68	3	0.03
69	1	1.00
69	2	1.00
69	3	1.00
69	4	1.00
69	5	1.00
69	6	1.00
69	7	1.00
69	8	0.04
69	9	0.04
70	1	1.00
70	2	1.00
70	3	1.00
70	4	0.25
70	5	0.22
71	1	1.00
71	2	1.00
71	3	1.00
71	4	1.00
71	5	0.35
71	6	0.24
72	1	1.00
72	2	1.00
72	3	1.00
72	4	1.00
72	5	0.25
72	6	0.09
73	1	1.00
73	2	1.00
73	3	1.00
73	4	0.03
73	5	0.03
74	1	1.00
74	2	1.00
74	3	1.00
74	4	1.00
74	5	1.00
74	6	1.00
74	7	0.94
74	8	0.28
75	1	1.00
75	2	1.00
75	3	1.00
75	4	0.26
75	5	0.08
76	1	1.00
76	2	1.00
76	3	0.65
76	4	0.27
77	1	1.00
77	2	1.00
77	3	1.00
77	4	1.00
77	5	0.76
77	6	0.21
78	1	1.00
78	2	1.00
78	3	0.43
78	4	0.34
79	1	1.00
79	2	1.00
79	3	1.00
79	4	1.00
79	5	1.00
79	6	1.00
79	7	1.00
79	8	0.59
79	9	0.55
80	1	1.00
80	2	1.00
80	3	1.00
80	4	1.00
80	5	1.00
80	6	1.00
80	7	1.00
80	8	0.51
80	9	0.23
81	1	1.00
81	2	1.00
81	3	1.00
81	4	1.00
81	5	0.41
81	6	0.38
82	1	1.00
82	2	0.77
82	3	0.40
83	1	1.00
83	2	1.00
83	3	1.00
83	4	1.00
83	5	1.00
83	6	1.00
83	7	1.00
83	8	1.00
83	9	1.00
83	10	0.99
83	11	0.70
84	1	1.00
84	2	1.00
84	3	1.00
84	4	0.98
84	5	0.87
85	1	1.00
85	2	1.00
85	3	1.00
85	4	1.00
85	5	1.00
85	6	1.00
85	7	0.67
85	8	0.39
86	1	1.00
86	2	1.00
86	3	1.00
86	4	1.00
86	5	1.00
86	6	1.00
86	7	1.00
86	8	1.00
86	9	0.93
86	10	0.91
87	1	1.00
87	2	1.00
87	3	1.00
87	4	0.69
87	5	0.20
88	1	1.00
88	2	1.00
88	3	0.50
88	4	0.39
89	1	1.00
89	2	1.00
89	3	1.00
89	4	1.00
89	5	0.77
89	6	0.45
90	1	1.00
90	2	1.00
90	3	0.30
90	4	0.23
91	1	1.00
91	2	1.00
91	3	1.00
91	4	1.00
91	5	1.00
91	6	1.00
91	7	0.93
91	8	0.06
92	1	1.00
92	2	1.00
92	3	1.00
92	4	1.00
92	5	1.00
92	6	1.00
92	7	0.43
92	8	0.33
93	1	1.00
93	2	1.00
93	3	0.20
93	4	0.00
94	1	1.00
94	2	1.00
94	3	1.00
94	4	0.95
94	5	0.86
95	1	1.00
95	2	0.80
95	3	0.60
96	1	1.00
96	2	1.00
96	3	1.00
96	4	1.00
96	5	1.00
96	6	1.00
96	7	1.00
96	8	0.91
96	9	0.22
97	1	1.00
97	2	1.00
97	3	1.00
97	4	1.00
97	5	1.00
97	6	1.00
97	7	0.82
97	8	0.18
98	1	1.00
98	2	1.00
98	3	1.00
98	4	1.00
98	5	1.00
98	6	1.00
98	7	1.00
98	8	1.00
98	9	0.08
98	10	0.07
99	1	1.00
99	2	1.00
99	3	1.00
99	4	0.09
99	5	0.08
100	1	1.00
100	2	0.54
100	3	0.11
101	1	1.00
101	2	1.00
101	3	0.27
101	4	0.19
102	1	1.00
102	2	1.00
102	3	1.00
102	4	1.00
102	5	1.00
102	6	1.00
102	7	1.00
102	8	1.00
102	9	0.59
102	10	0.01
103	1	1.00
103	2	1.00
103	3	1.00
103	4	1.00
103	5	1.00
103	6	1.00
103	7	1.00
103	8	0.37
103	9	0.11
104	1	1.00
104	2	1.00
104	3	1.00
104	4	1.00
104	5	1.00
104	6	1.00
104	7	1.00
104	8	1.00
104	9	0.85
104	10	0.37
105	1	1.00
105	2	1.00
105	3	1.00
105	4	1.00
105	5	1.00
105	6	1.00
105	7	1.00
105	8	1.00
105	9	1.00
105	10	1.00
105	11	0.03
105	12	0.03
106	1	1.00
106	2	1.00
106	3	1.00
106	4	1.00
106	5	1.00
106	6	1.00
106	7	1.00
106	8	1.00
106	9	1.00
106	10	1.00
106	11	0.02
106	12	0.01
107	1	1.00
107	2	0.71
107	3	0.10
108	1	1.00
108	2	1.00
108	3	1.00
108	4	1.00
108	5	1.00
108	6	1.00
108	7	1.00
108	8	1.00
108	9	0.39
108	10	0.06
109	1	1.00
109	2	1.00
109	3	1.00
109	4	1.00
109	5	1.00
109	6	1.00
109	7	1.00
109	8	1.00
109	9	0.41
109	10	0.39
110	1	1.00
110	2	1.00
110	3	1.00
110	4	1.00
110	5	1.00
110	6	1.00
110	7	1.00
110	8	1.00
110	9	1.00
110	10	0.76
111	1	1.00
111	2	1.00
111	3	1.00
111	4	1.00
111	5	1.00
111	6	1.00
111	7	1.00
111	8	1.00
111	9	0.41
111	10	0.27
112	1	1.00
112	2	1.00
112	3	1.00
112	4	1.00
112	5	1.00
112	6	0.03
112	7	0.03
113	1	1.00
113	2	1.00
113	3	0.14
113	4	0.09
114	1	1.00
114	2	1.00
114	3	0.58
114	4	0.49
115	1	1.00
115	2	0.13
115	3	0.11
116	1	1.00
116	2	1.00
116	3	1.00
116	4	1.00
116	5	0.46
116	6	0.06
117	1	1.00
117	2	1.00
117	3	1.00
117	4	1.00
117	5	1.00
117	6	0.68
117	7	0.61
118	1	1.00
118	2	1.00
118	3	1.00
118	4	0.76
118	5	0.37
119	1	1.00
119	2	0.58
119	3	0.37
120	1	1.00
120	2	1.00
120	3	1.00
120	4	0.18
120	5	0.06
121	1	1.00
121	2	1.00
121	3	0.29
121	4	0.06
122	1	1.00
122	2	1.00
122	3	0.53
122	4	0.46
123	1	1.00
123	2	1.00
123	3	0.48
123	4	0.48
124	1	1.00
124	2	1.00
124	3	0.61
124	4	0.17
125	1	1.00
125	2	1.00
125	3	1.00
125	4	1.00
125	5	1.00
125	6	1.00
125	7	1.00
125	8	0.11
125	9	0.04
126	1	1.00
126	2	1.00
126	3	1.00
126	4	1.00
126	5	1.00
126	6	1.00
126	7	1.00
126	8	1.00
126	9	1.00
126	10	0.60
126	11	0.03
127	1	1.00
127	2	1.00
127	3	1.00
127	4	1.00
127	5	1.00
127	6	1.00
127	7	0.30
127	8	0.15
128	1	1.00
128	2	1.00
128	3	1.00
128	4	1.00
128	5	1.00
128	6	1.00
128	7	1.00
128	8	1.00
128	9	0.53
128	10	0.20
129	1	1.00
129	2	1.00
129	3	0.49
129	4	0.48
130	1	1.00
130	2	1.00
130	3	1.00
130	4	0.74
130	5	0.02
131	1	1.00
131	2	0.02
131	3	0.02
132	1	1.00
132	2	1.00
132	3	1.00
132	4	0.27
132	5	0.08
133	1	1.00
133	2	1.00
133	3	1.00
133	4	1.00
133	5	1.00
133	6	1.00
133	7	0.99
133	8	0.45
134	1	1.00
134	2	1.00
134	3	1.00
134	4	1.00
134	5	1.00
134	6	1.00
134	7	1.00
134	8	1.00
134	9	1.00
134	10	0.97
134	11	0.52
135	1	1.00
135	2	1.00
135	3	1.00
135	4	0.48
135	5	0.32
136	1	1.00
136	2	1.00
136	3	1.00
136	4	1.00
136	5	1.00
136	6	1.00
136	7	0.47
136	8	0.46
137	1	1.00
137	2	1.00
137	3	1.00
137	4	1.00
137	5	1.00
137	6	0.64
137	7	0.13
138	1	1.00
138	2	1.00
138	3	1.00
138	4	1.00
138	5	0.43
138	6	0.09
139	1	1.00
139	2	1.00
139	3	1.00
139	4	0.55
139	5	0.43
140	1	1.00
140	2	1.00
140	3	1.00
140	4	1.00
140	5	1.00
140	6	0.49
140	7	0.19
141	1	1.00
141	2	1.00
141	3	0.17
141	4	0.14
142	1	1.00
142	2	0.76
142	3	0.71
143	1	1.00
143	2	1.00
143	3	1.00
143	4	1.00
143	5	1.00
143	6	1.00
143	7	1.00
143	8	0.98
143	9	0.46
144	1	1.00
144	2	0.87
144	3	0.78
145	1	1.00
145	2	1.00
145	3	1.00
145	4	1.00
145	5	1.00
145	6	1.00
145	7	1.00
145	8	1.00
145	9	1.00
145	10	0.38
145	11	0.08
146	1	1.00
146	2	1.00
146	3	1.00
146	4	1.00
146	5	1.00
146	6	1.00
146	7	0.31
146	8	0.02
147	1	1.00
147	2	1.00
147	3	0.86
147	4	0.31
148	1	1.00
148	2	1.00
148	3	1.00
148	4	1.00
148	5	1.00
148	6	1.00
148	7	1.00
148	8	1.00
148	9	1.00
148	10	0.66
148	11	0.40
149	1	1.00
149	2	1.00
149	3	1.00
149	4	1.00
149	5	1.00
149	6	0.67
149	7	0.05
150	1	1.00
150	2	1.00
150	3	1.00
150	4	0.08
150	5	0.04
151	1	1.00
151	2	1.00
151	3	1.00
151	4	1.00
151	5	1.00
151	6	1.00
151	7	1.00
151	8	1.00
151	9	1.00
151	10	1.00
151	11	0.72
151	12	0.23
152	1	1.00
152	2	1.00
152	3	1.00
152	4	1.00
152	5	0.14
152	6	0.05
153	1	1.00
153	2	1.00
153	3	1.00
153	4	1.00
153	5	0.50
153	6	0.23
154	1	1.00
154	2	1.00
154	3	1.00
154	4	1.00
154	5	1.00
154	6	1.00
154	7	1.00
154	8	1.00
154	9	1.00
154	10	1.00
154	11	0.80
154	12	0.53
155	1	1.00
155	2	1.00
155	3	1.00
155	4	0.30
155	5	0.05
156	1	1.00
156	2	1.00
156	3	1.00
156	4	0.34
156	5	0.02
157	1	1.00
157	2	1.00
157	3	0.43
157	4	0.30
158	1	1.00
158	2	1.00
158	3	1.00
158	4	0.65
158	5	0.42
159	1	1.00
159	2	1.00
159	3	1.00
159	4	1.00
159	5	1.00
159	6	0.37
159	7	0.33
160	1	1.00
160	2	1.00
160	3	1.00
160	4	0.58
160	5	0.51
161	1	1.00
161	2	1.00
161	3	1.00
161	4	1.00
161	5	1.00
161	6	1.00
161	7	1.00
161	8	1.00
161	9	0.99
161	10	0.55
162	1	1.00
162	2	1.00
162	3	0.99
162	4	0.22
163	1	1.00
163	2	1.00
163	3	1.00
163	4	1.00
163	5	1.00
163	6	1.00
163	7	0.52
163	8	0.23
164	1	1.00
164	2	1.00
164	3	1.00
164	4	1.00
164	5	1.00
164	6	1.00
164	7	1.00
164	8	0.67
164	9	0.07
165	1	1.00
165	2	1.00
165	3	1.00
165	4	1.00
165	5	1.00
165	6	1.00
165	7	1.00
165	8	1.00
165	9	0.75
165	10	0.27
166	1	1.00
166	2	0.75
166	3	0.60
167	1	1.00
167	2	1.00
167	3	1.00
167	4	0.46
167	5	0.00
168	1	1.00
168	2	1.00
168	3	1.00
168	4	1.00
168	5	1.00
168	6	0.85
168	7	0.46
169	1	1.00
169	2	0.95
169	3	0.89
170	1	1.00
170	2	1.00
170	3	0.15
170	4	0.15
171	1	1.00
171	2	1.00
171	3	1.00
171	4	1.00
171	5	0.36
171	6	0.22
172	1	1.00
172	2	1.00
172	3	1.00
172	4	1.00
172	5	1.00
172	6	0.36
172	7	0.19
173	1	1.00
173	2	1.00
173	3	1.00
173	4	1.00
173	5	1.00
173	6	0.10
173	7	0.00
174	1	1.00
174	2	1.00
174	3	1.00
174	4	1.00
174	5	1.00
174	6	0.50
174	7	0.30
175	1	1.00
175	2	1.00
175	3	1.00
175	4	1.00
175	5	1.00
175	6	1.00
175	7	1.00
175	8	0.28
175	9	0.24
176	1	1.00
176	2	1.00
176	3	0.98
176	4	0.80
177	1	1.00
177	2	1.00
177	3	1.00
177	4	0.13
177	5	0.07
178	1	1.00
178	2	1.00
178	3	0.31
178	4	0.27
179	1	1.00
179	2	1.00
179	3	1.00
179	4	0.97
179	5	0.62
180	1	1.00
180	2	1.00
180	3	1.00
180	4	0.26
180	5	0.19
181	1	1.00
181	2	1.00
181	3	1.00
181	4	1.00
181	5	0.72
181	6	0.56
182	1	1.00
182	2	1.00
182	3	1.00
182	4	0.29
182	5	0.08
183	1	1.00
183	2	1.00
183	3	1.00
183	4	1.00
183	5	1.00
183	6	1.00
183	7	0.09
183	8	0.06
184	1	1.00
184	2	1.00
184	3	1.00
184	4	1.00
184	5	1.00
184	6	0.31
184	7	0.07
185	1	1.00
185	2	1.00
185	3	1.00
185	4	1.00
185	5	1.00
185	6	1.00
185	7	1.00
185	8	0.54
185	9	0.54
186	1	1.00
186	2	1.00
186	3	0.42
186	4	0.41
187	1	1.00
187	2	1.00
187	3	1.00
187	4	1.00
187	5	0.32
187	6	0.16
188	1	1.00
188	2	1.00
188	3	1.00
188	4	1.00
188	5	1.00
188	6	1.00
188	7	1.00
188	8	1.00
188	9	1.00
188	10	1.00
188	11	0.72
188	12	0.31
189	1	1.00
189	2	1.00
189	3	1.00
189	4	0.98
189	5	0.39
190	1	1.00
190	2	1.00
190	3	0.94
190	4	0.41
191	1	1.00
191	2	1.00
191	3	1.00
191	4	0.73
191	5	0.31
192	1	1.00
192	2	1.00
192	3	1.00
192	4	1.00
192	5	1.00
192	6	0.24
192	7	0.08
193	1	1.00
193	2	1.00
193	3	1.00
193	4	0.12
193	5	0.08
194	1	1.00
194	2	1.00
194	3	1.00
194	4	0.95
194	5	0.00
195	1	1.00
195	2	1.00
195	3	1.00
195	4	1.00
195	5	0.28
195	6	0.20
196	1	1.00
196	2	1.00
196	3	0.50
196	4	0.11
197	1	1.00
197	2	1.00
197	3	1.00
197	4	1.00
197	5	0.54
197	6	0.19
198	1	1.00
198	2	1.00
198	3	0.95
198	4	0.63
199	1	1.00
199	2	0.62
199	3	0.48
200	1	1.00
200	2	1.00
200	3	1.00
200	4	0.02
200	5	0.01
201	1	1.00
201	2	1.00
201	3	1.00
201	4	1.00
201	5	1.00
201	6	1.00
201	7	1.00
201	8	1.00
201	9	1.00
201	10	0.04
201	11	0.03
202	1	1.00
202	2	1.00
202	3	0.06
202	4	0.04
203	1	1.00
203	2	1.00
203	3	1.00
203	4	0.70
203	5	0.23
204	1	1.00
204	2	1.00
204	3	1.00
204	4	0.53
204	5	0.49
205	1	1.00
205	2	1.00
205	3	1.00
205	4	1.00
205	5	1.00
205	6	1.00
205	7	1.00
205	8	1.00
205	9	0.91
205	10	0.20
206	1	1.00
206	2	1.00
206	3	1.00
206	4	1.00
206	5	1.00
206	6	1.00
206	7	1.00
206	8	1.00
206	9	0.53
206	10	0.45
207	1	1.00
207	2	1.00
207	3	1.00
207	4	1.00
207	5	1.00
207	6	0.84
207	7	0.83
208	1	1.00
208	2	1.00
208	3	0.91
208	4	0.60
209	1	1.00
209	2	1.00
209	3	1.00
209	4	0.04
209	5	0.02
210	1	1.00
210	2	1.00
210	3	0.40
210	4	0.14
211	1	1.00
211	2	1.00
211	3	1.00
211	4	1.00
211	5	1.00
211	6	1.00
211	7	1.00
211	8	1.00
211	9	1.00
211	10	0.45
211	11	0.15
212	1	1.00
212	2	1.00
212	3	0.55
212	4	0.13
213	1	1.00
213	2	0.35
213	3	0.32
214	1	1.00
214	2	0.03
214	3	0.02
215	1	1.00
215	2	1.00
215	3	1.00
215	4	1.00
215	5	1.00
215	6	1.00
215	7	1.00
215	8	0.01
215	9	0.00
216	1	1.00
216	2	1.00
216	3	1.00
216	4	1.00
216	5	1.00
216	6	1.00
216	7	0.19
216	8	0.08
217	1	1.00
217	2	1.00
217	3	0.78
217	4	0.31
218	1	1.00
218	2	1.00
218	3	0.04
218	4	0.01
219	1	1.00
219	2	1.00
219	3	1.00
219	4	1.00
219	5	0.63
219	6	0.18
220	1	1.00
220	2	0.73
220	3	0.28
221	1	1.00
221	2	1.00
221	3	1.00
221	4	0.93
221	5	0.72
222	1	1.00
222	2	1.00
222	3	0.88
222	4	0.43
223	1	1.00
223	2	1.00
223	3	0.29
223	4	0.04
224	1	1.00
224	2	1.00
224	3	0.64
224	4	0.27
225	1	1.00
225	2	1.00
225	3	0.28
225	4	0.02
226	1	1.00
226	2	1.00
226	3	1.00
226	4	1.00
226	5	0.34
226	6	0.27
227	1	1.00
227	2	1.00
227	3	1.00
227	4	0.80
227	5	0.07
228	1	1.00
228	2	1.00
228	3	0.48
228	4	0.44
229	1	1.00
229	2	0.21
229	3	0.20
230	1	1.00
230	2	1.00
230	3	0.16
230	4	0.13
231	1	1.00
231	2	1.00
231	3	1.00
231	4	1.00
231	5	1.00
231	6	1.00
231	7	1.00
231	8	0.02
231	9	0.00
232	1	1.00
232	2	1.00
232	3	0.72
232	4	0.63
233	1	1.00
233	2	1.00
233	3	1.00
233	4	1.00
233	5	0.71
233	6	0.21
234	1	1.00
234	2	0.18
234	3	0.18
235	1	1.00
235	2	1.00
235	3	1.00
235	4	0.54
235	5	0.26
236	1	1.00
236	2	1.00
236	3	1.00
236	4	1.00
236	5	0.80
236	6	0.37
237	1	1.00
237	2	0.16
237	3	0.03
238	1	1.00
238	2	1.00
238	3	1.00
238	4	1.00
238	5	1.00
238	6	1.00
238	7	0.59
238	8	0.48
239	1	1.00
239	2	1.00
239	3	0.93
239	4	0.76
240	1	1.00
240	2	1.00
240	3	1.00
240	4	1.00
240	5	1.00
240	6	1.00
240	7	0.32
240	8	0.07
241	1	1.00
241	2	1.00
241	3	1.00
241	4	1.00
241	5	0.79
241	6	0.65
242	1	1.00
242	2	1.00
242	3	1.00
242	4	0.04
242	5	0.02
243	1	1.00
243	2	0.35
243	3	0.30
244	1	1.00
244	2	1.00
244	3	0.26
244	4	0.12
245	1	1.00
245	2	1.00
245	3	1.00
245	4	1.00
245	5	1.00
245	6	1.00
245	7	0.11
245	8	0.03
246	1	1.00
246	2	1.00
246	3	1.00
246	4	0.78
246	5	0.66
247	1	1.00
247	2	1.00
247	3	0.40
247	4	0.03
248	1	1.00
248	2	1.00
248	3	1.00
248	4	0.38
248	5	0.22
249	1	1.00
249	2	1.00
249	3	1.00
249	4	1.00
249	5	1.00
249	6	1.00
249	7	1.00
249	8	1.00
249	9	0.41
249	10	0.40
250	1	1.00
250	2	1.00
250	3	1.00
250	4	0.86
250	5	0.40
251	1	1.00
251	2	0.12
251	3	0.02
252	1	1.00
252	2	0.96
252	3	0.76
253	1	1.00
253	2	1.00
253	3	1.00
253	4	0.19
253	5	0.11
254	1	1.00
254	2	1.00
254	3	0.84
254	4	0.37
255	1	1.00
255	2	1.00
255	3	1.00
255	4	0.37
255	5	0.03
256	1	1.00
256	2	1.00
256	3	1.00
256	4	1.00
256	5	0.49
256	6	0.23
257	1	1.00
257	2	1.00
257	3	1.00
257	4	1.00
257	5	1.00
257	6	1.00
257	7	1.00
257	8	0.27
257	9	0.13
258	1	1.00
258	2	1.00
258	3	1.00
258	4	1.00
258	5	1.00
258	6	1.00
258	7	1.00
258	8	1.00
258	9	1.00
258	10	0.36
258	11	0.02
259	1	1.00
259	2	1.00
259	3	1.00
259	4	1.00
259	5	1.00
259	6	1.00
259	7	0.69
259	8	0.18
260	1	1.00
260	2	1.00
260	3	1.00
260	4	1.00
260	5	0.16
260	6	0.14
261	1	1.00
261	2	1.00
261	3	1.00
261	4	0.07
261	5	0.06
262	1	1.00
262	2	1.00
262	3	1.00
262	4	1.00
262	5	1.00
262	6	1.00
262	7	1.00
262	8	0.61
262	9	0.58
263	1	1.00
263	2	1.00
263	3	1.00
263	4	0.54
263	5	0.31
264	1	1.00
264	2	1.00
264	3	1.00
264	4	1.00
264	5	1.00
264	6	1.00
264	7	1.00
264	8	1.00
264	9	1.00
264	10	0.18
264	11	0.02
265	1	1.00
265	2	1.00
265	3	1.00
265	4	1.00
265	5	1.00
265	6	0.38
265	7	0.33
266	1	1.00
266	2	1.00
266	3	0.70
266	4	0.60
267	1	1.00
267	2	1.00
267	3	1.00
267	4	0.35
267	5	0.16
268	1	1.00
268	2	1.00
268	3	1.00
268	4	1.00
268	5	0.89
268	6	0.85
269	1	1.00
269	2	0.02
269	3	0.00
270	1	1.00
270	2	1.00
270	3	0.64
270	4	0.28
271	1	1.00
271	2	1.00
271	3	1.00
271	4	1.00
271	5	1.00
271	6	1.00
271	7	1.00
271	8	1.00
271	9	0.19
271	10	0.18
272	1	1.00
272	2	1.00
272	3	1.00
272	4	1.00
272	5	0.83
272	6	0.66
273	1	1.00
273	2	1.00
273	3	1.00
273	4	1.00
273	5	1.00
273	6	1.00
273	7	1.00
273	8	1.00
273	9	0.90
273	10	0.70
274	1	1.00
274	2	1.00
274	3	1.00
274	4	0.55
274	5	0.27
275	1	1.00
275	2	1.00
275	3	1.00
275	4	0.93
275	5	0.29
276	1	1.00
276	2	1.00
276	3	0.88
276	4	0.18
277	1	1.00
277	2	1.00
277	3	1.00
277	4	1.00
277	5	1.00
277	6	1.00
277	7	1.00
277	8	1.00
277	9	1.00
277	10	1.00
277	11	0.83
277	12	0.74
278	1	1.00
278	2	1.00
278	3	1.00
278	4	1.00
278	5	0.17
278	6	0.00
279	1	1.00
279	2	1.00
279	3	1.00
279	4	1.00
279	5	1.00
279	6	0.59
279	7	0.11
280	1	1.00
280	2	1.00
280	3	1.00
280	4	0.13
280	5	0.12
281	1	1.00
281	2	1.00
281	3	1.00
281	4	0.71
281	5	0.51
282	1	1.00
282	2	1.00
282	3	0.62
282	4	0.07
283	1	1.00
283	2	1.00
283	3	1.00
283	4	1.00
283	5	1.00
283	6	1.00
283	7	0.14
283	8	0.10
284	1	1.00
284	2	0.81
284	3	0.63
285	1	1.00
285	2	1.00
285	3	1.00
285	4	1.00
285	5	1.00
285	6	1.00
285	7	0.04
285	8	0.02
286	1	1.00
286	2	1.00
286	3	1.00
286	4	1.00
286	5	1.00
286	6	0.62
286	7	0.58
287	1	1.00
287	2	1.00
287	3	1.00
287	4	1.00
287	5	1.00
287	6	1.00
287	7	1.00
287	8	0.06
287	9	0.02
288	1	1.00
288	2	0.37
288	3	0.37
289	1	1.00
289	2	1.00
289	3	1.00
289	4	0.59
289	5	0.19
290	1	1.00
290	2	1.00
290	3	1.00
290	4	1.00
290	5	0.83
290	6	0.05
291	1	1.00
291	2	1.00
291	3	1.00
291	4	1.00
291	5	1.00
291	6	1.00
291	7	1.00
291	8	0.82
291	9	0.33
292	1	1.00
292	2	1.00
292	3	1.00
292	4	1.00
292	5	1.00
292	6	1.00
292	7	1.00
292	8	1.00
292	9	1.00
292	10	1.00
292	11	0.86
292	12	0.58
293	1	1.00
293	2	1.00
293	3	0.45
293	4	0.11
294	1	1.00
294	2	1.00
294	3	1.00
294	4	1.00
294	5	1.00
294	6	1.00
294	7	0.21
294	8	0.20
295	1	1.00
295	2	1.00
295	3	1.00
295	4	0.91
295	5	0.16
296	1	1.00
296	2	1.00
296	3	1.00
296	4	1.00
296	5	0.19
296	6	0.05
297	1	1.00
297	2	1.00
297	3	0.87
297	4	0.08
298	1	1.00
298	2	1.00
298	3	1.00
298	4	1.00
298	5	1.00
298	6	1.00
298	7	1.00
298	8	1.00
298	9	1.00
298	10	1.00
298	11	0.32
298	12	0.16
299	1	1.00
299	2	0.55
299	3	0.37
300	1	1.00
300	2	0.23
300	3	0.11
301	1	1.00
301	2	1.00
301	3	1.00
301	4	0.39
301	5	0.23
302	1	1.00
302	2	1.00
302	3	0.15
302	4	0.05
303	1	1.00
303	2	1.00
303	3	1.00
303	4	0.08
303	5	0.03
304	1	1.00
304	2	1.00
304	3	0.85
304	4	0.19
305	1	1.00
305	2	1.00
305	3	1.00
305	4	1.00
305	5	1.00
305	6	1.00
305	7	1.00
305	8	1.00
305	9	1.00
305	10	1.00
305	11	0.35
305	12	0.24
306	1	1.00
306	2	1.00
306	3	1.00
306	4	0.62
306	5	0.62
307	1	1.00
307	2	1.00
307	3	1.00
307	4	1.00
307	5	1.00
307	6	0.77
307	7	0.26
308	1	1.00
308	2	1.00
308	3	1.00
308	4	1.00
308	5	1.00
308	6	1.00
308	7	1.00
308	8	1.00
308	9	1.00
308	10	1.00
308	11	0.34
308	12	0.32
309	1	1.00
309	2	1.00
309	3	1.00
309	4	1.00
309	5	1.00
309	6	1.00
309	7	1.00
309	8	1.00
309	9	1.00
309	10	0.25
309	11	0.17
310	1	1.00
310	2	1.00
310	3	1.00
310	4	0.29
310	5	0.08
311	1	1.00
311	2	1.00
311	3	0.49
311	4	0.41
312	1	1.00
312	2	1.00
312	3	1.00
312	4	0.51
312	5	0.43
313	1	1.00
313	2	1.00
313	3	1.00
313	4	1.00
313	5	1.00
313	6	0.84
313	7	0.01
314	1	1.00
314	2	1.00
314	3	1.00
314	4	1.00
314	5	1.00
314	6	1.00
314	7	1.00
314	8	1.00
314	9	0.29
314	10	0.05
315	1	1.00
315	2	1.00
315	3	1.00
315	4	0.34
315	5	0.21
316	1	1.00
316	2	1.00
316	3	0.31
316	4	0.08
317	1	1.00
317	2	1.00
317	3	0.09
317	4	0.04
318	1	1.00
318	2	1.00
318	3	1.00
318	4	0.74
318	5	0.68
319	1	1.00
319	2	1.00
319	3	1.00
319	4	1.00
319	5	1.00
319	6	1.00
319	7	1.00
319	8	1.00
319	9	0.81
319	10	0.31
320	1	1.00
320	2	1.00
320	3	1.00
320	4	1.00
320	5	1.00
320	6	0.39
320	7	0.33
321	1	1.00
321	2	1.00
321	3	1.00
321	4	1.00
321	5	1.00
321	6	1.00
321	7	1.00
321	8	0.28
321	9	0.11
322	1	1.00
322	2	0.59
322	3	0.52
323	1	1.00
323	2	1.00
323	3	1.00
323	4	1.00
323	5	0.79
323	6	0.74
324	1	1.00
324	2	1.00
324	3	1.00
324	4	1.00
324	5	1.00
324	6	1.00
324	7	1.00
324	8	0.64
324	9	0.08
325	1	1.00
325	2	1.00
325	3	1.00
325	4	1.00
325	5	1.00
325	6	1.00
325	7	0.84
325	8	0.45
326	1	1.00
326	2	1.00
326	3	0.27
326	4	0.26
327	1	1.00
327	2	1.00
327	3	0.46
327	4	0.30
328	1	1.00
328	2	1.00
328	3	0.80
328	4	0.56
329	1	1.00
329	2	1.00
329	3	1.00
329	4	0.70
329	5	0.20
330	1	1.00
330	2	1.00
330	3	1.00
330	4	1.00
330	5	0.83
330	6	0.32
331	1	1.00
331	2	1.00
331	3	0.18
331	4	0.10
332	1	1.00
332	2	1.00
332	3	1.00
332	4	1.00
332	5	1.00
332	6	0.49
332	7	0.49
333	1	1.00
333	2	1.00
333	3	1.00
333	4	1.00
333	5	1.00
333	6	1.00
333	7	0.58
333	8	0.47
334	1	1.00
334	2	1.00
334	3	1.00
334	4	1.00
334	5	1.00
334	6	1.00
334	7	0.05
334	8	0.04
335	1	1.00
335	2	1.00
335	3	0.94
335	4	0.24
336	1	1.00
336	2	1.00
336	3	0.81
336	4	0.08
337	1	1.00
337	2	1.00
337	3	1.00
337	4	0.20
337	5	0.15
338	1	1.00
338	2	1.00
338	3	0.00
338	4	0.00
339	1	1.00
339	2	1.00
339	3	1.00
339	4	1.00
339	5	0.85
339	6	0.38
340	1	1.00
340	2	1.00
340	3	1.00
340	4	0.96
340	5	0.56
341	1	1.00
341	2	1.00
341	3	1.00
341	4	1.00
341	5	1.00
341	6	1.00
341	7	1.00
341	8	1.00
341	9	1.00
341	10	0.81
341	11	0.74
342	1	1.00
342	2	1.00
342	3	0.61
342	4	0.01
343	1	1.00
343	2	1.00
343	3	1.00
343	4	1.00
343	5	1.00
343	6	1.00
343	7	1.00
343	8	1.00
343	9	1.00
343	10	1.00
343	11	0.47
343	12	0.02
344	1	1.00
344	2	1.00
344	3	1.00
344	4	1.00
344	5	1.00
344	6	0.39
344	7	0.31
345	1	1.00
345	2	1.00
345	3	1.00
345	4	1.00
345	5	1.00
345	6	1.00
345	7	1.00
345	8	0.99
345	9	0.76
346	1	1.00
346	2	1.00
346	3	1.00
346	4	1.00
346	5	1.00
346	6	1.00
346	7	1.00
346	8	1.00
346	9	1.00
346	10	0.74
346	11	0.48
347	1	1.00
347	2	0.72
347	3	0.27
348	1	1.00
348	2	1.00
348	3	1.00
348	4	0.02
348	5	0.01
349	1	1.00
349	2	1.00
349	3	0.88
349	4	0.85
350	1	1.00
350	2	0.21
350	3	0.14
351	1	1.00
351	2	1.00
351	3	1.00
351	4	1.00
351	5	0.45
351	6	0.03
352	1	1.00
352	2	1.00
352	3	1.00
352	4	1.00
352	5	1.00
352	6	1.00
352	7	1.00
352	8	1.00
352	9	1.00
352	10	0.14
352	11	0.07
353	1	1.00
353	2	1.00
353	3	0.20
353	4	0.08
354	1	1.00
354	2	1.00
354	3	1.00
354	4	1.00
354	5	1.00
354	6	1.00
354	7	0.96
354	8	0.35
355	1	1.00
355	2	1.00
355	3	0.89
355	4	0.67
356	1	1.00
356	2	0.05
356	3	0.01
357	1	1.00
357	2	1.00
357	3	1.00
357	4	1.00
357	5	1.00
357	6	1.00
357	7	0.96
357	8	0.17
358	1	1.00
358	2	1.00
358	3	1.00
358	4	0.89
358	5	0.39
359	1	1.00
359	2	1.00
359	3	0.35
359	4	0.18
360	1	1.00
360	2	1.00
360	3	1.00
360	4	1.00
360	5	1.00
360	6	0.83
360	7	0.02
361	1	1.00
361	2	1.00
361	3	0.25
361	4	0.19
362	1	1.00
362	2	1.00
362	3	1.00
362	4	1.00
362	5	1.00
362	6	1.00
362	7	1.00
362	8	1.00
362	9	0.82
362	10	0.08
363	1	1.00
363	2	1.00
363	3	1.00
363	4	1.00
363	5	1.00
363	6	1.00
363	7	1.00
363	8	1.00
363	9	1.00
363	10	0.43
363	11	0.09
364	1	1.00
364	2	1.00
364	3	0.57
364	4	0.53
365	1	1.00
365	2	1.00
365	3	0.44
365	4	0.10
366	1	1.00
366	2	1.00
366	3	0.62
366	4	0.13
367	1	1.00
367	2	1.00
367	3	1.00
367	4	1.00
367	5	1.00
367	6	1.00
367	7	1.00
367	8	1.00
367	9	1.00
367	10	1.00
367	11	0.32
367	12	0.29
368	1	1.00
368	2	1.00
368	3	1.00
368	4	1.00
368	5	1.00
368	6	1.00
368	7	1.00
368	8	1.00
368	9	0.50
368	10	0.48
369	1	1.00
369	2	1.00
369	3	1.00
369	4	1.00
369	5	1.00
369	6	1.00
369	7	1.00
369	8	1.00
369	9	1.00
369	10	0.07
369	11	0.03
370	1	1.00
370	2	1.00
370	3	1.00
370	4	1.00
370	5	0.40
370	6	0.38
371	1	1.00
371	2	1.00
371	3	0.24
371	4	0.10
372	1	1.00
372	2	0.92
372	3	0.39
373	1	1.00
373	2	1.00
373	3	0.84
373	4	0.16
374	1	1.00
374	2	0.42
374	3	0.33
375	1	1.00
375	2	0.40
375	3	0.07
376	1	1.00
376	2	1.00
376	3	1.00
376	4	0.32
376	5	0.05
377	1	1.00
377	2	1.00
377	3	1.00
377	4	0.44
377	5	0.33
378	1	1.00
378	2	1.00
378	3	0.37
378	4	0.06
379	1	1.00
379	2	1.00
379	3	1.00
379	4	1.00
379	5	1.00
379	6	1.00
379	7	1.00
379	8	1.00
379	9	1.00
379	10	0.34
379	11	0.15
380	1	1.00
380	2	1.00
380	3	1.00
380	4	1.00
380	5	1.00
380	6	1.00
380	7	1.00
380	8	1.00
380	9	1.00
380	10	1.00
380	11	0.56
380	12	0.35
381	1	1.00
381	2	1.00
381	3	1.00
381	4	1.00
381	5	1.00
381	6	1.00
381	7	1.00
381	8	1.00
381	9	0.73
381	10	0.05
382	1	1.00
382	2	1.00
382	3	1.00
382	4	1.00
382	5	1.00
382	6	1.00
382	7	0.23
382	8	0.23
383	1	1.00
383	2	1.00
383	3	1.00
383	4	1.00
383	5	1.00
383	6	1.00
383	7	0.64
383	8	0.06
384	1	1.00
384	2	0.64
384	3	0.29
385	1	1.00
385	2	1.00
385	3	1.00
385	4	0.92
385	5	0.28
386	1	1.00
386	2	1.00
386	3	1.00
386	4	1.00
386	5	1.00
386	6	1.00
386	7	1.00
386	8	1.00
386	9	0.94
386	10	0.38
387	1	1.00
387	2	1.00
387	3	0.47
387	4	0.40
388	1	1.00
388	2	1.00
388	3	1.00
388	4	1.00
388	5	1.00
388	6	1.00
388	7	1.00
388	8	0.43
388	9	0.26
389	1	1.00
389	2	1.00
389	3	1.00
389	4	1.00
389	5	1.00
389	6	1.00
389	7	1.00
389	8	1.00
389	9	1.00
389	10	0.74
389	11	0.42
390	1	1.00
390	2	1.00
390	3	1.00
390	4	1.00
390	5	1.00
390	6	1.00
390	7	1.00
390	8	1.00
390	9	0.71
390	10	0.25
391	1	1.00
391	2	1.00
391	3	1.00
391	4	1.00
391	5	1.00
391	6	1.00
391	7	0.98
391	8	0.18
392	1	1.00
392	2	1.00
392	3	1.00
392	4	0.86
392	5	0.14
393	1	1.00
393	2	1.00
393	3	1.00
393	4	0.76
393	5	0.22
394	1	1.00
394	2	1.00
394	3	0.16
394	4	0.08
395	1	1.00
395	2	1.00
395	3	1.00
395	4	1.00
395	5	0.10
395	6	0.10
396	1	1.00
396	2	1.00
396	3	1.00
396	4	1.00
396	5	1.00
396	6	0.06
396	7	0.04
397	1	1.00
397	2	1.00
397	3	1.00
397	4	1.00
397	5	1.00
397	6	0.28
397	7	0.26
398	1	1.00
398	2	1.00
398	3	1.00
398	4	1.00
398	5	1.00
398	6	0.90
398	7	0.47
399	1	1.00
399	2	1.00
399	3	1.00
399	4	0.65
399	5	0.57
400	1	1.00
400	2	1.00
400	3	1.00
400	4	0.96
400	5	0.27
401	1	1.00
401	2	1.00
401	3	1.00
401	4	1.00
401	5	0.59
401	6	0.49
402	1	1.00
402	2	1.00
402	3	0.11
402	4	0.06
403	1	1.00
403	2	1.00
403	3	1.00
403	4	1.00
403	5	1.00
403	6	1.00
403	7	1.00
403	8	1.00
403	9	0.90
403	10	0.86
404	1	1.00
404	2	1.00
404	3	1.00
404	4	1.00
404	5	0.54
404	6	0.36
405	1	1.00
405	2	1.00
405	3	1.00
405	4	1.00
405	5	1.00
405	6	1.00
405	7	1.00
405	8	1.00
405	9	0.56
405	10	0.35
406	1	1.00
406	2	1.00
406	3	1.00
406	4	1.00
406	5	1.00
406	6	1.00
406	7	1.00
406	8	0.01
406	9	0.00
407	1	1.00
407	2	0.66
407	3	0.27
408	1	1.00
408	2	1.00
408	3	1.00
408	4	1.00
408	5	0.67
408	6	0.12
409	1	1.00
409	2	1.00
409	3	0.62
409	4	0.47
410	1	1.00
410	2	1.00
410	3	1.00
410	4	1.00
410	5	0.31
410	6	0.14
411	1	1.00
411	2	1.00
411	3	0.03
411	4	0.01
412	1	1.00
412	2	1.00
412	3	1.00
412	4	1.00
412	5	1.00
412	6	0.81
412	7	0.41
413	1	1.00
413	2	0.85
413	3	0.11
414	1	1.00
414	2	1.00
414	3	1.00
414	4	1.00
414	5	0.61
414	6	0.29
415	1	1.00
415	2	1.00
415	3	1.00
415	4	1.00
415	5	1.00
415	6	0.06
415	7	0.03
416	1	1.00
416	2	1.00
416	3	1.00
416	4	1.00
416	5	1.00
416	6	1.00
416	7	1.00
416	8	1.00
416	9	0.96
416	10	0.33
417	1	1.00
417	2	1.00
417	3	1.00
417	4	0.54
417	5	0.30
418	1	1.00
418	2	1.00
418	3	1.00
418	4	1.00
418	5	1.00
418	6	1.00
418	7	1.00
418	8	1.00
418	9	0.87
418	10	0.71
419	1	1.00
419	2	0.93
419	3	0.83
420	1	1.00
420	2	1.00
420	3	1.00
420	4	1.00
420	5	1.00
420	6	1.00
420	7	1.00
420	8	1.00
420	9	0.68
420	10	0.55
421	1	1.00
421	2	1.00
421	3	1.00
421	4	1.00
421	5	1.00
421	6	0.92
421	7	0.44
422	1	1.00
422	2	1.00
422	3	1.00
422	4	1.00
422	5	1.00
422	6	1.00
422	7	1.00
422	8	1.00
422	9	1.00
422	10	0.64
422	11	0.23
423	1	1.00
423	2	1.00
423	3	0.53
423	4	0.08
424	1	1.00
424	2	1.00
424	3	1.00
424	4	1.00
424	5	1.00
424	6	1.00
424	7	0.94
424	8	0.28
425	1	1.00
425	2	1.00
425	3	1.00
425	4	1.00
425	5	0.27
425	6	0.17
426	1	1.00
426	2	1.00
426	3	0.97
426	4	0.00
427	1	1.00
427	2	1.00
427	3	1.00
427	4	0.19
427	5	0.08
428	1	1.00
428	2	0.96
428	3	0.69
429	1	1.00
429	2	1.00
429	3	0.87
429	4	0.08
430	1	1.00
430	2	1.00
430	3	1.00
430	4	1.00
430	5	0.93
430	6	0.58
431	1	1.00
431	2	1.00
431	3	0.57
431	4	0.50
432	1	1.00
432	2	1.00
432	3	1.00
432	4	0.76
432	5	0.63
433	1	1.00
433	2	1.00
433	3	1.00
433	4	0.91
433	5	0.22
434	1	1.00
434	2	1.00
434	3	1.00
434	4	1.00
434	5	1.00
434	6	0.66
434	7	0.63
435	1	1.00
435	2	0.27
435	3	0.20
436	1	1.00
436	2	1.00
436	3	0.55
436	4	0.13
437	1	1.00
437	2	1.00
437	3	1.00
437	4	1.00
437	5	1.00
437	6	1.00
437	7	0.69
437	8	0.63
438	1	1.00
438	2	1.00
438	3	1.00
438	4	0.40
438	5	0.09
439	1	1.00
439	2	1.00
439	3	1.00
439	4	1.00
439	5	1.00
439	6	1.00
439	7	1.00
439	8	0.24
439	9	0.24
440	1	1.00
440	2	1.00
440	3	1.00
440	4	1.00
440	5	1.00
440	6	0.13
440	7	0.09
441	1	1.00
441	2	1.00
441	3	1.00
441	4	0.46
441	5	0.11
442	1	1.00
442	2	1.00
442	3	1.00
442	4	1.00
442	5	1.00
442	6	0.54
442	7	0.28
443	1	1.00
443	2	1.00
443	3	1.00
443	4	0.90
443	5	0.23
444	1	1.00
444	2	1.00
444	3	1.00
444	4	1.00
444	5	1.00
444	6	1.00
444	7	1.00
444	8	0.82
444	9	0.46
445	1	1.00
445	2	1.00
445	3	0.83
445	4	0.57
446	1	1.00
446	2	1.00
446	3	0.19
446	4	0.12
447	1	1.00
447	2	1.00
447	3	1.00
447	4	1.00
447	5	1.00
447	6	1.00
447	7	0.23
447	8	0.15
448	1	1.00
448	2	1.00
448	3	0.90
448	4	0.15
449	1	1.00
449	2	1.00
449	3	1.00
449	4	1.00
449	5	1.00
449	6	1.00
449	7	1.00
449	8	1.00
449	9	1.00
449	10	1.00
449	11	0.92
449	12	0.23
450	1	1.00
450	2	1.00
450	3	1.00
450	4	1.00
450	5	0.27
450	6	0.22
451	1	1.00
451	2	1.00
451	3	0.95
451	4	0.82
452	1	1.00
452	2	1.00
452	3	0.39
452	4	0.12
453	1	1.00
453	2	1.00
453	3	1.00
453	4	1.00
453	5	1.00
453	6	1.00
453	7	1.00
453	8	0.77
453	9	0.75
454	1	1.00
454	2	1.00
454	3	1.00
454	4	1.00
454	5	1.00
454	6	1.00
454	7	0.49
454	8	0.44
455	1	1.00
455	2	1.00
455	3	1.00
455	4	1.00
455	5	1.00
455	6	1.00
455	7	1.00
455	8	0.02
455	9	0.01
456	1	1.00
456	2	0.15
456	3	0.04
457	1	1.00
457	2	1.00
457	3	1.00
457	4	1.00
457	5	0.61
457	6	0.61
458	1	1.00
458	2	1.00
458	3	1.00
458	4	1.00
458	5	1.00
458	6	1.00
458	7	1.00
458	8	1.00
458	9	0.35
458	10	0.10
459	1	1.00
459	2	1.00
459	3	0.94
459	4	0.76
460	1	1.00
460	2	1.00
460	3	1.00
460	4	0.46
460	5	0.41
461	1	1.00
461	2	1.00
461	3	0.69
461	4	0.23
462	1	1.00
462	2	1.00
462	3	1.00
462	4	1.00
462	5	1.00
462	6	1.00
462	7	1.00
462	8	1.00
462	9	0.11
462	10	0.09
463	1	1.00
463	2	1.00
463	3	1.00
463	4	1.00
463	5	0.69
463	6	0.11
464	1	1.00
464	2	1.00
464	3	0.55
464	4	0.43
465	1	1.00
465	2	1.00
465	3	1.00
465	4	1.00
465	5	1.00
465	6	1.00
465	7	1.00
465	8	1.00
465	9	0.91
465	10	0.07
466	1	1.00
466	2	1.00
466	3	1.00
466	4	1.00
466	5	1.00
466	6	1.00
466	7	1.00
466	8	0.20
466	9	0.14
467	1	1.00
467	2	1.00
467	3	0.14
467	4	0.13
468	1	1.00
468	2	1.00
468	3	1.00
468	4	1.00
468	5	1.00
468	6	1.00
468	7	1.00
468	8	1.00
468	9	1.00
468	10	0.19
468	11	0.03
469	1	1.00
469	2	1.00
469	3	0.17
469	4	0.16
470	1	1.00
470	2	1.00
470	3	0.73
470	4	0.05
471	1	1.00
471	2	1.00
471	3	1.00
471	4	0.67
471	5	0.45
472	1	1.00
472	2	1.00
472	3	1.00
472	4	1.00
472	5	0.91
472	6	0.14
473	1	1.00
473	2	1.00
473	3	1.00
473	4	0.16
473	5	0.14
474	1	1.00
474	2	0.08
474	3	0.01
475	1	1.00
475	2	0.67
475	3	0.54
476	1	1.00
476	2	0.35
476	3	0.31
477	1	1.00
477	2	1.00
477	3	1.00
477	4	1.00
477	5	0.34
477	6	0.17
478	1	1.00
478	2	0.49
478	3	0.12
479	1	1.00
479	2	1.00
479	3	1.00
479	4	1.00
479	5	0.16
479	6	0.10
480	1	1.00
480	2	1.00
480	3	1.00
480	4	1.00
480	5	1.00
480	6	1.00
480	7	0.33
480	8	0.23
481	1	1.00
481	2	1.00
481	3	1.00
481	4	1.00
481	5	1.00
481	6	0.04
481	7	0.00
482	1	1.00
482	2	1.00
482	3	1.00
482	4	1.00
482	5	1.00
482	6	1.00
482	7	0.70
482	8	0.58
483	1	1.00
483	2	1.00
483	3	1.00
483	4	1.00
483	5	1.00
483	6	1.00
483	7	1.00
483	8	1.00
483	9	0.17
483	10	0.11
484	1	1.00
484	2	1.00
484	3	0.09
484	4	0.09
485	1	1.00
485	2	1.00
485	3	1.00
485	4	0.66
485	5	0.62
486	1	1.00
486	2	0.68
486	3	0.53
487	1	1.00
487	2	1.00
487	3	1.00
487	4	0.67
487	5	0.33
488	1	1.00
488	2	0.25
488	3	0.08
489	1	1.00
489	2	1.00
489	3	1.00
489	4	1.00
489	5	0.51
489	6	0.01
490	1	1.00
490	2	0.47
490	3	0.38
491	1	1.00
491	2	1.00
491	3	1.00
491	4	0.18
491	5	0.04
492	1	1.00
492	2	1.00
492	3	0.71
492	4	0.18
493	1	1.00
493	2	1.00
493	3	1.00
493	4	0.19
493	5	0.13
494	1	1.00
494	2	1.00
494	3	0.99
494	4	0.29
495	1	1.00
495	2	0.77
495	3	0.08
496	1	1.00
496	2	0.90
496	3	0.46
497	1	1.00
497	2	1.00
497	3	1.00
497	4	1.00
497	5	0.89
497	6	0.08
498	1	1.00
498	2	0.15
498	3	0.11
499	1	1.00
499	2	1.00
499	3	0.41
499	4	0.19
500	1	1.00
500	2	1.00
500	3	1.00
500	4	1.00
500	5	0.52
500	6	0.02
