p	r	C_pr
1	1	100
1	2	70
1	3	60
1	4	50
1	5	50
1	6	0
1	7	0
1	8	90
2	1	90
2	2	70
2	3	50
2	4	50
2	5	50
2	6	0
2	7	20
2	8	90
3	1	70
3	2	70
3	3	50
3	4	50
3	5	70
3	6	0
3	7	20
3	8	90
4	1	100
4	2	40
4	3	30
4	4	70
4	5	50
4	6	70
4	7	90
4	8	70
5	1	100
5	2	20
5	3	10
5	4	50
5	5	70
5	6	50
5	7	70
5	8	110
6	1	120
6	2	40
6	3	30
6	4	70
6	5	50
6	6	70
6	7	110
6	8	90
7	1	60
7	2	60
7	3	60
7	4	50
7	5	60
7	6	0
7	7	10
7	8	60
8	1	70
8	2	50
8	3	50
8	4	50
8	5	50
8	6	0
8	7	40
8	8	70
9	1	80
9	2	60
9	3	60
9	4	60
9	5	80
9	6	0
9	7	30
9	8	100
10	1	120
10	2	50
10	3	30
10	4	70
10	5	60
10	6	70
10	7	120
10	8	100
11	1	70
11	2	20
11	3	20
11	4	70
11	5	50
11	6	70
11	7	90
11	8	50
12	1	80
12	2	0
12	3	10
12	4	50
12	5	50
12	6	50
12	7	70
12	8	70
13	1	80
13	2	30
13	3	10
13	4	60
13	5	60
13	6	50
13	7	60
13	8	80
14	1	80
14	2	0
14	3	10
14	4	50
14	5	70
14	6	50
14	7	70
14	8	90
15	1	100
15	2	70
15	3	60
15	4	50
15	5	50
15	6	0
15	7	20
15	8	90
16	1	80
16	2	80
16	3	60
16	4	60
16	5	80
16	6	0
16	7	50
16	8	100
17	1	100
17	2	70
17	3	60
17	4	50
17	5	70
17	6	0
17	7	40
17	8	110
18	1	120
18	2	100
18	3	80
18	4	70
18	5	60
18	6	20
18	7	50
18	8	100
19	1	100
19	2	50
19	3	30
19	4	80
19	5	60
19	6	70
19	7	100
19	8	80
20	1	80
20	2	60
20	3	60
20	4	60
20	5	80
20	6	0
20	7	50
20	8	100
21	1	90
21	2	70
21	3	70
21	4	70
21	5	50
21	6	20
21	7	60
21	8	70
22	1	90
22	2	70
22	3	50
22	4	50
22	5	50
22	6	0
22	7	40
22	8	90
23	1	80
23	2	0
23	3	10
23	4	50
23	5	50
23	6	50
23	7	90
23	8	70
24	1	120
24	2	90
24	3	80
24	4	70
24	5	50
24	6	20
24	7	60
24	8	90
25	1	80
25	2	10
25	3	10
25	4	50
25	5	80
25	6	50
25	7	100
25	8	100
26	1	80
26	2	10
26	3	10
26	4	50
26	5	60
26	6	50
26	7	100
26	8	80
27	1	80
27	2	10
27	3	10
27	4	60
27	5	60
27	6	50
27	7	60
27	8	80
28	1	80
28	2	80
28	3	80
28	4	80
28	5	60
28	6	20
28	7	70
28	8	60
29	1	100
29	2	50
29	3	30
29	4	70
29	5	60
29	6	70
29	7	80
29	8	80
30	1	110
30	2	90
30	3	70
30	4	70
30	5	50
30	6	20
30	7	40
30	8	90
31	1	80
31	2	0
31	3	10
31	4	50
31	5	50
31	6	50
31	7	90
31	8	70
32	1	80
32	2	10
32	3	10
32	4	60
32	5	80
32	6	50
32	7	60
32	8	100
33	1	100
33	2	90
33	3	80
33	4	70
33	5	50
33	6	20
33	7	40
33	8	70
34	1	90
34	2	20
34	3	0
34	4	50
34	5	50
34	6	50
34	7	70
34	8	90
35	1	100
35	2	70
35	3	60
35	4	50
35	5	70
35	6	0
35	7	20
35	8	110
36	1	100
36	2	30
36	3	10
36	4	50
36	5	80
36	6	50
36	7	80
36	8	120
37	1	80
37	2	70
37	3	60
37	4	50
37	5	50
37	6	0
37	7	0
37	8	70
38	1	100
38	2	100
38	3	80
38	4	80
38	5	60
38	6	20
38	7	30
38	8	80
39	1	80
39	2	30
39	3	10
39	4	60
39	5	60
39	6	50
39	7	100
39	8	80
40	1	80
40	2	80
40	3	60
40	4	50
40	5	80
40	6	0
40	7	30
40	8	100
41	1	100
41	2	20
41	3	10
41	4	50
41	5	50
41	6	50
41	7	90
41	8	90
42	1	70
42	2	0
42	3	0
42	4	50
42	5	50
42	6	50
42	7	50
42	8	70
43	1	100
43	2	70
43	3	60
43	4	50
43	5	70
43	6	0
43	7	20
43	8	110
44	1	80
44	2	70
44	3	60
44	4	50
44	5	50
44	6	0
44	7	40
44	8	70
45	1	80
45	2	80
45	3	60
45	4	60
45	5	60
45	6	0
45	7	50
45	8	80
46	1	80
46	2	20
46	3	10
46	4	50
46	5	50
46	6	50
46	7	90
46	8	70
47	1	100
47	2	20
47	3	10
47	4	50
47	5	50
47	6	50
47	7	90
47	8	90
48	1	60
48	2	60
48	3	60
48	4	50
48	5	80
48	6	0
48	7	50
48	8	80
49	1	100
49	2	70
49	3	60
49	4	50
49	5	70
49	6	0
49	7	20
49	8	110
50	1	120
50	2	90
50	3	80
50	4	70
50	5	50
50	6	20
50	7	60
50	8	90
51	1	80
51	2	80
51	3	60
51	4	50
51	5	60
51	6	0
51	7	10
51	8	80
52	1	70
52	2	70
52	3	70
52	4	70
52	5	50
52	6	20
52	7	40
52	8	50
53	1	60
53	2	10
53	3	10
53	4	60
53	5	80
53	6	50
53	7	100
53	8	80
54	1	120
54	2	50
54	3	30
54	4	80
54	5	60
54	6	70
54	7	100
54	8	100
55	1	100
55	2	30
55	3	10
55	4	60
55	5	80
55	6	50
55	7	80
55	8	120
56	1	80
56	2	60
56	3	60
56	4	60
56	5	80
56	6	0
56	7	50
56	8	100
57	1	100
57	2	70
57	3	60
57	4	50
57	5	50
57	6	0
57	7	20
57	8	90
58	1	80
58	2	80
58	3	80
58	4	70
58	5	60
58	6	20
58	7	50
58	8	60
59	1	80
59	2	20
59	3	10
59	4	50
59	5	70
59	6	50
59	7	70
59	8	90
60	1	70
60	2	20
60	3	20
60	4	70
60	5	50
60	6	70
60	7	70
60	8	50
61	1	100
61	2	70
61	3	80
61	4	70
61	5	50
61	6	20
61	7	20
61	8	70
62	1	80
62	2	80
62	3	60
62	4	50
62	5	80
62	6	0
62	7	10
62	8	100
63	1	70
63	2	70
63	3	50
63	4	50
63	5	50
63	6	0
63	7	40
63	8	70
64	1	100
64	2	20
64	3	10
64	4	50
64	5	50
64	6	50
64	7	50
64	8	90
65	1	100
65	2	80
65	3	80
65	4	70
65	5	60
65	6	20
65	7	50
65	8	80
66	1	80
66	2	10
66	3	10
66	4	60
66	5	80
66	6	50
66	7	80
66	8	100
67	1	70
67	2	20
67	3	0
67	4	50
67	5	70
67	6	50
67	7	70
67	8	90
68	1	100
68	2	30
68	3	10
68	4	50
68	5	60
68	6	50
68	7	80
68	8	100
69	1	60
69	2	10
69	3	10
69	4	50
69	5	60
69	6	50
69	7	80
69	8	60
70	1	80
70	2	20
70	3	30
70	4	70
70	5	50
70	6	70
70	7	70
70	8	50
71	1	50
71	2	50
71	3	50
71	4	50
71	5	70
71	6	0
71	7	20
71	8	70
72	1	80
72	2	70
72	3	80
72	4	70
72	5	50
72	6	20
72	7	20
72	8	50
73	1	120
73	2	50
73	3	30
73	4	80
73	5	60
73	6	70
73	7	100
73	8	100
74	1	80
74	2	80
74	3	80
74	4	70
74	5	60
74	6	20
74	7	50
74	8	60
75	1	100
75	2	30
75	3	30
75	4	70
75	5	60
75	6	70
75	7	120
75	8	80
76	1	60
76	2	60
76	3	60
76	4	60
76	5	60
76	6	0
76	7	50
76	8	60
77	1	120
77	2	90
77	3	80
77	4	70
77	5	50
77	6	20
77	7	40
77	8	90
78	1	80
78	2	50
78	3	60
78	4	50
78	5	70
78	6	0
78	7	20
78	8	90
79	1	80
79	2	50
79	3	60
79	4	50
79	5	70
79	6	0
79	7	40
79	8	90
80	1	80
80	2	70
80	3	80
80	4	70
80	5	50
80	6	20
80	7	20
80	8	50
81	1	90
81	2	90
81	3	70
81	4	70
81	5	50
81	6	20
81	7	40
81	8	70
82	1	100
82	2	30
82	3	10
82	4	60
82	5	60
82	6	50
82	7	60
82	8	100
83	1	70
83	2	20
83	3	0
83	4	50
83	5	50
83	6	50
83	7	50
83	8	70
84	1	110
84	2	40
84	3	20
84	4	70
84	5	50
84	6	70
84	7	90
84	8	90
85	1	70
85	2	70
85	3	50
85	4	50
85	5	70
85	6	0
85	7	20
85	8	90
86	1	60
86	2	50
86	3	60
86	4	50
86	5	50
86	6	0
86	7	0
86	8	50
87	1	100
87	2	30
87	3	30
87	4	70
87	5	60
87	6	70
87	7	100
87	8	80
88	1	100
88	2	70
88	3	80
88	4	70
88	5	50
88	6	20
88	7	60
88	8	70
89	1	90
89	2	20
89	3	0
89	4	50
89	5	50
89	6	50
89	7	70
89	8	90
90	1	70
90	2	50
90	3	50
90	4	50
90	5	70
90	6	0
90	7	40
90	8	90
91	1	70
91	2	20
91	3	0
91	4	50
91	5	70
91	6	50
91	7	90
91	8	90
92	1	50
92	2	50
92	3	50
92	4	50
92	5	70
92	6	0
92	7	40
92	8	70
93	1	90
93	2	20
93	3	0
93	4	50
93	5	50
93	6	50
93	7	50
93	8	90
94	1	80
94	2	30
94	3	30
94	4	70
94	5	60
94	6	70
94	7	100
94	8	60
95	1	60
95	2	50
95	3	60
95	4	50
95	5	50
95	6	0
95	7	40
95	8	50
96	1	100
96	2	20
96	3	10
96	4	50
96	5	50
96	6	50
96	7	90
96	8	90
97	1	80
97	2	70
97	3	80
97	4	70
97	5	50
97	6	20
97	7	60
97	8	50
98	1	70
98	2	70
98	3	70
98	4	70
98	5	50
98	6	20
98	7	40
98	8	50
99	1	80
99	2	0
99	3	10
99	4	50
99	5	70
99	6	50
99	7	90
99	8	90
100	1	60
100	2	60
100	3	60
100	4	50
100	5	80
100	6	0
100	7	50
100	8	80
