p	r	R_p
1	1	1
1	2	1
1	3	1
1	4	1
1	5	0
1	6	1
1	7	0
1	8	0
2	1	1
2	2	1
2	3	1
2	4	1
2	5	0
2	6	1
2	7	1
2	8	0
3	1	0
3	2	1
3	3	0
3	4	0
3	5	0
3	6	1
3	7	1
3	8	0
4	1	1
4	2	1
4	3	1
4	4	1
4	5	1
4	6	1
4	7	1
4	8	1
5	1	0
5	2	1
5	3	0
5	4	0
5	5	0
5	6	1
5	7	1
5	8	0
6	1	1
6	2	1
6	3	1
6	4	1
6	5	0
6	6	1
6	7	1
6	8	0
7	1	1
7	2	1
7	3	1
7	4	1
7	5	0
7	6	1
7	7	1
7	8	0
8	1	1
8	2	1
8	3	1
8	4	1
8	5	1
8	6	1
8	7	1
8	8	1
9	1	0
9	2	1
9	3	0
9	4	0
9	5	1
9	6	1
9	7	1
9	8	1
10	1	1
10	2	1
10	3	1
10	4	1
10	5	1
10	6	1
10	7	1
10	8	1
11	1	1
11	2	1
11	3	1
11	4	1
11	5	1
11	6	1
11	7	0
11	8	1
12	1	0
12	2	0
12	3	1
12	4	1
12	5	1
12	6	1
12	7	1
12	8	0
13	1	1
13	2	1
13	3	1
13	4	1
13	5	0
13	6	1
13	7	1
13	8	0
14	1	0
14	2	1
14	3	0
14	4	0
14	5	0
14	6	1
14	7	1
14	8	0
15	1	1
15	2	1
15	3	1
15	4	1
15	5	0
15	6	1
15	7	1
15	8	0
16	1	0
16	2	1
16	3	0
16	4	0
16	5	1
16	6	1
16	7	1
16	8	1
17	1	0
17	2	1
17	3	0
17	4	0
17	5	0
17	6	1
17	7	1
17	8	0
18	1	1
18	2	1
18	3	1
18	4	1
18	5	0
18	6	1
18	7	1
18	8	0
19	1	1
19	2	1
19	3	1
19	4	1
19	5	0
19	6	1
19	7	1
19	8	0
20	1	0
20	2	1
20	3	0
20	4	0
20	5	0
20	6	1
20	7	1
20	8	0
21	1	1
21	2	1
21	3	1
21	4	1
21	5	0
21	6	1
21	7	1
21	8	0
22	1	1
22	2	1
22	3	1
22	4	1
22	5	0
22	6	1
22	7	1
22	8	0
23	1	1
23	2	1
23	3	1
23	4	1
23	5	0
23	6	1
23	7	1
23	8	0
24	1	1
24	2	1
24	3	1
24	4	1
24	5	0
24	6	1
24	7	1
24	8	0
25	1	0
25	2	1
25	3	0
25	4	0
25	5	1
25	6	1
25	7	1
25	8	1
26	1	1
26	2	1
26	3	1
26	4	1
26	5	0
26	6	1
26	7	1
26	8	0
27	1	1
27	2	1
27	3	1
27	4	1
27	5	0
27	6	1
27	7	0
27	8	0
28	1	1
28	2	1
28	3	1
28	4	1
28	5	0
28	6	1
28	7	1
28	8	0
29	1	0
29	2	1
29	3	1
29	4	1
29	5	0
29	6	1
29	7	1
29	8	0
30	1	1
30	2	1
30	3	1
30	4	1
30	5	1
30	6	1
30	7	1
30	8	1
31	1	1
31	2	1
31	3	1
31	4	1
31	5	0
31	6	1
31	7	1
31	8	0
32	1	0
32	2	1
32	3	0
32	4	0
32	5	0
32	6	1
32	7	1
32	8	0
33	1	1
33	2	1
33	3	1
33	4	1
33	5	1
33	6	1
33	7	1
33	8	1
34	1	1
34	2	1
34	3	1
34	4	1
34	5	1
34	6	1
34	7	1
34	8	1
35	1	0
35	2	1
35	3	0
35	4	0
35	5	0
35	6	1
35	7	1
35	8	0
36	1	0
36	2	1
36	3	0
36	4	0
36	5	0
36	6	1
36	7	1
36	8	0
37	1	1
37	2	1
37	3	1
37	4	1
37	5	0
37	6	1
37	7	1
37	8	0
38	1	1
38	2	1
38	3	1
38	4	1
38	5	0
38	6	1
38	7	1
38	8	0
39	1	1
39	2	1
39	3	1
39	4	1
39	5	0
39	6	1
39	7	1
39	8	0
40	1	0
40	2	1
40	3	0
40	4	0
40	5	0
40	6	1
40	7	1
40	8	0
41	1	1
41	2	1
41	3	1
41	4	1
41	5	0
41	6	1
41	7	1
41	8	0
42	1	0
42	2	0
42	3	1
42	4	1
42	5	0
42	6	1
42	7	1
42	8	0
43	1	0
43	2	1
43	3	0
43	4	0
43	5	1
43	6	1
43	7	1
43	8	1
44	1	1
44	2	1
44	3	1
44	4	1
44	5	1
44	6	1
44	7	1
44	8	1
45	1	1
45	2	1
45	3	1
45	4	1
45	5	0
45	6	1
45	7	1
45	8	0
46	1	1
46	2	1
46	3	1
46	4	1
46	5	0
46	6	1
46	7	1
46	8	0
47	1	1
47	2	1
47	3	1
47	4	1
47	5	0
47	6	1
47	7	1
47	8	0
48	1	0
48	2	0
48	3	0
48	4	0
48	5	1
48	6	1
48	7	1
48	8	0
49	1	0
49	2	1
49	3	0
49	4	0
49	5	0
49	6	1
49	7	1
49	8	0
50	1	1
50	2	1
50	3	1
50	4	1
50	5	0
50	6	1
50	7	1
50	8	0
51	1	1
51	2	1
51	3	1
51	4	1
51	5	0
51	6	1
51	7	1
51	8	0
52	1	1
52	2	1
52	3	1
52	4	1
52	5	0
52	6	1
52	7	1
52	8	0
53	1	0
53	2	1
53	3	0
53	4	0
53	5	0
53	6	1
53	7	1
53	8	0
54	1	1
54	2	1
54	3	1
54	4	1
54	5	1
54	6	1
54	7	1
54	8	1
55	1	0
55	2	1
55	3	0
55	4	0
55	5	0
55	6	1
55	7	1
55	8	0
56	1	0
56	2	1
56	3	0
56	4	0
56	5	0
56	6	1
56	7	1
56	8	0
57	1	1
57	2	1
57	3	1
57	4	1
57	5	0
57	6	1
57	7	1
57	8	0
58	1	1
58	2	1
58	3	1
58	4	1
58	5	0
58	6	1
58	7	1
58	8	0
59	1	0
59	2	1
59	3	0
59	4	0
59	5	0
59	6	1
59	7	1
59	8	0
60	1	1
60	2	1
60	3	1
60	4	1
60	5	0
60	6	1
60	7	1
60	8	0
61	1	1
61	2	1
61	3	1
61	4	1
61	5	0
61	6	1
61	7	0
61	8	0
62	1	0
62	2	1
62	3	0
62	4	0
62	5	0
62	6	1
62	7	1
62	8	0
63	1	1
63	2	1
63	3	1
63	4	1
63	5	1
63	6	1
63	7	1
63	8	1
64	1	1
64	2	1
64	3	1
64	4	1
64	5	1
64	6	1
64	7	1
64	8	1
65	1	1
65	2	1
65	3	1
65	4	1
65	5	0
65	6	1
65	7	1
65	8	0
66	1	0
66	2	1
66	3	0
66	4	0
66	5	1
66	6	1
66	7	0
66	8	1
67	1	0
67	2	1
67	3	0
67	4	0
67	5	0
67	6	1
67	7	1
67	8	0
68	1	1
68	2	1
68	3	1
68	4	1
68	5	0
68	6	1
68	7	1
68	8	0
69	1	1
69	2	1
69	3	1
69	4	1
69	5	0
69	6	1
69	7	1
69	8	0
70	1	1
70	2	1
70	3	1
70	4	1
70	5	0
70	6	1
70	7	1
70	8	0
71	1	0
71	2	1
71	3	0
71	4	0
71	5	0
71	6	1
71	7	1
71	8	0
72	1	1
72	2	1
72	3	1
72	4	1
72	5	0
72	6	1
72	7	1
72	8	0
73	1	1
73	2	1
73	3	1
73	4	1
73	5	1
73	6	1
73	7	1
73	8	1
74	1	1
74	2	1
74	3	1
74	4	1
74	5	0
74	6	1
74	7	1
74	8	0
75	1	1
75	2	1
75	3	1
75	4	1
75	5	0
75	6	1
75	7	1
75	8	0
76	1	0
76	2	0
76	3	1
76	4	1
76	5	0
76	6	1
76	7	1
76	8	0
77	1	1
77	2	1
77	3	1
77	4	1
77	5	1
77	6	1
77	7	0
77	8	1
78	1	0
78	2	1
78	3	0
78	4	0
78	5	0
78	6	1
78	7	1
78	8	0
79	1	0
79	2	1
79	3	0
79	4	0
79	5	0
79	6	1
79	7	1
79	8	0
80	1	1
80	2	1
80	3	1
80	4	1
80	5	0
80	6	1
80	7	1
80	8	0
81	1	1
81	2	1
81	3	1
81	4	1
81	5	0
81	6	1
81	7	1
81	8	0
82	1	1
82	2	1
82	3	1
82	4	1
82	5	0
82	6	1
82	7	1
82	8	0
83	1	1
83	2	1
83	3	1
83	4	1
83	5	0
83	6	1
83	7	1
83	8	0
84	1	1
84	2	1
84	3	1
84	4	1
84	5	0
84	6	1
84	7	1
84	8	0
85	1	0
85	2	1
85	3	0
85	4	0
85	5	1
85	6	1
85	7	1
85	8	1
86	1	1
86	2	1
86	3	1
86	4	1
86	5	1
86	6	1
86	7	1
86	8	1
87	1	0
87	2	0
87	3	1
87	4	1
87	5	1
87	6	1
87	7	1
87	8	0
88	1	1
88	2	1
88	3	1
88	4	1
88	5	0
88	6	1
88	7	1
88	8	0
89	1	1
89	2	1
89	3	1
89	4	1
89	5	1
89	6	1
89	7	1
89	8	1
90	1	0
90	2	1
90	3	0
90	4	0
90	5	0
90	6	1
90	7	1
90	8	0
91	1	0
91	2	1
91	3	0
91	4	0
91	5	0
91	6	1
91	7	1
91	8	0
92	1	0
92	2	1
92	3	0
92	4	0
92	5	0
92	6	1
92	7	1
92	8	0
93	1	1
93	2	1
93	3	1
93	4	1
93	5	0
93	6	1
93	7	0
93	8	0
94	1	1
94	2	1
94	3	1
94	4	1
94	5	0
94	6	1
94	7	1
94	8	0
95	1	1
95	2	1
95	3	1
95	4	1
95	5	0
95	6	1
95	7	1
95	8	0
96	1	1
96	2	1
96	3	1
96	4	1
96	5	0
96	6	1
96	7	1
96	8	0
97	1	1
97	2	1
97	3	1
97	4	1
97	5	0
97	6	1
97	7	1
97	8	0
98	1	1
98	2	1
98	3	1
98	4	1
98	5	0
98	6	1
98	7	1
98	8	0
99	1	0
99	2	1
99	3	0
99	4	0
99	5	0
99	6	1
99	7	1
99	8	0
100	1	0
100	2	1
100	3	0
100	4	0
100	5	1
100	6	1
100	7	1
100	8	1
