p	r	C_pr
1	1	80
1	2	70
1	3	50
1	4	60
1	5	80
1	6	30
1	7	20
1	8	60
2	1	60
2	2	70
2	3	50
2	4	60
2	5	60
2	6	30
2	7	20
2	8	80
3	1	50
3	2	90
3	3	70
3	4	20
3	5	70
3	6	100
3	7	110
3	8	60
4	1	60
4	2	90
4	3	70
4	4	30
4	5	60
4	6	80
4	7	70
4	8	60
5	1	60
5	2	50
5	3	50
5	4	60
5	5	80
5	6	30
5	7	40
5	8	100
6	1	60
6	2	70
6	3	50
6	4	10
6	5	60
6	6	60
6	7	50
6	8	100
7	1	60
7	2	70
7	3	50
7	4	10
7	5	80
7	6	80
7	7	100
7	8	80
8	1	60
8	2	90
8	3	70
8	4	30
8	5	80
8	6	80
8	7	100
8	8	80
9	1	80
9	2	70
9	3	50
9	4	60
9	5	80
9	6	30
9	7	30
9	8	80
10	1	50
10	2	70
10	3	50
10	4	0
10	5	70
10	6	60
10	7	70
10	8	80
11	1	70
11	2	70
11	3	50
11	4	50
11	5	70
11	6	10
11	7	0
11	8	60
12	1	50
12	2	70
12	3	70
12	4	20
12	5	70
12	6	90
12	7	110
12	8	50
13	1	80
13	2	50
13	3	50
13	4	60
13	5	80
13	6	10
13	7	10
13	8	80
14	1	60
14	2	50
14	3	50
14	4	10
14	5	60
14	6	80
14	7	70
14	8	80
15	1	50
15	2	70
15	3	70
15	4	70
15	5	50
15	6	20
15	7	20
15	8	70
16	1	60
16	2	70
16	3	70
16	4	80
16	5	80
16	6	50
16	7	60
16	8	80
17	1	60
17	2	90
17	3	70
17	4	80
17	5	80
17	6	50
17	7	70
17	8	60
18	1	50
18	2	50
18	3	50
18	4	50
18	5	70
18	6	30
18	7	40
18	8	100
19	1	70
19	2	70
19	3	50
19	4	0
19	5	90
19	6	70
19	7	90
19	8	50
20	1	50
20	2	70
20	3	70
20	4	70
20	5	70
20	6	20
20	7	40
20	8	70
21	1	60
21	2	70
21	3	50
21	4	10
21	5	80
21	6	60
21	7	70
21	8	80
22	1	80
22	2	70
22	3	50
22	4	60
22	5	80
22	6	30
22	7	30
22	8	80
23	1	70
23	2	70
23	3	50
23	4	50
23	5	90
23	6	0
23	7	20
23	8	70
24	1	70
24	2	50
24	3	50
24	4	0
24	5	90
24	6	60
24	7	70
24	8	60
25	1	50
25	2	70
25	3	70
25	4	70
25	5	70
25	6	40
25	7	60
25	8	70
26	1	70
26	2	50
26	3	50
26	4	50
26	5	90
26	6	30
26	7	40
26	8	60
27	1	60
27	2	90
27	3	70
27	4	80
27	5	80
27	6	50
27	7	60
27	8	80
28	1	80
28	2	70
28	3	50
28	4	10
28	5	100
28	6	60
28	7	70
28	8	60
29	1	50
29	2	70
29	3	70
29	4	20
29	5	70
29	6	70
29	7	90
29	8	50
30	1	80
30	2	50
30	3	50
30	4	10
30	5	80
30	6	60
30	7	60
30	8	80
31	1	70
31	2	70
31	3	50
31	4	0
31	5	90
31	6	50
31	7	70
31	8	50
32	1	80
32	2	70
32	3	50
32	4	60
32	5	80
32	6	30
32	7	20
32	8	80
33	1	80
33	2	70
33	3	50
33	4	60
33	5	80
33	6	10
33	7	10
33	8	60
34	1	60
34	2	50
34	3	50
34	4	10
34	5	60
34	6	80
34	7	80
34	8	100
35	1	50
35	2	70
35	3	70
35	4	20
35	5	50
35	6	100
35	7	90
35	8	80
36	1	60
36	2	90
36	3	70
36	4	30
36	5	80
36	6	80
36	7	100
36	8	80
37	1	80
37	2	50
37	3	50
37	4	10
37	5	100
37	6	80
37	7	90
37	8	80
38	1	60
38	2	70
38	3	50
38	4	10
38	5	80
38	6	80
38	7	90
38	8	80
39	1	60
39	2	70
39	3	70
39	4	30
39	5	80
39	6	80
39	7	90
39	8	80
40	1	60
40	2	90
40	3	70
40	4	30
40	5	80
40	6	100
40	7	120
40	8	60
41	1	50
41	2	70
41	3	70
41	4	20
41	5	50
41	6	80
41	7	70
41	8	80
42	1	50
42	2	50
42	3	50
42	4	50
42	5	70
42	6	20
42	7	40
42	8	70
43	1	70
43	2	50
43	3	50
43	4	0
43	5	90
43	6	70
43	7	90
43	8	50
44	1	70
44	2	50
44	3	50
44	4	50
44	5	90
44	6	20
44	7	40
44	8	70
45	1	80
45	2	50
45	3	50
45	4	10
45	5	80
45	6	60
45	7	60
45	8	80
46	1	60
46	2	70
46	3	50
46	4	60
46	5	80
46	6	10
46	7	20
46	8	100
47	1	50
47	2	50
47	3	50
47	4	0
47	5	50
47	6	50
47	7	50
47	8	90
48	1	50
48	2	70
48	3	50
48	4	0
48	5	70
48	6	60
48	7	70
48	8	80
49	1	50
49	2	70
49	3	70
49	4	20
49	5	70
49	6	100
49	7	110
49	8	60
50	1	80
50	2	70
50	3	50
50	4	10
50	5	80
50	6	60
50	7	60
50	8	80
51	1	50
51	2	50
51	3	50
51	4	0
51	5	50
51	6	70
51	7	70
51	8	90
52	1	50
52	2	90
52	3	70
52	4	20
52	5	50
52	6	90
52	7	90
52	8	50
53	1	70
53	2	50
53	3	50
53	4	50
53	5	70
53	6	0
53	7	0
53	8	50
54	1	50
54	2	50
54	3	50
54	4	0
54	5	70
54	6	80
54	7	90
54	8	100
55	1	80
55	2	50
55	3	50
55	4	60
55	5	80
55	6	10
55	7	10
55	8	60
56	1	80
56	2	70
56	3	50
56	4	10
56	5	80
56	6	60
56	7	50
56	8	80
57	1	50
57	2	70
57	3	50
57	4	50
57	5	70
57	6	30
57	7	40
57	8	80
58	1	70
58	2	50
58	3	50
58	4	0
58	5	90
58	6	80
58	7	90
58	8	80
59	1	50
59	2	90
59	3	70
59	4	20
59	5	70
59	6	90
59	7	110
59	8	50
60	1	60
60	2	70
60	3	50
60	4	10
60	5	80
60	6	60
60	7	70
60	8	100
61	1	60
61	2	70
61	3	50
61	4	10
61	5	80
61	6	80
61	7	100
61	8	100
62	1	50
62	2	70
62	3	50
62	4	0
62	5	50
62	6	70
62	7	70
62	8	70
63	1	50
63	2	70
63	3	70
63	4	20
63	5	50
63	6	90
63	7	90
63	8	50
64	1	70
64	2	50
64	3	50
64	4	0
64	5	90
64	6	50
64	7	70
64	8	70
65	1	70
65	2	50
65	3	50
65	4	50
65	5	90
65	6	10
65	7	20
65	8	80
66	1	60
66	2	50
66	3	50
66	4	60
66	5	80
66	6	10
66	7	30
66	8	80
67	1	60
67	2	70
67	3	70
67	4	80
67	5	80
67	6	50
67	7	70
67	8	60
68	1	80
68	2	50
68	3	50
68	4	10
68	5	100
68	6	80
68	7	100
68	8	80
69	1	50
69	2	70
69	3	50
69	4	50
69	5	50
69	6	20
69	7	20
69	8	90
70	1	50
70	2	50
70	3	50
70	4	0
70	5	50
70	6	70
70	7	70
70	8	90
71	1	80
71	2	50
71	3	50
71	4	60
71	5	80
71	6	30
71	7	30
71	8	60
72	1	50
72	2	50
72	3	50
72	4	50
72	5	70
72	6	20
72	7	40
72	8	70
73	1	60
73	2	50
73	3	50
73	4	60
73	5	80
73	6	10
73	7	20
73	8	100
74	1	50
74	2	90
74	3	70
74	4	70
74	5	70
74	6	20
74	7	40
74	8	50
75	1	60
75	2	70
75	3	70
75	4	80
75	5	80
75	6	30
75	7	40
75	8	60
76	1	60
76	2	70
76	3	70
76	4	30
76	5	80
76	6	80
76	7	100
76	8	80
77	1	50
77	2	50
77	3	50
77	4	0
77	5	50
77	6	60
77	7	50
77	8	100
78	1	70
78	2	70
78	3	50
78	4	0
78	5	90
78	6	50
78	7	70
78	8	70
79	1	60
79	2	50
79	3	50
79	4	10
79	5	80
79	6	60
79	7	80
79	8	80
80	1	50
80	2	70
80	3	50
80	4	0
80	5	70
80	6	60
80	7	70
80	8	100
81	1	60
81	2	90
81	3	70
81	4	30
81	5	60
81	6	80
81	7	70
81	8	80
82	1	70
82	2	70
82	3	50
82	4	50
82	5	90
82	6	10
82	7	20
82	8	80
83	1	50
83	2	90
83	3	70
83	4	20
83	5	70
83	6	70
83	7	90
83	8	70
84	1	50
84	2	50
84	3	50
84	4	0
84	5	50
84	6	60
84	7	50
84	8	80
85	1	80
85	2	70
85	3	50
85	4	10
85	5	100
85	6	80
85	7	90
85	8	60
86	1	50
86	2	70
86	3	50
86	4	50
86	5	50
86	6	30
86	7	20
86	8	80
87	1	50
87	2	50
87	3	50
87	4	0
87	5	50
87	6	50
87	7	50
87	8	90
88	1	50
88	2	50
88	3	50
88	4	0
88	5	70
88	6	70
88	7	90
88	8	90
89	1	70
89	2	50
89	3	50
89	4	50
89	5	70
89	6	30
89	7	20
89	8	80
90	1	50
90	2	90
90	3	70
90	4	70
90	5	50
90	6	20
90	7	20
90	8	50
91	1	80
91	2	50
91	3	50
91	4	60
91	5	80
91	6	10
91	7	10
91	8	60
92	1	70
92	2	50
92	3	50
92	4	50
92	5	70
92	6	20
92	7	20
92	8	70
93	1	80
93	2	70
93	3	50
93	4	60
93	5	100
93	6	30
93	7	40
93	8	80
94	1	60
94	2	70
94	3	50
94	4	10
94	5	80
94	6	60
94	7	80
94	8	100
95	1	70
95	2	70
95	3	50
95	4	0
95	5	90
95	6	80
95	7	90
95	8	60
96	1	80
96	2	50
96	3	50
96	4	60
96	5	80
96	6	10
96	7	10
96	8	60
97	1	50
97	2	50
97	3	50
97	4	50
97	5	70
97	6	30
97	7	40
97	8	100
98	1	50
98	2	50
98	3	50
98	4	0
98	5	50
98	6	80
98	7	70
98	8	100
99	1	50
99	2	90
99	3	70
99	4	70
99	5	50
99	6	20
99	7	20
99	8	70
100	1	80
100	2	70
100	3	50
100	4	60
100	5	100
100	6	10
100	7	20
100	8	60
