p	d	Pr(p,d)
1	1	1.00
1	2	1.00
1	3	1.00
1	4	1.00
1	5	1.00
1	6	0.26
1	7	0.15
2	1	1.00
2	2	1.00
2	3	0.49
2	4	0.31
3	1	1.00
3	2	1.00
3	3	0.89
3	4	0.82
4	1	1.00
4	2	1.00
4	3	0.38
4	4	0.21
5	1	1.00
5	2	1.00
5	3	1.00
5	4	0.85
5	5	0.57
6	1	1.00
6	2	1.00
6	3	1.00
6	4	1.00
6	5	1.00
6	6	1.00
6	7	0.68
6	8	0.16
7	1	1.00
7	2	1.00
7	3	1.00
7	4	0.62
7	5	0.31
8	1	1.00
8	2	1.00
8	3	1.00
8	4	0.42
8	5	0.15
9	1	1.00
9	2	1.00
9	3	1.00
9	4	0.64
9	5	0.57
10	1	1.00
10	2	1.00
10	3	1.00
10	4	0.66
10	5	0.40
11	1	1.00
11	2	1.00
11	3	1.00
11	4	0.12
11	5	0.10
12	1	1.00
12	2	1.00
12	3	1.00
12	4	1.00
12	5	1.00
12	6	0.63
12	7	0.62
13	1	1.00
13	2	1.00
13	3	1.00
13	4	0.35
13	5	0.14
14	1	1.00
14	2	1.00
14	3	0.73
14	4	0.59
15	1	1.00
15	2	1.00
15	3	1.00
15	4	1.00
15	5	0.10
15	6	0.07
16	1	1.00
16	2	1.00
16	3	1.00
16	4	1.00
16	5	1.00
16	6	0.55
16	7	0.35
17	1	1.00
17	2	1.00
17	3	0.74
17	4	0.55
18	1	1.00
18	2	1.00
18	3	1.00
18	4	1.00
18	5	0.96
18	6	0.18
19	1	1.00
19	2	1.00
19	3	1.00
19	4	1.00
19	5	1.00
19	6	0.38
19	7	0.35
20	1	1.00
20	2	1.00
20	3	1.00
20	4	1.00
20	5	1.00
20	6	0.28
20	7	0.21
21	1	1.00
21	2	1.00
21	3	0.36
21	4	0.33
22	1	1.00
22	2	1.00
22	3	0.27
22	4	0.21
23	1	1.00
23	2	1.00
23	3	1.00
23	4	1.00
23	5	1.00
23	6	1.00
23	7	1.00
23	8	0.11
23	9	0.06
24	1	1.00
24	2	1.00
24	3	1.00
24	4	1.00
24	5	0.88
24	6	0.08
25	1	1.00
25	2	1.00
25	3	1.00
25	4	1.00
25	5	1.00
25	6	1.00
25	7	0.78
25	8	0.62
26	1	1.00
26	2	1.00
26	3	0.78
26	4	0.76
27	1	1.00
27	2	1.00
27	3	1.00
27	4	1.00
27	5	1.00
27	6	1.00
27	7	1.00
27	8	1.00
27	9	1.00
27	10	1.00
27	11	0.62
27	12	0.44
28	1	1.00
28	2	1.00
28	3	0.22
28	4	0.09
29	1	1.00
29	2	1.00
29	3	0.77
29	4	0.28
30	1	1.00
30	2	1.00
30	3	1.00
30	4	1.00
30	5	1.00
30	6	1.00
30	7	1.00
30	8	1.00
30	9	0.33
30	10	0.13
31	1	1.00
31	2	1.00
31	3	1.00
31	4	0.17
31	5	0.06
32	1	1.00
32	2	1.00
32	3	1.00
32	4	1.00
32	5	1.00
32	6	1.00
32	7	1.00
32	8	1.00
32	9	1.00
32	10	0.98
32	11	0.44
33	1	1.00
33	2	1.00
33	3	1.00
33	4	1.00
33	5	1.00
33	6	1.00
33	7	1.00
33	8	1.00
33	9	1.00
33	10	0.78
33	11	0.10
34	1	1.00
34	2	1.00
34	3	1.00
34	4	1.00
34	5	1.00
34	6	1.00
34	7	1.00
34	8	1.00
34	9	1.00
34	10	0.65
34	11	0.03
35	1	1.00
35	2	1.00
35	3	1.00
35	4	0.77
35	5	0.77
36	1	1.00
36	2	1.00
36	3	0.81
36	4	0.24
37	1	1.00
37	2	1.00
37	3	1.00
37	4	1.00
37	5	0.46
37	6	0.29
38	1	1.00
38	2	1.00
38	3	1.00
38	4	1.00
38	5	1.00
38	6	1.00
38	7	1.00
38	8	1.00
38	9	1.00
38	10	1.00
38	11	0.24
38	12	0.16
39	1	1.00
39	2	1.00
39	3	1.00
39	4	1.00
39	5	1.00
39	6	1.00
39	7	1.00
39	8	1.00
39	9	1.00
39	10	1.00
39	11	0.08
39	12	0.02
40	1	1.00
40	2	0.24
40	3	0.22
41	1	1.00
41	2	1.00
41	3	1.00
41	4	1.00
41	5	0.98
41	6	0.80
42	1	1.00
42	2	0.56
42	3	0.56
43	1	1.00
43	2	1.00
43	3	1.00
43	4	1.00
43	5	1.00
43	6	1.00
43	7	1.00
43	8	1.00
43	9	0.27
43	10	0.18
44	1	1.00
44	2	1.00
44	3	1.00
44	4	1.00
44	5	1.00
44	6	1.00
44	7	1.00
44	8	0.52
45	1	1.00
45	2	1.00
45	3	1.00
45	4	1.00
45	5	1.00
45	6	1.00
45	7	1.00
45	8	1.00
45	9	1.00
45	10	0.05
45	11	0.01
46	1	1.00
46	2	0.94
46	3	0.40
47	1	1.00
47	2	1.00
47	3	1.00
47	4	1.00
47	5	1.00
47	6	1.00
47	7	1.00
47	8	1.00
47	9	1.00
47	10	0.47
47	11	0.26
48	1	1.00
48	2	0.00
48	3	0.00
49	1	1.00
49	2	1.00
49	3	1.00
49	4	1.00
49	5	1.00
49	6	1.00
49	7	1.00
49	8	1.00
49	9	1.00
49	10	1.00
49	11	0.02
49	12	0.01
50	1	1.00
50	2	0.02
50	3	0.01
51	1	1.00
51	2	0.49
51	3	0.35
52	1	1.00
52	2	1.00
52	3	1.00
52	4	0.88
52	5	0.76
53	1	1.00
53	2	1.00
53	3	0.81
53	4	0.08
54	1	1.00
54	2	1.00
54	3	0.20
54	4	0.15
55	1	1.00
55	2	1.00
55	3	0.32
55	4	0.16
56	1	1.00
56	2	0.93
56	3	0.12
57	1	1.00
57	2	1.00
57	3	0.55
57	4	0.29
58	1	1.00
58	2	1.00
58	3	1.00
58	4	1.00
58	5	1.00
58	6	1.00
58	7	0.36
58	8	0.01
59	1	1.00
59	2	1.00
59	3	1.00
59	4	1.00
59	5	0.48
59	6	0.04
60	1	1.00
60	2	1.00
60	3	1.00
60	4	1.00
60	5	1.00
60	6	1.00
60	7	1.00
60	8	0.27
60	9	0.04
61	1	1.00
61	2	1.00
61	3	0.78
61	4	0.04
62	1	1.00
62	2	1.00
62	3	1.00
62	4	0.43
62	5	0.12
63	1	1.00
63	2	1.00
63	3	1.00
63	4	1.00
63	5	0.82
63	6	0.28
64	1	1.00
64	2	0.87
64	3	0.87
65	1	1.00
65	2	1.00
65	3	1.00
65	4	0.33
65	5	0.07
66	1	1.00
66	2	1.00
66	3	1.00
66	4	1.00
66	5	1.00
66	6	1.00
66	7	1.00
66	8	1.00
66	9	0.59
66	10	0.24
67	1	1.00
67	2	1.00
67	3	1.00
67	4	0.74
67	5	0.70
68	1	1.00
68	2	0.08
68	3	0.06
69	1	1.00
69	2	0.68
69	3	0.54
70	1	1.00
70	2	0.14
70	3	0.11
71	1	1.00
71	2	0.42
71	3	0.31
72	1	1.00
72	2	1.00
72	3	1.00
72	4	1.00
72	5	0.73
72	6	0.65
73	1	1.00
73	2	1.00
73	3	1.00
73	4	1.00
73	5	1.00
73	6	1.00
73	7	0.37
73	8	0.21
74	1	1.00
74	2	0.81
74	3	0.70
75	1	1.00
75	2	1.00
75	3	1.00
75	4	0.49
75	5	0.02
76	1	1.00
76	2	0.05
76	3	0.05
77	1	1.00
77	2	1.00
77	3	1.00
77	4	1.00
77	5	1.00
77	6	1.00
77	7	1.00
77	8	1.00
77	9	0.82
77	10	0.27
78	1	1.00
78	2	1.00
78	3	1.00
78	4	0.53
78	5	0.18
79	1	1.00
79	2	1.00
79	3	1.00
79	4	0.20
79	5	0.01
80	1	1.00
80	2	1.00
80	3	1.00
80	4	1.00
80	5	1.00
80	6	1.00
80	7	1.00
80	8	1.00
80	9	1.00
80	10	1.00
80	11	0.09
80	12	0.05
81	1	1.00
81	2	1.00
81	3	1.00
81	4	1.00
81	5	1.00
81	6	0.12
81	7	0.11
82	1	1.00
82	2	1.00
82	3	1.00
82	4	0.30
82	5	0.00
83	1	1.00
83	2	1.00
83	3	1.00
83	4	1.00
83	5	1.00
83	6	0.75
83	7	0.54
84	1	1.00
84	2	1.00
84	3	1.00
84	4	1.00
84	5	0.06
84	6	0.02
85	1	1.00
85	2	1.00
85	3	1.00
85	4	0.90
85	5	0.18
86	1	1.00
86	2	1.00
86	3	1.00
86	4	1.00
86	5	1.00
86	6	1.00
86	7	1.00
86	8	1.00
86	9	1.00
86	10	1.00
86	11	0.47
86	12	0.35
87	1	1.00
87	2	0.29
87	3	0.05
88	1	1.00
88	2	1.00
88	3	1.00
88	4	1.00
88	5	1.00
88	6	1.00
88	7	1.00
88	8	1.00
88	9	0.82
88	10	0.40
89	1	1.00
89	2	1.00
89	3	1.00
89	4	1.00
89	5	0.42
89	6	0.02
90	1	1.00
90	2	1.00
90	3	1.00
90	4	1.00
90	5	1.00
90	6	1.00
90	7	1.00
90	8	0.14
90	9	0.00
91	1	1.00
91	2	1.00
91	3	0.76
91	4	0.55
92	1	1.00
92	2	1.00
92	3	1.00
92	4	0.91
92	5	0.78
93	1	1.00
93	2	1.00
93	3	1.00
93	4	1.00
93	5	1.00
93	6	1.00
93	7	1.00
93	8	1.00
93	9	0.89
93	10	0.46
94	1	1.00
94	2	1.00
94	3	1.00
94	4	1.00
94	5	1.00
94	6	1.00
94	7	1.00
94	8	1.00
94	9	0.08
94	10	0.01
95	1	1.00
95	2	1.00
95	3	0.63
95	4	0.62
96	1	1.00
96	2	1.00
96	3	1.00
96	4	0.35
96	5	0.04
97	1	1.00
97	2	1.00
97	3	1.00
97	4	1.00
97	5	1.00
97	6	1.00
97	7	0.86
97	8	0.01
98	1	1.00
98	2	1.00
98	3	0.91
98	4	0.43
99	1	1.00
99	2	1.00
99	3	1.00
99	4	1.00
99	5	1.00
99	6	1.00
99	7	1.00
99	8	1.00
99	9	1.00
99	10	0.11
99	11	0.04
100	1	1.00
100	2	1.00
100	3	1.00
100	4	1.00
100	5	0.90
100	6	0.04
