p	ad_min	ad_max
1	0	16
2	0	0
3	0	0
4	0	20
5	0	7
6	0	0
7	0	11
8	0	1
9	0	0
10	0	12
11	0	0
12	0	0
13	0	9
14	0	5
15	0	0
16	0	0
17	0	9
18	0	0
19	0	0
20	0	0
21	0	0
22	0	0
23	0	23
24	0	0
25	0	0
26	13	13
27	3	9
28	25	25
29	7	23
30	9	16
31	8	16
32	25	25
33	18	19
34	10	10
35	26	26
36	7	23
37	16	16
38	26	26
39	6	6
40	9	9
41	9	25
42	8	8
43	13	13
44	2	2
45	17	17
46	2	2
47	8	8
48	14	14
49	24	24
50	19	19
51	25	25
52	21	22
53	2	14
54	0	8
55	23	23
56	18	21
57	12	12
58	25	25
59	26	26
60	12	13
61	17	17
62	2	2
63	17	17
64	25	27
65	23	23
66	17	17
67	21	25
68	20	20
69	9	9
70	18	18
71	21	21
72	14	14
73	8	11
74	27	27
75	4	12
76	0	0
77	0	17
78	24	24
79	4	11
80	16	16
81	25	25
82	24	24
83	13	13
84	1	1
85	21	21
86	15	15
87	11	11
88	16	21
89	24	24
90	26	26
91	11	15
92	22	26
93	12	13
94	26	26
95	20	26
96	22	22
97	17	17
98	21	24
99	22	22
100	18	20
101	14	15
102	16	21
103	6	19
104	3	21
105	0	19
106	19	19
107	8	14
108	11	11
109	9	16
110	11	11
111	10	19
112	20	22
113	4	23
114	10	14
115	24	24
116	6	6
117	6	22
118	3	3
119	24	24
120	8	12
121	25	25
122	2	9
123	21	21
124	18	21
125	6	6
126	10	10
127	16	16
128	27	27
129	27	27
130	25	25
131	23	23
132	5	5
133	0	13
134	22	22
135	6	6
136	22	22
137	2	2
138	1	3
139	6	6
140	18	18
141	16	16
142	23	23
143	13	13
144	15	15
145	27	27
146	25	25
147	27	27
148	26	27
149	23	23
150	21	22
151	8	8
152	11	12
153	15	15
154	23	23
155	3	7
156	4	4
157	11	11
158	17	17
159	9	19
160	22	22
161	20	20
162	26	26
163	2	17
164	10	14
165	10	11
166	3	3
167	11	11
168	2	12
169	7	7
170	10	10
171	5	6
172	18	23
173	18	18
174	18	18
175	12	12
176	19	19
177	0	0
178	9	9
179	26	26
180	24	24
181	16	16
182	8	8
183	24	24
184	18	23
185	14	14
186	22	22
187	2	19
188	20	20
189	20	20
190	16	16
191	23	23
192	2	5
193	10	20
194	18	20
195	15	15
196	25	25
197	24	24
198	0	0
199	22	22
200	11	18
201	9	19
202	12	12
203	21	21
204	1	1
205	12	12
206	5	5
207	23	23
208	4	6
209	11	11
210	26	27
211	12	12
212	12	12
213	5	10
214	3	3
215	23	25
216	3	7
217	19	19
218	23	23
219	18	19
220	16	16
221	15	18
222	15	15
223	22	22
224	13	13
225	12	12
226	25	25
227	18	20
228	2	14
229	11	18
230	14	14
231	11	17
232	19	19
233	0	0
234	2	8
235	3	17
236	19	23
237	25	25
238	11	11
239	26	26
240	19	19
241	3	19
242	21	21
243	18	18
244	17	17
245	20	21
246	15	22
247	18	21
248	26	26
249	12	12
250	23	23
251	0	2
252	12	14
253	8	8
254	26	26
255	26	26
256	10	20
257	24	24
258	14	14
259	1	1
260	27	27
261	6	6
262	11	11
263	1	1
264	27	27
265	0	0
266	20	20
267	4	8
268	23	23
269	10	10
270	6	6
271	19	19
272	23	23
273	7	7
274	26	26
275	15	15
276	22	25
277	3	11
278	2	5
279	11	18
280	23	23
281	0	0
282	14	15
283	16	16
284	1	14
285	6	6
286	21	21
287	14	17
288	10	10
289	2	7
290	18	18
291	18	25
292	23	23
293	27	27
294	9	9
295	27	27
296	17	17
297	3	3
298	18	18
299	8	8
300	5	5
301	22	22
302	4	4
303	20	25
304	8	8
305	22	22
306	15	23
307	18	18
308	9	9
309	12	12
310	13	22
311	4	4
312	16	19
313	4	10
314	19	19
315	2	2
316	9	9
317	22	22
318	26	26
319	26	26
320	6	15
321	6	6
322	20	24
323	2	9
324	4	5
325	23	24
326	19	25
327	3	3
328	20	22
329	14	14
330	10	13
331	18	18
332	6	6
333	17	17
334	7	8
335	20	20
336	24	24
337	5	5
338	7	9
339	26	26
340	24	24
341	12	12
342	21	21
343	1	2
344	22	22
345	16	16
346	22	22
347	5	5
348	22	22
349	20	20
350	27	27
351	15	15
352	27	27
353	8	8
354	25	25
355	3	16
356	0	0
357	20	20
358	27	27
359	20	20
360	14	25
361	17	17
362	15	20
363	17	17
364	10	18
365	0	0
366	25	25
367	7	7
368	7	11
369	23	23
370	23	23
371	25	26
372	0	0
373	3	3
374	11	11
375	20	20
376	3	3
377	3	3
378	2	2
379	6	6
380	18	18
381	24	26
382	26	26
383	8	21
384	24	24
385	12	12
386	25	25
387	0	6
388	20	20
389	8	8
390	3	12
391	6	6
392	5	5
393	16	21
394	14	14
395	9	22
396	7	7
397	14	19
398	22	22
399	15	15
400	20	20
401	6	21
402	18	25
403	2	22
404	23	23
405	9	12
406	2	2
407	4	4
408	18	18
409	26	26
410	9	20
411	15	15
412	3	3
413	17	17
414	0	10
415	13	13
416	13	13
417	6	13
418	13	13
419	2	2
420	9	19
421	12	12
422	26	26
423	13	13
424	4	16
425	26	26
426	7	16
427	24	25
428	5	18
429	5	24
430	24	24
431	18	19
432	26	26
433	20	21
434	6	8
435	18	19
436	20	20
437	16	19
438	11	13
439	16	17
440	15	15
441	5	12
442	20	20
443	11	11
444	14	23
445	14	14
446	6	8
447	19	19
448	5	5
449	12	12
450	19	23
451	14	14
452	14	19
453	16	23
454	23	23
455	9	13
456	26	26
457	4	22
458	15	15
459	8	8
460	10	10
461	18	18
462	8	17
463	24	24
464	9	20
465	25	25
466	3	3
467	23	23
468	6	6
469	2	2
470	1	1
471	24	24
472	4	4
473	9	19
474	20	20
475	0	19
476	25	25
477	6	6
478	3	16
479	3	12
480	5	5
481	18	26
482	20	21
483	24	24
484	4	13
485	5	5
486	1	24
487	10	22
488	13	13
489	17	17
490	15	15
491	9	12
492	18	23
493	11	11
494	22	22
495	27	27
496	27	27
497	1	1
498	11	19
499	8	10
500	21	23
